0.462018700751608;	0.052788044504425;	0.057464336958623;	0.051909429763440;	0.047274245412393;	0.046822039933412;	0.067301117676646;	0.057403430979773;	0.034316997746277;	0.029961510707320;	0.089418582471936;	0.113043320573643;	0.063701979964892;	0.070853738032732;	0.069667752576775;	0.075719248819026;	0.017949704438263;	0.017240208392684;	0.016803559683665;	0.016483357705977;	0.016280875430209;	0.016308118196624;	0.016215289419293;	0.016021291749594;	0.015828455974517;	0.016196555062200;	0.016778186747687;	0.016330962515142;	0.016686198142766;	0.017210800698578;	0.016726521854184;	0.017368195872447;	0.017797328913325;	0.017625303684238;	0.018422697273840;	0.019108937082212;	0.018866836842441;	0.019766395141037;	0.020451217074338;	0.021068405206093;	0.021046327419014;	0.022080239282328;	0.022487149774218;	0.023869702247772;	0.024798135174092;	0.025011030931429;	0.025983895200400;	0.026661207294872;	0.027266399248789;	0.028800063974384;	0.030218879945532;	0.030951019349057;	0.030896890448798;	0.031977367849284;	0.032697867660807;	0.033649927452414;	0.034080564030590;	0.035037775259708;	0.036356273295845;	0.037103356640987;	0.037106648260382;	0.037979711344720;	0.039131074405113;	0.040086477151732;	0.040540592902019;	0.040652095709311;	0.041156280047754;	0.041693245747046;	0.042524331588581;	0.042846764515639;	0.043803314736200;	0.044660524731270;	0.045369031268537;	0.045690399532384;	0.045449646112946;	0.046007094297083;	0.046999726619983;	0.048133767375967;	0.049217927800480;	0.050337839028800;	0.051492334665980;	0.052630631988242;	0.053949785364723;	0.055305758913980;	0.056651886968854;	0.060884060401252;	0.062644460136845;	0.063824907835481;	0.064873710602215;	0.066408812134493;	0.067889527067648;	0.069486629082698;	0.071249214590609;	0.072512636774583;	0.073653738618167;	0.074974145692704;	0.076850540458138;	0.079307646648588;	0.082553060219278;	0.085604443039349;	0.088895799974489;	0.092492712058790;	0.096330075533564;	0.100744578257214;	0.104252511402106;	0.108409589749345;	0.113428817600258;	0.118319790265233;	0.124181065378695;	0.130952777408565;	0.138900796478039;	0.144358440534963;	0.153103697547195;	0.163779874016181;	0.173392994107159;	0.183981142145008;	0.198488231643352;	0.210413319443142;	0.257242048426121;	0.339623835594865
0.462343264699920;	0.053047481992264;	0.057743999066678;	0.052163552856546;	0.047506377792684;	0.046894750149319;	0.067380210649173;	0.057479131625072;	0.034380954622163;	0.030021891311515;	0.089494706786560;	0.113121775153736;	0.063760872189271;	0.070912035866434;	0.069725377192517;	0.075777947893705;	0.018012879435500;	0.017303023770635;	0.016868870672217;	0.016550481492389;	0.016350350519204;	0.016381515431648;	0.016290992932246;	0.016097948464439;	0.015906314644036;	0.016279245401681;	0.016865726931545;	0.016419314654834;	0.016777883404644;	0.017307070055440;	0.016821304032013;	0.017467597574443;	0.017900705133163;	0.017729502479179;	0.018529724443552;	0.019223845014126;	0.018981842218083;	0.019888629584529;	0.020570633022975;	0.021191888585967;	0.021171425484647;	0.022211618911898;	0.022627316190222;	0.024016974780037;	0.024950918102015;	0.025163095726709;	0.026140950432634;	0.026814944981884;	0.027425124088051;	0.028965648023152;	0.030391384597639;	0.031127651204380;	0.031078120270529;	0.032164499941031;	0.032890933012315;	0.033847978795793;	0.034278659782393;	0.035239121056966;	0.036563854061901;	0.037315584883611;	0.037314189355674;	0.038192156734219;	0.039349255198333;	0.040309679127537;	0.040767162659436;	0.040879969893909;	0.041388151997931;	0.041929109133630;	0.042764892493360;	0.043089716838889;	0.044051341437142;	0.044913256289156;	0.045625861827159;	0.045949257354330;	0.045709291503178;	0.046270722829389;	0.047268387847372;	0.048407936281776;	0.049497493612441;	0.050622777913599;	0.051782889893606;	0.052926867796744;	0.054252007407974;	0.055614166347418;	0.056966373386453;	0.060961996654546;	0.062724851097311;	0.063907436678327;	0.064958444861251;	0.066496153573025;	0.067979506661562;	0.069579438760707;	0.071344931272151;	0.072610429252777;	0.073753865042875;	0.075076778622591;	0.076956628765947;	0.079417527928692;	0.082667241481563;	0.085722944043483;	0.089018811521691;	0.092620431317513;	0.096462647522329;	0.100882299019499;	0.104395224814454;	0.108557607984905;	0.113582584109893;	0.118479566599402;	0.124347121152214;	0.131125424583211;	0.139080259360259;	0.144544289027037;	0.153296621423829;	0.163979203501296;	0.173598414124474;	0.184192289394945;	0.198704049740786;	0.210633438294382;	0.257463347871336;	0.340739049367339
0.462577347135968;	0.053236127298837;	0.057933860796657;	0.052326922686948;	0.047647596130098;	0.047052917997172;	0.067544307422480;	0.057630239805475;	0.034505251796098;	0.030134558589445;	0.089629219805172;	0.113254966886195;	0.063858015857411;	0.071004775416490;	0.069813042064988;	0.075863545612399;	0.018101421901004;	0.017388220834630;	0.016952461818309;	0.016634500043387;	0.016433637318971;	0.016465224581041;	0.016373709143832;	0.016180884975554;	0.015987571288744;	0.016360882823176;	0.016949791555272;	0.016501385349520;	0.016861147159273;	0.017392994550503;	0.016905533016404;	0.017553967460460;	0.017988793375026;	0.017816585097481;	0.018621108166731;	0.019314240775137;	0.019071159617802;	0.019979318141204;	0.020669088271556;	0.021292671431137;	0.021270813511162;	0.022314438241984;	0.022722619946320;	0.024115956822659;	0.025052391902921;	0.025266661715707;	0.026247707030221;	0.026930783600954;	0.027538317671092;	0.029082511030275;	0.030511905986297;	0.031250012661370;	0.031194934575354;	0.032283447874832;	0.033008713749787;	0.033967654175896;	0.034399889740384;	0.035362101805006;	0.036688715615030;	0.037441686611439;	0.037444983312198;	0.038324449093212;	0.039483398074857;	0.040445109704028;	0.040902801363037;	0.041014627201876;	0.041523108040227;	0.042064253702475;	0.042900508258827;	0.043223473898524;	0.044185768589396;	0.045048088283723;	0.045760718646202;	0.046082856703094;	0.045839645600280;	0.046401343891820;	0.047399638157651;	0.048539892464272;	0.049629955225485;	0.050755584712733;	0.051915998606451;	0.053060150721022;	0.054385441806243;	0.055747674340071;	0.057099745569775;	0.061153296138663;	0.062919278800632;	0.064104023201623;	0.065156942829991;	0.066697200429628;	0.068182947817065;	0.069785434585512;	0.071553326908750;	0.072819105328388;	0.073963093631094;	0.075286582354292;	0.077168593416502;	0.079631894202153;	0.082884525309072;	0.085942726793709;	0.089240963011448;	0.092844813271553;	0.096689004618095;	0.101110573505275;	0.104624587003130;	0.108787901275754;	0.113813744154594;	0.118711158603944;	0.124578620298612;	0.131356273897195;	0.139309740316498;	0.144770956175382;	0.153520357584924;	0.164198406280982;	0.173812124771101;	0.184399607888961;	0.198903571654356;	0.210825031613876;	0.257645096076662;	0.341050000184503
0.462842090441596;	0.053477017611127;	0.058181233733438;	0.052545735177102;	0.047842309432770;	0.047224762071787;	0.067718898568762;	0.057790814777138;	0.034638973636344;	0.030256064456928;	0.089771833512409;	0.113396336731428;	0.063963866938935;	0.071106360828245;	0.069910042048686;	0.075959213696664;	0.018201467850787;	0.017484726296477;	0.017049813937452;	0.016732031539095;	0.016531910402515;	0.016566406414605;	0.016475558394382;	0.016281829432470;	0.016087916129684;	0.016465061004473;	0.017057931446054;	0.016608739347260;	0.016970722782304;	0.017506866233932;	0.017016584699729;	0.017669050286690;	0.018107326431187;	0.017934988878443;	0.018741089851878;	0.019442126318643;	0.019198100370706;	0.020113096165262;	0.020797362499135;	0.021424005875830;	0.021402802366850;	0.022451638521461;	0.022869160566242;	0.024268362150463;	0.025209112835956;	0.025420684038831;	0.026405149466839;	0.027081030598695;	0.027692734859964;	0.029241817998722;	0.030676039861807;	0.031416373699254;	0.031366023234988;	0.032458494681857;	0.033188707774014;	0.034150531287743;	0.034580082096615;	0.035543060732463;	0.036873600974875;	0.037628984116051;	0.037622528381398;	0.038504181797989;	0.039665900968319;	0.040629756588849;	0.041088300066691;	0.041199184618343;	0.041708989653254;	0.042251449908308;	0.043089494381406;	0.043413181819119;	0.044377372736564;	0.045241264907870;	0.045954980747717;	0.046276878047510;	0.046034636226195;	0.046596866506405;	0.047596333868677;	0.048738012708767;	0.049829364847670;	0.050956203646017;	0.052117918155370;	0.053263338764610;	0.054590025453904;	0.055953700842118;	0.057307066179548;	0.061359027469732;	0.063126612390843;	0.064312013927417;	0.065365241377722;	0.066906475107957;	0.068393138302823;	0.069996774403707;	0.071765714185395;	0.073030458209261;	0.074173820092751;	0.075496806799079;	0.077380061048210;	0.079844976133347;	0.083099865086507;	0.086160105602359;	0.089460427604697;	0.093066403811580;	0.096912639750680;	0.101336317114415;	0.104851756791564;	0.109016430406896;	0.114043631358982;	0.118942069812037;	0.124810173372201;	0.131588148964347;	0.139541632671383;	0.145002089965289;	0.153753247101894;	0.164436873963417;	0.174055894797924;	0.184646234858146;	0.199151413089408;	0.211073867397570;	0.257891492363285;	0.341388426457220
0.463132138039341;	0.053755882015839;	0.058465375908088;	0.052797289024092;	0.048066140826953;	0.047422343287484;	0.067916948067695;	0.057972961136916;	0.034793053213563;	0.030395768992265;	0.089932507780077;	0.113555305030605;	0.064084428246461;	0.071222254016934;	0.070019857109308;	0.076066936986233;	0.018662775431406;	0.017593396146176;	0.017156983388225;	0.016840659573301;	0.016640333740485;	0.016676222801726;	0.016584963113000;	0.016392487202698;	0.016197284135703;	0.016575733753157;	0.017172731217709;	0.016721823291979;	0.017085792624368;	0.017625769219884;	0.017133327808119;	0.017788724466694;	0.018229608351226;	0.018056172044652;	0.018867872183089;	0.019568161595431;	0.019322975830973;	0.020240193084401;	0.020934378737448;	0.021564502520540;	0.021541800608609;	0.022595597514558;	0.023003550529755;	0.024407936854418;	0.025352381606147;	0.025566907957398;	0.026556042229722;	0.027244335290621;	0.027852786889557;	0.029407266311007;	0.030846923283542;	0.031590360146173;	0.031532775386151;	0.032628639379302;	0.033357500434033;	0.034322387940004;	0.034754644783332;	0.035720626834356;	0.037054252845085;	0.037811938579219;	0.037814007154840;	0.038698621887921;	0.039863819220604;	0.040830421997206;	0.041290288210969;	0.041400778287799;	0.041912036318264;	0.042455823314738;	0.043295590349478;	0.043616870230698;	0.044583085403879;	0.045448676487303;	0.046163588791224;	0.046484583625440;	0.046236249638316;	0.046800323250744;	0.047802230500124;	0.048946555617088;	0.050040362751533;	0.051169521882815;	0.052333593329580;	0.053481280178081;	0.054810321612935;	0.056176348456765;	0.057531859160700;	0.061583878127811;	0.063354151381539;	0.064541446097448;	0.065598461191608;	0.067144783522353;	0.068636134610679;	0.070244552535388;	0.072018134405389;	0.073284970140887;	0.074430834493432;	0.075756333117942;	0.077644129342037;	0.080113887789414;	0.083374209327203;	0.086439410311965;	0.089744551725830;	0.093355217832367;	0.097205918447985;	0.101634080393360;	0.105153254016199;	0.109321742824205;	0.114353002586374;	0.119255436028725;	0.125127471180321;	0.131909379766822;	0.139866668713224;	0.145329880591348;	0.154083895247917;	0.164768596446264;	0.174388818564532;	0.184980782207114;	0.199486655307121;	0.211409795489350;	0.258224181343975;	0.341777448279975
0.463458799476702;	0.054077701444595;	0.058790542007115;	0.053085639766817;	0.048322847586571;	0.047648986910674;	0.068140305585586;	0.058178738342596;	0.034969013925516;	0.030555578723603;	0.090112693051039;	0.113732801094822;	0.064221896451886;	0.071353973160229;	0.070145057486957;	0.076189899514682;	0.018791095473373;	0.018078802658777;	0.017280606209185;	0.016963729822156;	0.016763750083240;	0.016802809261598;	0.016711789373250;	0.016517392030692;	0.016320921528464;	0.016703418545735;	0.017304530363364;	0.016852246394641;	0.017218037340181;	0.017762663440038;	0.017266390912016;	0.017925838339237;	0.018370349401747;	0.018196360224918;	0.019008976242061;	0.019718137780400;	0.019471514980101;	0.020396116901917;	0.021082922567774;	0.021716158773259;	0.021693906494095;	0.022753161718001;	0.023171538337991;	0.024582246584860;	0.025531488597119;	0.025742806179481;	0.026735697296656;	0.027415256542784;	0.028028280088490;	0.029587986073601;	0.031032819159316;	0.031778722981216;	0.031726895458104;	0.032827175468920;	0.033561825000480;	0.034529978483479;	0.034961589523043;	0.035934409537386;	0.037277763704334;	0.038040998421119;	0.038032448507253;	0.038921283876438;	0.040091181338729;	0.041061609480375;	0.041523733703551;	0.041634171819460;	0.042148268020627;	0.042695058743372;	0.043538483714179;	0.043862227629077;	0.044832271258779;	0.045701345075040;	0.046419173165096;	0.046741515992589;	0.046497271315764;	0.047063584334374;	0.048068511031879;	0.049216179018547;	0.050313176058705;	0.051445430106174;	0.052612715818455;	0.053763560578086;	0.055095901244835;	0.056465257977752;	0.057823860803364;	0.061861796531882;	0.063635774746542;	0.064825471550542;	0.065883012717195;	0.067430528923512;	0.068923468076015;	0.070534141956550;	0.072310069546165;	0.073576623443263;	0.074723094817182;	0.076049563894329;	0.077941046078008;	0.080415202201425;	0.083680975226440;	0.086751598626384;	0.090062389493226;	0.093678946692608;	0.097535705260522;	0.101970299070870;	0.105495417374674;	0.109670173231430;	0.114708112667585;	0.119617248264059;	0.125495906249740;	0.132284369767996;	0.140247987937844;	0.145716424201599;	0.154475697758592;	0.165162702448155;	0.174785253787211;	0.185380930407607;	0.199890258549512;	0.211818012920527;	0.258634540132311;	0.343653905408780
0.463798342978560;	0.054447837710051;	0.059161274863406;	0.053414568482359;	0.048615737649237;	0.047907677384225;	0.070619280367093;	0.058409488392143;	0.035169645951512;	0.030736957135214;	0.090312908331906;	0.113929878153561;	0.064376358532628;	0.071502605368147;	0.070285163552516;	0.076326895761588;	0.018933952617004;	0.018216639275252;	0.017415771983962;	0.017100825358878;	0.016900161925933;	0.016942090039446;	0.016852950953990;	0.016662027029426;	0.016465024242882;	0.016849893177538;	0.017457193790330;	0.017003520151460;	0.017372302909120;	0.017922634763658;	0.017424148854221;	0.018087919665594;	0.018536669213881;	0.018361973205928;	0.019182185236501;	0.019891584071526;	0.019644245248871;	0.020572911959780;	0.021272042801205;	0.021910681478829;	0.021887354115220;	0.022954089020409;	0.023362097782016;	0.024780343812743;	0.025735262590937;	0.025950322042397;	0.026949980233554;	0.027644462479994;	0.028254218436961;	0.029821713005681;	0.031274439362714;	0.032025149705575;	0.031965274821413;	0.033070810244461;	0.033804712366833;	0.034777525482622;	0.035209892562244;	0.036180838960509;	0.037523662055947;	0.038287966977151;	0.038289084633815;	0.039180923208063;	0.040354735613688;	0.041328391025065;	0.041792193838785;	0.041902144496710;	0.042418214503074;	0.042966833192024;	0.043812574242273;	0.044133003304633;	0.045105923451490;	0.045977622751268;	0.046697587080824;	0.047019358705513;	0.046766616821911;	0.047336327524890;	0.048345531383302;	0.049497896359899;	0.050599520381239;	0.051736390841337;	0.052908489035701;	0.054064158919352;	0.055401603895902;	0.056776182432667;	0.058139823404634;	0.062170544775293;	0.063949741647080;	0.065143472722984;	0.066204636848626;	0.067756548549666;	0.069253754383273;	0.070869023447409;	0.072649305136426;	0.073916832483052;	0.075065121982859;	0.076393635799431;	0.078290268887727;	0.080770337850318;	0.084043220115525;	0.087121018928845;	0.090439348283121;	0.094063867043789;	0.097928852622072;	0.102372111497193;	0.105905389324990;	0.110088761278414;	0.115135875906429;	0.120054437681097;	0.125942829472165;	0.132741751284149;	0.140717002676586;	0.146198226531856;	0.154973052038650;	0.165675312309345;	0.175318054215524;	0.185943859904718;	0.200492011772261;	0.212460342807633;	0.259305454358996;	0.345047441067809
0.465328809628826;	0.054913284134002;	0.059624814541220;	0.053827683385018;	0.048984921276324;	0.048228026426213;	0.070928992785528;	0.063962482167895;	0.035420971907497;	0.030966316455696;	0.090565267506428;	0.114178320603878;	0.064574188613649;	0.071692729920339;	0.070466025279490;	0.076504710408067;	0.019134279570662;	0.018393870183873;	0.017991857541181;	0.017279213389458;	0.017079080477065;	0.017124193381569;	0.017032698003873;	0.016837285149483;	0.016637331498138;	0.017026493085920;	0.017638448836031;	0.017182347811294;	0.017552606764928;	0.018108632960114;	0.017604456328748;	0.018272616543960;	0.018725553274829;	0.018549526377452;	0.019370027387510;	0.020090050357066;	0.019840362745926;	0.020777656204783;	0.021467057540598;	0.022109290511507;	0.022086046487953;	0.023159266937302;	0.023578795000467;	0.025004564957602;	0.025965406918226;	0.026176641087082;	0.027181243177834;	0.027865599063011;	0.028480671997974;	0.030054903670560;	0.031514470011468;	0.032268936412072;	0.032216707770250;	0.033328625483050;	0.034070644917022;	0.035048692306389;	0.035479556336742;	0.036455915762154;	0.037808004335983;	0.038578221091409;	0.038565578257822;	0.039462079618714;	0.040641219761854;	0.041619256158773;	0.042085729383559;	0.042195442815985;	0.042714796519589;	0.043266796663077;	0.044116530348871;	0.044439606172509;	0.045416654739797;	0.046292114013072;	0.047015208197978;	0.047338403368298;	0.047091868423225;	0.047664069665561;	0.048676690688351;	0.049832929599438;	0.050938372144465;	0.052079072384754;	0.053255263990780;	0.054415087853987;	0.055757080184606;	0.057136429367464;	0.058504724560524;	0.062526833444512;	0.064311599964351;	0.065509814164633;	0.066575271463659;	0.068132718490983;	0.069635590565036;	0.071257145795062;	0.073043513654772;	0.074313232440944;	0.075464815734903;	0.076796837874380;	0.078700609243475;	0.081188625297032;	0.084470764848265;	0.087558016677284;	0.090886318856160;	0.094521589826633;	0.098398201155021;	0.102867888543001;	0.106491066451859;	0.110753470643158;	0.115871691609844;	0.120857863070771;	0.126810480008151;	0.133670153358435;	0.141701746098024;	0.147228546814430;	0.156041973572732;	0.166770241067213;	0.176434318099517;	0.187081926401591;	0.201645128649950;	0.213616825819945;	0.260458652219411;	0.347620941551665
0.465716262254596;	0.055449468815469;	0.060152922438038;	0.054296744925723;	0.049402820261390;	0.048597364498959;	0.071278340119690;	0.064283317956118;	0.041501738439939;	0.031223651635684;	0.090839885517119;	0.114447316286338;	0.064790340845007;	0.071900916238871;	0.070661069718270;	0.076694677542659;	0.019343073956508;	0.018611956707095;	0.018177035710373;	0.017918902863547;	0.017265440170832;	0.017312217483279;	0.017220187429419;	0.017027951257318;	0.016826096391174;	0.017216857026858;	0.017836069646792;	0.017377930751894;	0.017751264948439;	0.018314271767985;	0.017807126156903;	0.018480000831344;	0.018938054398913;	0.018760963567455;	0.019590304609575;	0.020310130329556;	0.020059518677534;	0.021001390288908;	0.021705590272884;	0.022354285945975;	0.022329484890701;	0.023411527414792;	0.023817240141871;	0.025251535008508;	0.026218921789009;	0.026434359483422;	0.027446686685752;	0.028148660623925;	0.028758686122189;	0.030341431119097;	0.031809631910524;	0.032569280890854;	0.032506825436655;	0.033624331783928;	0.034364797985398;	0.035347733329242;	0.035781501078460;	0.036761746970595;	0.038118762470399;	0.038893244808463;	0.038893539624909;	0.039795585548992;	0.040981129762787;	0.041964538078032;	0.042434463865101;	0.042544710967879;	0.043067742481177;	0.043623393404164;	0.044477313495787;	0.044796923646309;	0.045778482794293;	0.046658048430108;	0.047384494769547;	0.047765104397772;	0.047638750002523;	0.048272584539297;	0.049323029476103;	0.050510163298331;	0.051641539424966;	0.052806676691321;	0.054009789074182;	0.055200090117735;	0.056573741750983;	0.057985210074335;	0.059385280137439;	0.063268434223685;	0.065084462312115;	0.066310718445874;	0.067403258338361;	0.068990576144741;	0.070523740223554;	0.072176844027499;	0.073994628340209;	0.075286644228584;	0.076462875802896;	0.077820355456295;	0.079759260179802;	0.082285670022727;	0.085610796383201;	0.088741679222727;	0.092115069387056;	0.095796688455142;	0.099719727797811;	0.104221874869045;	0.107809274945138;	0.112046785421351;	0.117147851881455;	0.122117500173685;	0.128054174267135;	0.134898095259213;	0.142913996316030;	0.148425536431087;	0.157227819590313;	0.167945516317175;	0.177603414806388;	0.188250916081753;	0.202815870979660;	0.214790228469972;	0.261636521471907;	0.350928761747303
0.466408199002357;	0.056062343555530;	0.060749242597946;	0.054829487251878;	0.049878516725569;	0.049017951238495;	0.071671972982309;	0.064647019310855;	0.041829108718198;	0.040503074548657;	0.098510179729659;	0.114756460340724;	0.065045859744307;	0.072146174100002;	0.070893976134144;	0.076923205102945;	0.019590487905870;	0.018837581739903;	0.018435579927413;	0.018146938701223;	0.017972008777897;	0.018120635221776;	0.017451089201265;	0.017253192945643;	0.017048011104988;	0.017444447459286;	0.018069325549010;	0.017608342274111;	0.017982919524257;	0.018553213665857;	0.018038959715416;	0.018717127107506;	0.019180807915135;	0.019002437125620;	0.019831868728334;	0.020565442328271;	0.020312554609070;	0.021265576993538;	0.021987991851478;	0.022706209374564;	0.022713575575515;	0.023831185715547;	0.024269949698523;	0.025734137562578;	0.026727881131305;	0.026954532851330;	0.027997006966520;	0.028708674245387;	0.029342673329161;	0.030960441203753;	0.032463962884320;	0.033250071313728;	0.033213223168356;	0.034363093843165;	0.035135161239454;	0.036146425771296;	0.036587529485313;	0.037586525140436;	0.038973698567274;	0.039773214521988;	0.039762576963191;	0.040690189686765;	0.041904378229702;	0.042913840907340;	0.043404043643664;	0.043525548413214;	0.044070715871722;	0.044648871726901;	0.045528104631866;	0.045863051915000;	0.046871471638947;	0.047776826119135;	0.048527033616322;	0.048866127873640;	0.048626317477341;	0.049226632936644;	0.050272363687227;	0.051463998320262;	0.052604361469667;	0.053779962672110;	0.054992050254082;	0.056187725082045;	0.057567473451283;	0.058985310499991;	0.060391199357449;	0.064246971744288;	0.066072256968062;	0.067305266151320;	0.068405074482171;	0.070003389125104;	0.071547752498882;	0.073213851553231;	0.075044234491661;	0.076338309499255;	0.077519025436353;	0.078880493637474;	0.080831515052633;	0.083369945816273;	0.086707468350117;	0.089848530252843;	0.093230157653852;	0.096918612530033;	0.100847388962351;	0.105354831735485;	0.108946497483030;	0.113192695205092;	0.118306115581568;	0.123291428195572;	0.129248608568397;	0.136118615285710;	0.144166633079949;	0.149712575132871;	0.158553698129927;	0.169308979472415;	0.179013563123893;	0.189723735969455;	0.204360170972342;	0.216399852760948;	0.263308455626429;	0.355195449804690
0.467596690820341;	0.056906768140471;	0.061626191883517;	0.055666725077259;	0.050669231132641;	0.049611269571328;	0.072258655015975;	0.065213024342221;	0.042352021012410;	0.040992950732652;	0.099062247087519;	0.123083364465001;	0.065503125207163;	0.072599852696938;	0.071332034976701;	0.077361990708273;	0.020061102464620;	0.019317706861528;	0.018907033834417;	0.018661264437061;	0.018475224916035;	0.018644953711255;	0.018591119110763;	0.017780167432517;	0.017578287985527;	0.017991490460690;	0.018645027132756;	0.018185512587710;	0.018577567207839;	0.019176824828845;	0.018658623788236;	0.019360983524400;	0.019848567640024;	0.019674206938105;	0.020533271775122;	0.021287940236254;	0.021037856676290;	0.022021620951381;	0.022743372472255;	0.023424996044293;	0.023405988150933;	0.024535162304909;	0.024954325590640;	0.026440511105257;	0.027450427190664;	0.027674531451973;	0.028729609665255;	0.029452147123097;	0.030078717599367;	0.031713845714010;	0.033234862888669;	0.034029506865210;	0.033975430509475;	0.035136773789305;	0.035907709603728;	0.036929162987159;	0.037374078035587;	0.038385108611987;	0.039787627512289;	0.040597419973286;	0.040602760747911;	0.041542308688181;	0.042770587668816;	0.043791486301520;	0.044288283230519;	0.044408820847917;	0.044961375970620;	0.045547044612384;	0.046435276593903;	0.046762655403435;	0.047780654514546;	0.048694626310341;	0.049451666987218;	0.049788346989599;	0.049521717694173;	0.050128380455132;	0.051183076595276;	0.052384833434994;	0.053535139705369;	0.054720753226565;	0.055943398720404;	0.057149581640287;	0.058541130303704;	0.059971356346026;	0.061389369778455;	0.065234976916736;	0.067075232556097;	0.068320469292403;	0.069431976462413;	0.071044665976264;	0.072603082482048;	0.074283426207725;	0.076126207330399;	0.077421607856217;	0.078607728851628;	0.079976301152235;	0.081946924515875;	0.084510513636065;	0.087880566552528;	0.091058655430266;	0.094482537526630;	0.098219319228119;	0.102202384603620;	0.106779861847348;	0.110483258534209;	0.114827053877040;	0.120026892743592;	0.125088019813328;	0.131111500328878;	0.138037079936466;	0.146129039224206;	0.151698928824594;	0.160551323512349;	0.171303992771293;	0.181004302959258;	0.191714299721731;	0.206348827445252;	0.218381354850437;	0.265306019641328;	0.360773174826283
0.469501976541190;	0.058773786704079;	0.063432720016478;	0.057227418561967;	0.052025767433084;	0.050831767787031;	0.073402284458640;	0.066265498582556;	0.043266508764380;	0.041814634625481;	0.099944984219623;	0.123940301588737;	0.085064804397452;	0.073245124443526;	0.071938815197855;	0.077951104938843;	0.020999599223029;	0.020240398255481;	0.019486443643936;	0.019242407250926;	0.019064039457172;	0.019248511773310;	0.019195158200267;	0.018991033546473;	0.018130138277633;	0.018554713299964;	0.019223997345397;	0.018756970887893;	0.019153269661231;	0.019770632065077;	0.019236485183544;	0.019951608260633;	0.020452722601053;	0.020274446052379;	0.021139225678128;	0.021918859863803;	0.021662841318976;	0.022669650418953;	0.023378695927134;	0.024073598114289;	0.024053814525254;	0.025204289336657;	0.025637959496594;	0.027147031191153;	0.028175320294896;	0.028394080240363;	0.029466474789981;	0.030179647067927;	0.030813086911896;	0.032469160178033;	0.034011021518081;	0.034817250863847;	0.034772290127404;	0.035950745913340;	0.036737687289921;	0.037772616340771;	0.038208686410996;	0.039223244023402;	0.040641291088132;	0.041462713904061;	0.041437841048394;	0.042387395969419;	0.043627962154388;	0.044658898869358;	0.045161757638728;	0.045280222960832;	0.045840608132615;	0.046434936801570;	0.047333651433369;	0.047665555814077;	0.048694966775923;	0.049619978741343;	0.050386891083592;	0.050771174037369;	0.050626804708794;	0.051297390855878;	0.052400581113618;	0.053647111736257;	0.054838703113867;	0.056064977021205;	0.057331459983137;	0.058584778179997;	0.060025443759248;	0.061504884393180;	0.062970250214824;	0.066687001057790;	0.068573536498909;	0.069859570045169;	0.071010218390664;	0.072666131826999;	0.074267588929857;	0.075992980331921;	0.077879376913141;	0.079199873161280;	0.080413007757919;	0.081806921860404;	0.083816402479903;	0.086419071210440;	0.089828787535782;	0.093041224420332;	0.096494455239983;	0.100255521318650;	0.104257164739051;	0.108837472891561;	0.112494886932830;	0.116811125917577;	0.121996934705276;	0.127052294739112;	0.133081597939866;	0.140024396578995;	0.148145376800614;	0.153747741293815;	0.162637939257745;	0.173429090781970;	0.183181507579858;	0.193963349529620;	0.208679910734093;	0.220784543424426;	0.267809498704278;	0.367826955046760
0.472177668583258;	0.060538043447075;	0.065164843682104;	0.058762714156979;	0.053401493086344;	0.052042045508385;	0.076628499396782;	0.072199807148210;	0.044210908491062;	0.042663669580206;	0.100832242904247;	0.124809472639875;	0.085777468560128;	0.095724358764859;	0.072582529781790;	0.078577917075278;	0.021677732243149;	0.020868257453241;	0.020489627110611;	0.020051423087211;	0.019689658445488;	0.019880064933420;	0.019841898908863;	0.019651596776413;	0.019425569641341;	0.019879201768738;	0.019845517318328;	0.019369377067336;	0.019770104877611;	0.020405821540171;	0.019858348472623;	0.020583615120332;	0.021097601009835;	0.020913857439737;	0.021795699024401;	0.022578734738269;	0.022317370507279;	0.023337041014718;	0.024075551014927;	0.024795400951926;	0.024777785409315;	0.025959008484107;	0.026370068362485;	0.027910626865519;	0.028967135263366;	0.029204449739039;	0.030311965404120;	0.031076338504892;	0.031714319984924;	0.033413433553556;	0.035000548136097;	0.035843279678106;	0.035801820479159;	0.037024052414612;	0.037840545730765;	0.038918918585151;	0.039382593597030;	0.040436093325908;	0.041902713705387;	0.042767764870530;	0.042779690856174;	0.043775552092220;	0.045066569675806;	0.046144006242368;	0.046685274718550;	0.046828383941380;	0.047428079514111;	0.048062360801270;	0.049004242188893;	0.049351475944420;	0.050424370570777;	0.051390815210305;	0.052195358387828;	0.052556199981163;	0.052284726504649;	0.052932258043164;	0.054036525702798;	0.055291255578809;	0.056493420746145;	0.057730537803564;	0.059005078550977;	0.060261512917323;	0.061706316485267;	0.063189850914402;	0.064658697122081;	0.068360240889115;	0.070256706977764;	0.071549293578861;	0.072707164359502;	0.074375497385230;	0.075989800757800;	0.077729736697506;	0.079629208107389;	0.080945587801835;	0.082159478285656;	0.083556833418341;	0.085588580347411;	0.088220714818804;	0.091669189290897;	0.094926177298308;	0.098430724234344;	0.102251346694913;	0.106320531370570;	0.110984639033477;	0.114763126185943;	0.119186693546711;	0.124467735303518;	0.129605226406211;	0.135708129924910;	0.142714547270141;	0.150889281824594;	0.156520686833375;	0.165424351450987;	0.176217956564493;	0.185979540537425;	0.196784636287103;	0.211533158633333;	0.223665745661011;	0.270788697246774;	0.376602541315816
0.473860934605710;	0.064023104480925;	0.067069002550678;	0.060482582949211;	0.054926830461354;	0.053403615719324;	0.077863601351760;	0.073352208121984;	0.050675706581500;	0.050131842832102;	0.107392968299874;	0.125719980480372;	0.086566637951508;	0.096483862904005;	0.097573672092924;	0.107546229785829;	0.022416984130583;	0.021579204396128;	0.021198387964231;	0.020978927553431;	0.020845570412991;	0.021155077496564;	0.020610769420948;	0.020381671910583;	0.020176288817945;	0.020656638458964;	0.021326488107374;	0.020892564815851;	0.020524588389013;	0.021195904709958;	0.020641871253942;	0.021397249862371;	0.021945218475353;	0.021772491815020;	0.022677195060519;	0.023516320774887;	0.023266018686969;	0.024340778908071;	0.025089143347343;	0.025861577100983;	0.025862418483120;	0.027095411009914;	0.027540359203549;	0.029132665250620;	0.030232229328150;	0.030471221023670;	0.031616585210671;	0.032378321147268;	0.033029287518373;	0.034769021984312;	0.036394742670383;	0.037259153709529;	0.037220216306097;	0.038468846490907;	0.039300925409506;	0.040398088106687;	0.040850731928017;	0.041912658296918;	0.043401520147612;	0.044280071027652;	0.044264086808437;	0.045271088991032;	0.046576435049193;	0.047663828157304;	0.048208266237659;	0.048340350809335;	0.048944051572236;	0.049583088481333;	0.050531842068306;	0.050871201043510;	0.051951434868331;	0.052924002444625;	0.053732500408469;	0.054115285828232;	0.053926381273678;	0.054620015136667;	0.055764649083646;	0.057060230580495;	0.058302954473236;	0.059582353329344;	0.060903966585511;	0.062212058172893;	0.063713317124458;	0.065255294126437;	0.066782185106175;	0.070384478797742;	0.072338223950118;	0.073682701869818;	0.074891304913530;	0.076615558393998;	0.078285362835792;	0.080082538487888;	0.082036954222361;	0.083382671038943;	0.084626365902265;	0.086052923313201;	0.088133252786230;	0.090815181167211;	0.094314931423815;	0.097617933975530;	0.101163985219254;	0.105022309052945;	0.109125711864593;	0.113814047410546;	0.117584844421102;	0.122020063029705;	0.127326258533210;	0.132495468205002;	0.138642694680751;	0.145702837507201;	0.153939424104553;	0.159619808223701;	0.168563264745389;	0.179390538491078;	0.189198376852786;	0.200068616063579;	0.214893207782349;	0.227089026384189;	0.274373467902802;	0.387307485963683
0.476239481330935;	0.067332863001763;	0.071294198585685;	0.062670557208725;	0.056956243865683;	0.055091813891521;	0.079427821363872;	0.074820842648009;	0.052053594241702;	0.053242378696821;	0.109993292761285;	0.134431770465379;	0.091096854134707;	0.097561580402345;	0.098636786113202;	0.108596027152796;	0.056260370762774;	0.023000453143728;	0.022260845282143;	0.022099803014750;	0.021950716949376;	0.022278020296647;	0.022294976583892;	0.021903778349436;	0.021308374358774;	0.021801660105546;	0.022560284511471;	0.022119001069414;	0.022507135909855;	0.023256934782346;	0.021806371867692;	0.022580450507951;	0.023157672276320;	0.022972289489735;	0.023897755345198;	0.024752178286663;	0.024486609752687;	0.025587585810164;	0.026337413826250;	0.027112122098371;	0.027095412965932;	0.028359704092071;	0.028779459201429;	0.030406658717103;	0.031534779894466;	0.031774062121478;	0.032950955467860;	0.033739596483352;	0.034384101192249;	0.036163363443815;	0.037829954396824;	0.038722846907829;	0.038676285308016;	0.039961624135414;	0.040813979074310;	0.041946300502227;	0.042411687713806;	0.043505618635712;	0.045040245324866;	0.045959366145026;	0.045975491727429;	0.047029638515597;	0.048388371758105;	0.049526406839475;	0.050114987505867;	0.050275648156085;	0.050926833972869;	0.051616034311892;	0.052619687314697;	0.052976237737643;	0.054113302824784;	0.055142075081252;	0.056003719414794;	0.056398126348455;	0.056116504184436;	0.056820567494027;	0.057989441642311;	0.059312719467040;	0.060582782386861;	0.061888582195815;	0.063233288197750;	0.064558948326006;	0.066078958047279;	0.067638822464153;	0.069182189260443;	0.072758222790656;	0.074736363896755;	0.076101119314012;	0.077331230423887;	0.079084306283356;	0.080784559531913;	0.082615329015313;	0.084602805002324;	0.085957708641616;	0.087213721948242;	0.088659389672902;	0.090785169090140;	0.093521369269569;	0.097085040894072;	0.100455562667589;	0.104072747294178;	0.108006454479554;	0.112188533083730;	0.116960195328466;	0.120820764997506;	0.125339726830882;	0.130722852153104;	0.135958529460801;	0.142172954258471;	0.149298981682244;	0.157601603444850;	0.163322023648575;	0.172287441467790;	0.183131203738842;	0.192972524041555;	0.203899216735230;	0.218797718006535;	0.231057305910392;	0.278560051995142;	0.400888655305517
0.479961235146518;	0.071893597213727;	0.076285451844022;	0.067783915451034;	0.059863302580023;	0.057719362437015;	0.082864747477693;	0.079604812118647;	0.053960257353816;	0.054950027512869;	0.111723506403056;	0.136078786451991;	0.106561341309403;	0.114306365900579;	0.099862869135973;	0.109781814345347;	0.057811496178129;	0.058281162599795;	0.060566052630543;	0.023519348629532;	0.023145322070556;	0.023493965130355;	0.023514632308659;	0.023340693693886;	0.023122808309509;	0.023661600491760;	0.023808522610774;	0.023362181229298;	0.023764525765142;	0.024553036393754;	0.023909007276782;	0.024729836614894;	0.024363596407101;	0.024170593426830;	0.025108616323147;	0.026016920590615;	0.025746280208370;	0.026890384416595;	0.027641595065272;	0.028464340263469;	0.028461333060766;	0.029785146096639;	0.030225726924677;	0.031916552451361;	0.033103415966057;	0.033359200929459;	0.034596894361423;	0.035407175443628;	0.036076844152780;	0.037923307493067;	0.039656312531877;	0.040597253348863;	0.040577311381838;	0.041919116045703;	0.042816794116206;	0.043995511193632;	0.044459313304058;	0.045578188144161;	0.047158684213684;	0.048111251536075;	0.048081700647750;	0.049160752895051;	0.050547352894970;	0.051706074179310;	0.052305226489209;	0.052453828756387;	0.053114369732913;	0.053813832122862;	0.054830502628629;	0.055183044781387;	0.056332887824294;	0.057373152761357;	0.058243931228570;	0.058659517835714;	0.058477987277650;	0.059228251008535;	0.060442270968298;	0.061812750734300;	0.063130275179641;	0.064485659286679;	0.065884037116999;	0.067266227552840;	0.068847718344000;	0.070469675363312;	0.072073212118458;	0.075562172013747;	0.077601167849415;	0.079019883701228;	0.080302260617092;	0.082113000115409;	0.083869716642878;	0.085757659842381;	0.087798863977945;	0.089173628084056;	0.090444171723840;	0.091910447094803;	0.094085676129091;	0.096876369734976;	0.100499930105413;	0.103929027897142;	0.107604541989408;	0.111598061238038;	0.115841995528668;	0.120675253912260;	0.124589717445820;	0.129172746090067;	0.134623718114991;	0.139922756913038;	0.146209404236174;	0.153411567386559;	0.161794616818386;	0.167563174876931;	0.176552167028886;	0.187414850691429;	0.197295194746813;	0.208285382338893;	0.223268803342130;	0.235601037140967;	0.283398163504858;	0.417283428086641
0.483259512659949;	0.077542680970184;	0.080894652030856;	0.072600532803463;	0.064790757396701;	0.060447257598637;	0.086223591393519;	0.083849209426255;	0.060998700964853;	0.062684216085751;	0.118722161828439;	0.137861177840344;	0.108080439940090;	0.120475528941968;	0.123564766525306;	0.136994413056305;	0.059787111233313;	0.059689953518434;	0.062005848591001;	0.064595481383451;	0.066775650213574;	0.025948050269192;	0.025131127032631;	0.024790978749800;	0.024548694771178;	0.025098782051724;	0.025973324767415;	0.025555571652958;	0.025474340186107;	0.026358553837642;	0.025475257595371;	0.026334893823505;	0.026973408024097;	0.026829689501004;	0.027853732166747;	0.027662451429733;	0.027393326428595;	0.028591786464102;	0.029403318694026;	0.030269534133330;	0.030260995345102;	0.031641592257690;	0.032041739660356;	0.033786350878315;	0.035016415584257;	0.035274998326937;	0.036555993751400;	0.037412878562329;	0.038060503517943;	0.039955970820622;	0.041737705584436;	0.042710617193975;	0.042656973293045;	0.044037848175555;	0.044943435902459;	0.046159164954028;	0.046637006368043;	0.047795115922035;	0.049428272957831;	0.050426293152169;	0.050457314219185;	0.051591655478085;	0.053041249360234;	0.054259351032171;	0.054910227635647;	0.055085354685355;	0.055798841338553;	0.056554160012583;	0.057631393093746;	0.057988070238717;	0.059198099058299;	0.060296691305358;	0.061221139004377;	0.061647501329355;	0.061355587638718;	0.062127595616655;	0.063376998663817;	0.064786982662872;	0.066144293238709;	0.067540140435844;	0.068977829205997;	0.070396280778155;	0.072018747904415;	0.073682402412188;	0.075327256848395;	0.078778334049069;	0.080865531147109;	0.082328169048480;	0.083655970602890;	0.085520469325381;	0.087332290860003;	0.089278050413336;	0.091375719278135;	0.092772475855092;	0.094055572937764;	0.095550106120874;	0.097785107152773;	0.100643626033183;	0.104342382911857;	0.107846556310369;	0.111597341379779;	0.115667829951948;	0.119990653076719;	0.124902528638553;	0.128889539490411;	0.133551237711669;	0.139080987739188;	0.144450167911828;	0.150817533053359;	0.158105153731817;	0.166579826865536;	0.172398713858951;	0.181405806623068;	0.192285045657727;	0.202207190239814;	0.213266276474874;	0.228346332820593;	0.240762605578284;	0.288951258105855;	0.435198185400727
0.486763553621398;	0.083709551800205;	0.087871333403221;	0.077769114009056;	0.070124528449669;	0.065713453299620;	0.089216874446449;	0.086781793020686;	0.063855546312042;	0.067209737563159;	0.122539764220107;	0.147280254248497;	0.115871180802517;	0.124597640359118;	0.125385044218337;	0.138743275132201;	0.091146777270179;	0.070505350039373;	0.074139551938046;	0.066464254277511;	0.068552929459492;	0.071162425565688;	0.072605367852333;	0.027667836580284;	0.026646552642761;	0.027259649554623;	0.027827965008685;	0.027383900808106;	0.027888643633911;	0.028821877588009;	0.027889814641626;	0.028804778931136;	0.028900966664917;	0.028738777204387;	0.029759067024336;	0.030781565321526;	0.030553616156692;	0.031868106680652;	0.031251799864400;	0.032158886045604;	0.032156160892783;	0.033604745620307;	0.034061680468651;	0.035880149998424;	0.037180039639168;	0.037443615610155;	0.038796623932554;	0.039647322094985;	0.040329670782375;	0.042306417336004;	0.044168111134848;	0.045200075731607;	0.045193633584754;	0.046646265129261;	0.047609900062893;	0.048883691822729;	0.049351065366218;	0.050538269479515;	0.052231530030188;	0.053275079854534;	0.053234391837828;	0.054405549741039;	0.055897063828174;	0.057150175345270;	0.057826386315885;	0.057986489869000;	0.058725139285988;	0.059509318566573;	0.060620827367098;	0.060987474473250;	0.062233288983430;	0.063367978722765;	0.064327048682010;	0.064787236199679;	0.064581325563654;	0.065400830400014;	0.066701576731890;	0.068165373493629;	0.069576288310864;	0.071027303340969;	0.072521305031862;	0.073995110100616;	0.075678118177905;	0.077401661955395;	0.079104056742664;	0.082496775236518;	0.084645334832533;	0.086163253449924;	0.087546306030591;	0.089473254734995;	0.091347571047116;	0.093357205544238;	0.095516560167862;	0.096933640680210;	0.098214738386851;	0.099732022318117;	0.102030433583330;	0.104961317284815;	0.108740019260290;	0.112323984115851;	0.116154907055413;	0.120307883209132;	0.124716190230002;	0.129713493275700;	0.133779701303936;	0.138529243056983;	0.144147310994597;	0.149594213929370;	0.156053872819136;	0.163440510155861;	0.172022835464911;	0.177896987122316;	0.186917155872566;	0.197810529817155;	0.207777273092159;	0.218910819581487;	0.234100189654380;	0.246611017224117;	0.295305154976435;	0.453647334164742
0.491629807337146;	0.091306019234565;	0.095578003528026;	0.085958899618973;	0.076531874558330;	0.071792101323954;	0.095999355509584;	0.093509764740980;	0.068856028407260;	0.071983135444308;	0.127165026131313;	0.149813476717146;	0.128711309475646;	0.141518182666747;	0.137714371843771;	0.153261841776447;	0.093366498776786;	0.094782451885066;	0.099407225985710;	0.091892331009111;	0.096354451579982;	0.073543164805937;	0.074604465919249;	0.076662958151967;	0.077440619695862;	0.030242115683022;	0.030873486323056;	0.030509292152154;	0.030052824063439;	0.031086931866814;	0.030270718794255;	0.031203495463497;	0.031926216312698;	0.031809009018005;	0.032932514295194;	0.033064267037340;	0.032836871845735;	0.034204475288002;	0.035080511038601;	0.036089129573387;	0.036135865477654;	0.037720237908421;	0.036461776950280;	0.038356990888484;	0.039724653698130;	0.040014710176404;	0.041442524400817;	0.042343043648329;	0.042991605564359;	0.045038895571071;	0.046970635874791;	0.048054394783561;	0.048005467276372;	0.049518345077257;	0.050462886073656;	0.051790992184464;	0.052282230658305;	0.053525717973273;	0.055289950266260;	0.056393241190445;	0.056424438121113;	0.057660335113908;	0.059223797235796;	0.060542548217989;	0.061274717140817;	0.061425646283626;	0.062216019311180;	0.063055101263834;	0.064225980992274;	0.064585121474527;	0.065887793430396;	0.067077440877215;	0.068087005025263;	0.068564920578861;	0.068286195505047;	0.069145246994424;	0.070496747280498;	0.072015508719877;	0.073482090714196;	0.074991063485121;	0.076543360639048;	0.078073606028507;	0.079820188767162;	0.081607463052080;	0.083372325933913;	0.086723116127648;	0.088939427325229;	0.090520028283026;	0.091966816952786;	0.093965531353916;	0.095912016958886;	0.097994972832573;	0.100225637806440;	0.101668904248343;	0.102936709305753;	0.104485588773289;	0.106853902346928;	0.109864984144207;	0.113731596015114;	0.117403048917174;	0.121321404287216;	0.125564120480971;	0.130065452796475;	0.135155009828305;	0.139306313835503;	0.144150907561518;	0.149863545500203;	0.155390907699096;	0.161949420254629;	0.169443378965116;	0.178144540374113;	0.184071422861044;	0.193091737088280;	0.203990975686922;	0.214000404765202;	0.225208573914181;	0.240515593393716;	0.253128249271446;	0.302462455484148;	0.473290405065984
0.495855109657351;	0.100352723901712;	0.103783014691601;	0.093416293195213;	0.084578712526477;	0.078589316017216;	0.101991405862221;	0.100298041064823;	0.075920633074916;	0.080521207481514;	0.134497769830166;	0.157683013792701;	0.134452762903211;	0.147092644060274;	0.150519101083165;	0.166830522642822;	0.118503680238230;	0.102760634517478;	0.108269856252511;	0.106850131376341;	0.110902543411962;	0.112321060644542;	0.115492235869477;	0.079801080801813;	0.080040893000708;	0.082740090818057;	0.084778384639579;	0.086504865914434;	0.033930248704419;	0.035083257383559;	0.033305843045270;	0.034319514453190;	0.034584316080861;	0.034437799644996;	0.035533467750986;	0.036745733665977;	0.036538900993272;	0.038031677722771;	0.037700902004416;	0.038774372948785;	0.038846340093526;	0.040536840951142;	0.040824757899797;	0.042838204789297;	0.044342677780720;	0.044667484949044;	0.046224599312549;	0.045409509830681;	0.046105141495912;	0.048259104367491;	0.050293837095050;	0.051456581739727;	0.051467209037857;	0.053070177892088;	0.053953161209822;	0.055351209578023;	0.055831023099385;	0.057115791749733;	0.058958490905700;	0.060123833768446;	0.060097995136654;	0.061390667685617;	0.063018393950851;	0.064394629547520;	0.065175370708610;	0.065259140683980;	0.066095877120792;	0.066987075614028;	0.068216570332210;	0.068589129751465;	0.069949562356336;	0.071197043618446;	0.072261920145459;	0.072777665106210;	0.072543251136982;	0.073451479673705;	0.074861228631084;	0.076441697191876;	0.077970258173899;	0.079543717478040;	0.081160425471394;	0.082752535810551;	0.084568873673872;	0.086425197661611;	0.088257255731152;	0.091569385610296;	0.093857957793252;	0.095506047916025;	0.097021678692149;	0.099097212065340;	0.101120808897941;	0.103281277531678;	0.105587479596494;	0.107053608224232;	0.108275222233184;	0.109845095731881;	0.112288077457707;	0.115385343834294;	0.119345655577250;	0.123110138023262;	0.127120982354014;	0.131458502623561;	0.136058475955600;	0.141245388687472;	0.145486394967084;	0.150432488727743;	0.156245492709562;	0.161855578757365;	0.168520441934827;	0.176131869058099;	0.184965794837911;	0.190944960361369;	0.199951550585999;	0.210849039487529;	0.220900497770326;	0.232183909624645;	0.247618477374216;	0.260342797675625;	0.310478319433465;	0.495416941994822
0.501216241671865;	0.110110539101744;	0.114353291996402;	0.103305205327860;	0.093123688556806;	0.087229603307445;	0.110182566383423;	0.108911201852727;	0.084422476254237;	0.086608602020953;	0.140214707763671;	0.163444396508106;	0.148805706802853;	0.163450322939192;	0.161632869193637;	0.179838960752031;	0.126513599819352;	0.127927309528933;	0.134711143883241;	0.130316966969277;	0.136646360647630;	0.118750210760175;	0.120961111181857;	0.124888841302460;	0.126544300301851;	0.087104024222844;	0.089562666929452;	0.091797034389406;	0.091706575500672;	0.094467760484787;	0.037364455194163;	0.038402883298293;	0.038840572840518;	0.038770412034930;	0.040018128792769;	0.039865576200611;	0.039676430247583;	0.041249360656455;	0.042000429132724;	0.043162330773832;	0.043247824938703;	0.045061106361617;	0.044335428104260;	0.046475202170430;	0.048105091907389;	0.048498554683369;	0.050190093863839;	0.050648550839872;	0.051308367056169;	0.053580650514109;	0.055729306565192;	0.056979239576923;	0.056972042357354;	0.058673066975558;	0.057910394172587;	0.059384275782847;	0.059885778108483;	0.061238259431095;	0.063171541517589;	0.064410085717954;	0.064431377233091;	0.065795010970655;	0.067501377017447;	0.068948182735531;	0.069789972578732;	0.069729526186856;	0.070621953517644;	0.071574761376971;	0.072871810357549;	0.073235985483643;	0.074660613036388;	0.075971971543823;	0.077097626548562;	0.077644313067429;	0.077363784428915;	0.078323805422537;	0.079796441111604;	0.081443802684004;	0.083039941300082;	0.084684353726680;	0.086371599710680;	0.088031087965992;	0.089924354656276;	0.091856518144181;	0.093762437714543;	0.097046023293884;	0.099413512496817;	0.101136258188051;	0.102728434224165;	0.104888549644108;	0.106996950086689;	0.109241800337674;	0.111630762936277;	0.113124311579994;	0.114264777373583;	0.115869472707497;	0.118390632842097;	0.121579426168347;	0.125638836468743;	0.129501739161841;	0.133610315289631;	0.138048286423677;	0.142753568156434;	0.148044272264141;	0.152381198251764;	0.157437524159098;	0.163359374753062;	0.169057104613077;	0.175839802175812;	0.183583598587584;	0.192569587854414;	0.198599982944803;	0.207578844249978;	0.218466809531145;	0.228559416423344;	0.239918029680650;	0.255489777612756;	0.268333191886487;	0.319449228036702;	0.519782601042944
0.506340649305421;	0.122698873877374;	0.124882724505651;	0.113728669713316;	0.103550636914715;	0.096364111249102;	0.118647596233809;	0.118441617031429;	0.095108878646545;	0.099620331991572;	0.148886940989483;	0.172174467394125;	0.156689695742082;	0.171295343269616;	0.176210409438777;	0.195193800870856;	0.151099298257298;	0.137996947310481;	0.145676251314432;	0.147483179450772;	0.153534746214631;	0.155870791040906;	0.159778153058134;	0.132095782821235;	0.133301168243247;	0.134761523306184;	0.138179377188950;	0.141833512107011;	0.103647539218410;	0.107545211929789;	0.098773186651631;	0.101245486228496;	0.102916851150275;	0.104158387011141;	0.044147905038085;	0.045251451265086;	0.045101249508407;	0.046820375947985;	0.045804602912573;	0.047077541585867;	0.047218528255846;	0.049187921319011;	0.049105310423093;	0.051363544239492;	0.053124719152866;	0.053535276731970;	0.055354594081490;	0.055353026607927;	0.056062936696201;	0.058489872627682;	0.060785814896087;	0.062156947932767;	0.062221810448284;	0.064056007864206;	0.064115914760167;	0.065681155210523;	0.066176217007152;	0.067597132509731;	0.069644456445480;	0.070969800192574;	0.070963506429304;	0.072402935335966;	0.074196648403618;	0.075720065927437;	0.076628909549639;	0.074823484071409;	0.075773698056275;	0.076792262617111;	0.078161982136434;	0.078531981125223;	0.080024729436800;	0.081404544281119;	0.082596010703539;	0.083183041398737;	0.082934199712112;	0.083948516713248;	0.085487301457376;	0.087204736972630;	0.088871714122666;	0.090591089435092;	0.092352146818563;	0.094081214517764;	0.096055117810267;	0.098066016454315;	0.100048418059293;	0.103308693541690;	0.105757065929303;	0.107557428368912;	0.109229661461590;	0.111477417443303;	0.113673449305258;	0.116004199490328;	0.118477822606741;	0.119990561101425;	0.121003543838438;	0.122621472025623;	0.125227508673865;	0.128516365362464;	0.132683149346013;	0.136652256683633;	0.140865687516550;	0.145411094574840;	0.150229119102654;	0.155629940509970;	0.160067843555066;	0.165241203000328;	0.171277169826655;	0.177062384871645;	0.183969066265966;	0.191854408138383;	0.201006495389313;	0.207081747792080;	0.216011430269166;	0.226877803684137;	0.237008215102353;	0.248439055533350;	0.264156883746524;	0.277129048287701;	0.329442273500963;	0.547321427559280
0.512381047828792;	0.134076817670668;	0.138702797839201;	0.125882230782394;	0.114850676380657;	0.107465273648725;	0.128998930570915;	0.129253175528533;	0.106548523791213;	0.109736657533271;	0.158912615895933;	0.182321316293691;	0.172182230724599;	0.188784641961448;	0.189106781619724;	0.209847705510348;	0.161837167462856;	0.163019661535024;	0.171736356212782;	0.171544797832219;	0.179394493104668;	0.167578188252041;	0.171413355635596;	0.172314253948900;	0.174566247967017;	0.149146469576255;	0.153557314158519;	0.158624944823200;	0.151812069999510;	0.156523408281650;	0.119857890032732;	0.123663436622818;	0.126837808763436;	0.129500045804009;	0.111414905829291;	0.112457281928742;	0.113451063245904;	0.051674063362286;	0.051800384880500;	0.053179116172782;	0.053347579300861;	0.055478086983800;	0.054175056051711;	0.056609088525287;	0.058557964215977;	0.059068840077433;	0.061080735053216;	0.061065343502690;	0.061741759606464;	0.064307836010004;	0.066734132540600;	0.068211348661866;	0.068276823073371;	0.070227643854187;	0.070242880226028;	0.071926157855831;	0.072456425910029;	0.073979782891035;	0.076167065670619;	0.077603749419617;	0.077649230402691;	0.079191610137075;	0.081098980195466;	0.082725612774912;	0.083728878126614;	0.082298063606847;	0.083313574762867;	0.084410921717771;	0.085868150361136;	0.086226354170878;	0.087797029576972;	0.089256323469517;	0.090523949721501;	0.091150800926236;	0.090854615551373;	0.091925730597730;	0.093537900095435;	0.095334739787570;	0.097083257269344;	0.098891203295210;	0.100739393976243;	0.102549597704756;	0.104622621257128;	0.106730229920608;	0.108806393313257;	0.112068013098250;	0.114619067110799;	0.116518988258218;	0.118295463891279;	0.120659644119401;	0.122973099200649;	0.125419536546867;	0.128007042106512;	0.129567593987562;	0.128510545447427;	0.130163876118272;	0.132848162777798;	0.136231620608247;	0.140498940510763;	0.144566278379539;	0.148875274947203;	0.153518117191650;	0.158438942111646;	0.163938345811375;	0.168464438431598;	0.173743479941951;	0.179880119250707;	0.185733475712863;	0.192750921792146;	0.200766754600252;	0.210077247642267;	0.216167911939430;	0.224999652537337;	0.235802671969602;	0.245933196435713;	0.257391142575940;	0.273212519582847;	0.286268742151316;	0.339906031534766;	0.578190982108275
0.518198037415833;	0.148130039016045;	0.150991990321186;	0.139750579078565;	0.127644549981808;	0.119435784050174;	0.139781133205770;	0.141156414460911;	0.119786879670144;	0.125308364651296;	0.170982862680846;	0.194347260620986;	0.187137691393613;	0.199468722280867;	0.205190691877850;	0.226731577733913;	0.185889874072668;	0.177406368656979;	0.186997306734893;	0.191333236172746;	0.199386217426858;	0.199923819467566;	0.204660727675437;	0.189682273209086;	0.192422873950539;	0.188219957072748;	0.193213363711243;	0.199004907857949;	0.178254208505560;	0.184551900736065;	0.167275658581053;	0.171759925375745;	0.175364494672965;	0.178630026793936;	0.145438724257361;	0.148240659205582;	0.150711821017012;	0.122057711520588;	0.121995138621137;	0.124038656627691;	0.125027567458950;	0.128132011928411;	0.060768584560442;	0.063349788195817;	0.065471066038617;	0.066021448930794;	0.068202627781542;	0.067938148456022;	0.068636336104809;	0.071400494208993;	0.074011241377384;	0.075645382742179;	0.075791336356777;	0.077910166025161;	0.077132779615991;	0.078926401138406;	0.079458383737776;	0.081061095979782;	0.083384765766681;	0.084926631274380;	0.084955979652564;	0.086591675851939;	0.088604221027377;	0.090326528747506;	0.091418766708085;	0.090100829838245;	0.091197264477933;	0.092389670544268;	0.093951588724541;	0.094322730154252;	0.095987129199829;	0.097542064925784;	0.098902994472441;	0.099589312186370;	0.099343670189765;	0.100485764264190;	0.102186089335652;	0.104075932620322;	0.105918864051623;	0.107828655765204;	0.109775416134187;	0.111676439761262;	0.113859432038503;	0.116072919190326;	0.118251700879622;	0.121529258071828;	0.124188875312335;	0.126195657050450;	0.128083875030848;	0.130569582309773;	0.133004536174102;	0.135567647000291;	0.138271815636242;	0.139868467816553;	0.138985800322411;	0.140659306294233;	0.143463784066583;	0.146995020573988;	0.151424845661667;	0.155655385888078;	0.160128267567643;	0.164943059325195;	0.170049202427368;	0.175734860371536;	0.180435667766648;	0.185921110466019;	0.192267594201617;	0.198291865186745;	0.205549719152314;	0.213844960780387;	0.223484574790745;	0.229694404858241;	0.238538897851667;	0.249425963779258;	0.259736152146765;	0.271435265840348;	0.287640231628209;	0.301059483749023;	0.356797060525582;	0.613074954196390
0.524867918354188;	0.161164302027432;	0.166052820627674;	0.153816093314257;	0.142520940880206;	0.132919830525068;	0.152550147462484;	0.154299632921492;	0.134027500169956;	0.138696437463513;	0.183571481044738;	0.206913517670227;	0.205904343495909;	0.222351240783398;	0.220380851885845;	0.243319962474814;	0.201970075129106;	0.200914353972011;	0.211362393180946;	0.215335346654534;	0.224440251734138;	0.220322321735147;	0.225516328640586;	0.222412188407473;	0.225432351455997;	0.213834868385068;	0.219980577170126;	0.227133835350480;	0.216743823811695;	0.223716769997542;	0.202511506419289;	0.208256188518839;	0.213169423799779;	0.217657765845642;	0.194948763336383;	0.197951771764853;	0.201144588783450;	0.167899691426580;	0.168679750383870;	0.172050842820141;	0.174393153782480;	0.179041765228863;	0.134205499857064;	0.136889183626773;	0.139519337538797;	0.140512718560456;	0.143292047031449;	0.143896608376431;	0.076330601761492;	0.079273630463711;	0.082046411420670;	0.083817988634034;	0.083981523352193;	0.086246437397155;	0.085840431532650;	0.087771619131952;	0.088331885199681;	0.090037495330006;	0.092528158497942;	0.094195836867200;	0.094271554244823;	0.096017865800908;	0.098153870279268;	0.099987235232760;	0.101184534325545;	0.098576649670506;	0.099758883874900;	0.101054621713812;	0.102731970653283;	0.103098398863700;	0.104867716824217;	0.106531816623719;	0.108002386545780;	0.108747402252806;	0.108463162962893;	0.109687072051747;	0.111489594640734;	0.113487742586613;	0.115442035870903;	0.117473599325966;	0.119539403920949;	0.121552281527206;	0.123870553409615;	0.126216127826375;	0.128525996392006;	0.131855377052066;	0.134654898497879;	0.136803372916802;	0.138841051628193;	0.141487284261573;	0.144084509270095;	0.146804841899870;	0.149670744796872;	0.151354935813839;	0.150103947367041;	0.151849113736203;	0.154758740714385;	0.158422809504089;	0.162995618717242;	0.167365584119754;	0.171974600806657;	0.176929857840670;	0.182186910041032;	0.188018992662488;	0.192848753059084;	0.198492877542859;	0.204994000488537;	0.211119969057197;	0.218554114371412;	0.227063021489046;	0.236966587865332;	0.243340232605637;	0.252070975111919;	0.262924402617829;	0.273291543642836;	0.285075913825080;	0.301499927307350;	0.315109385138772;	0.373133642938836;	0.652496065370936
0.531509167420455;	0.176087807381330;	0.180169226642832;	0.169038193300810;	0.157494564412298;	0.148733301564906;	0.165769941856438;	0.168812414860944;	0.150288222828219;	0.156090274624905;	0.197722854527857;	0.220818783512362;	0.223870682210702;	0.239562961787051;	0.243394210656619;	0.267182056262865;	0.224383515065037;	0.220398662976505;	0.231750946842531;	0.238127395181990;	0.247800085540756;	0.248350106358813;	0.254056702808636;	0.248575802624426;	0.252130431852223;	0.246616954310491;	0.253182753189289;	0.261061862728380;	0.250197554700680;	0.258282640517147;	0.242081611876706;	0.248519019042162;	0.254233495290635;	0.259389060807606;	0.238656492476566;	0.242696756434069;	0.246846414963189;	0.220191897646558;	0.221550577651981;	0.225607605900026;	0.228698828090005;	0.234295653410860;	0.192060117626189;	0.195665329223507;	0.199504291278317;	0.201572822753305;	0.205608571842718;	0.207232356736960;	0.152582838224980;	0.155439907952879;	0.158972560218885;	0.161108847363498;	0.161409856725363;	0.164156063555100;	0.164444833172431;	0.166626859537246;	0.166988434756992;	0.099424087016812;	0.102078689032776;	0.103866154572816;	0.103918048331743;	0.105763839543398;	0.108011624973105;	0.109945416965621;	0.111237846837997;	0.109007733129621;	0.110257542845041;	0.111639878845568;	0.113414841103083;	0.113760184124931;	0.115606679505052;	0.117350135963028;	0.118897885869333;	0.119988071813029;	0.119768117338098;	0.121067485735965;	0.122968394813120;	0.125070457541463;	0.127131132303890;	0.129280758013708;	0.131459150694307;	0.133573949633760;	0.136021500972779;	0.138490379511101;	0.140921064658410;	0.144298980074683;	0.147225598810332;	0.149503741546228;	0.151679281637594;	0.154473021061182;	0.157217923868224;	0.160076621285618;	0.163086341932089;	0.164814285055880;	0.163215137323003;	0.165006960640020;	0.168106509329952;	0.172000113230987;	0.176820949513715;	0.181440921542074;	0.186303829137298;	0.191527053154642;	0.197074912982999;	0.203203463469460;	0.208317273192730;	0.214295906777287;	0.221141690142634;	0.227557090329941;	0.235395946128314;	0.244379056875830;	0.254846192963159;	0.260461864864289;	0.269205251136389;	0.280193728943293;	0.290816587640809;	0.302906416699469;	0.319833776162012;	0.333928746156437;	0.395135624075845;	0.696979605731511
0.538733069380552;	0.190810930870226;	0.195903150526793;	0.184524571134256;	0.173549435415091;	0.164586260062887;	0.181653089653953;	0.184366976671334;	0.167347732275899;	0.173643606295028;	0.212899952803810;	0.235868286917678;	0.244081899434134;	0.261481777568944;	0.263988158043047;	0.288740897987568;	0.250452425494574;	0.243365088773989;	0.255314346415713;	0.262520330032054;	0.272843783356113;	0.273859062584731;	0.280088082726733;	0.277849003986755;	0.281796901799230;	0.277133773904908;	0.284533157764716;	0.293251856020218;	0.285470100493516;	0.294365726301114;	0.279927976935360;	0.287131814076381;	0.293593577010234;	0.299450051317860;	0.282423685444602;	0.287031604182923;	0.291880931118774;	0.269446536782874;	0.271425008073543;	0.276228918269304;	0.280053440745735;	0.286587877321628;	0.250182439325342;	0.254302272008120;	0.258946090230074;	0.261710327865053;	0.266629031816194;	0.268930458746210;	0.221803295589945;	0.225269891242198;	0.230090842652714;	0.233193072107995;	0.234206359787027;	0.238016471201601;	0.238727284895285;	0.241744381400095;	0.242519911207041;	0.179640451675662;	0.182473256805697;	0.185069875822811;	0.185732156571634;	0.188316778961174;	0.191232040290907;	0.193683375378075;	0.195361349722933;	0.193554862467440;	0.195581772529280;	0.197628694236222;	0.199806481873803;	0.200515770020909;	0.202918753551222;	0.205183540427057;	0.207088538960311;	0.131243751051744;	0.130924353428712;	0.132252242715819;	0.134204166186806;	0.136359935784841;	0.138474736120941;	0.140689470889111;	0.142924460489415;	0.145083123062240;	0.147601013799259;	0.150131942445303;	0.152622211942965;	0.155999471237379;	0.158986638948564;	0.161329016248003;	0.163575910399060;	0.166445756735889;	0.169265017079294;	0.172184980377922;	0.175265109937152;	0.176983182261051;	0.175478238473662;	0.177269544192839;	0.180382443412925;	0.184319709236201;	0.189189219838140;	0.193848330285270;	0.198743187960246;	0.203999799740417;	0.209590331274555;	0.215753361326455;	0.220878380721051;	0.226899930373162;	0.233780888596199;	0.240166046289854;	0.248062816961433;	0.257146221298391;	0.267771531190857;	0.277906078573164;	0.286430066566596;	0.297331820183625;	0.307974971877911;	0.320066825581381;	0.337175998832717;	0.351419006311154;	0.416236745573940;	0.746719565598251
0.546171598599829;	0.206644350841333;	0.211796939079422;	0.200859417575587;	0.189917589856357;	0.181372018656009;	0.197316402280550;	0.202320616688138;	0.187485550989383;	0.193001668788631;	0.229558658678961;	0.251955461973322;	0.265135470921229;	0.283349106688475;	0.286841684593152;	0.312287073644291;	0.276495696757026;	0.271510288946875;	0.284129833012733;	0.288145978717628;	0.299038723933072;	0.301279510671905;	0.307828355742997;	0.306673718587517;	0.310873275491266;	0.308284575125894;	0.316302984537702;	0.325654777243896;	0.319872124893042;	0.329550687101617;	0.317775840663162;	0.325543102827687;	0.332696035523739;	0.339108164461128;	0.325194950358706;	0.330311638835343;	0.335768900902817;	0.317505490656186;	0.319461772283884;	0.324887966229762;	0.329310696009084;	0.336642689482490;	0.305303636530267;	0.309899755485747;	0.315261638499839;	0.318582523866775;	0.324267218619307;	0.327466680136202;	0.287213306061199;	0.291168744734219;	0.297041666715744;	0.300930250339378;	0.302533430879481;	0.307222175464888;	0.309131082269234;	0.312860908102489;	0.313941815940546;	0.260767375442017;	0.264185646989180;	0.267923228374839;	0.269455558077929;	0.273086383407575;	0.276971831012234;	0.280242639745484;	0.282607152858940;	0.281114653536334;	0.284212675871094;	0.287218799965859;	0.290100480092502;	0.291476246549683;	0.294708680790225;	0.297760734153996;	0.300287707344293;	0.224794463578651;	0.225119707566692;	0.227812091569833;	0.230822855377174;	0.234124274495270;	0.237460770000979;	0.240776500736173;	0.244301412992196;	0.247892596678254;	0.251637822098589;	0.255540093180670;	0.259321162492848;	0.263875288438486;	0.268427889961236;	0.272283110646831;	0.276061362487456;	0.280694841657930;	0.285428407976405;	0.290649594944472;	0.295576476598380;	0.298680507126345;	0.299139332873283;	0.303466982521302;	0.309528430747080;	0.316171219825286;	0.323967812386291;	0.332013304696434;	0.340500646655379;	0.349513242451950;	0.358923737051244;	0.369096113306892;	0.378948692329618;	0.389408925080727;	0.400956222845236;	0.413331264550895;	0.425816040419226;	0.438861352253015;	0.452429346642021;	0.292281881106196;	0.300577743946580;	0.311380421632105;	0.322022689553283;	0.334110833372312;	0.351367081397769;	0.365757421845044;	0.433326635181545;	0.797101351447630
0.554035167528667;	0.222822960213902;	0.228508867443547;	0.217778739577227;	0.207157418126454;	0.198646839638030;	0.213860940668635;	0.220225553699320;	0.207481112079214;	0.215074701659853;	0.247198421444975;	0.269486634539139;	0.287307557394412;	0.306712590914357;	0.310848016483092;	0.336744780608827;	0.303386277228423;	0.299085923201884;	0.312176833525792;	0.318945221789609;	0.330225391606582;	0.330217595074793;	0.337176180863627;	0.336609604000862;	0.341045040940714;	0.339761904679342;	0.348263396541795;	0.358154459366709;	0.353971512092613;	0.364335868999193;	0.354802589386992;	0.362933824944231;	0.370770242237596;	0.377577608057592;	0.366506176627918;	0.372226143590603;	0.378144002924073;	0.363674646836255;	0.366056453025918;	0.372013793811507;	0.376884940906534;	0.384892954858716;	0.357785128666399;	0.362807932107441;	0.368802888713891;	0.372605239151757;	0.378958595897720;	0.382576300070826;	0.348557998946021;	0.352945927338157;	0.359697254791162;	0.364249593118879;	0.366275838126033;	0.371693353032347;	0.374276957581263;	0.378565794630618;	0.379853152600236;	0.335770683476352;	0.339700458539606;	0.344383972843437;	0.346686694941127;	0.351187167247736;	0.355882059341135;	0.359841758754470;	0.362792125043025;	0.362205173843537;	0.366144039174305;	0.369904339481233;	0.373339567569484;	0.375149535172325;	0.379014952222815;	0.382664252165062;	0.385658110786113;	0.324000544473943;	0.324911863415889;	0.329025493829737;	0.333154159157734;	0.337643830005738;	0.342228708747945;	0.346665935061792;	0.351477875487386;	0.356476677394698;	0.361421105211889;	0.366642461731377;	0.371652207640792;	0.377322614936796;	0.383323792619084;	0.388560778718380;	0.393717595144032;	0.399918268590626;	0.406330643396155;	0.413549457136872;	0.420035968914177;	0.424278105506822;	0.426880567916905;	0.433436746436967;	0.441759438839993;	0.450382206785994;	0.460266059387327;	0.470694564121307;	0.481629729661527;	0.493106206761341;	0.504905008432411;	0.517471097095347;	0.530109451656582;	0.542956615449501;	0.556855358314319;	0.572277565031124;	0.586583061688658;	0.600782166090210;	0.614597871981366;	0.510720756615124;	0.533057046474321;	0.555892392222279;	0.579015941659620;	0.606487168058297;	0.636712458786112;	0.665653388030420;	0.682595653356580;	0.851296471013456
0.562209163590735;	0.239671251188648;	0.245688661440014;	0.235239269023235;	0.224908615242135;	0.216673848743286;	0.230966735992725;	0.238849313263450;	0.228120739717309;	0.237123899691242;	0.267094585193013;	0.288228123850006;	0.311252999695569;	0.331404059195372;	0.335670385409735;	0.361982021287811;	0.331762020629876;	0.327600789512429;	0.340943520731395;	0.349182646946538;	0.360689166013434;	0.363222509602415;	0.370362430050594;	0.368040721002430;	0.372706864660909;	0.371775516775992;	0.380857338935861;	0.391151973331714;	0.388244148752895;	0.399220774281896;	0.391466573650141;	0.399726666036713;	0.408027831922739;	0.415145514417952;	0.406528411429809;	0.412628501897429;	0.418859632343929;	0.407868482979342;	0.410377340114928;	0.416759321605300;	0.421961994546194;	0.430513159516683;	0.407664599425057;	0.413016640407774;	0.419512680238135;	0.423602555649764;	0.430469927851747;	0.434608404247383;	0.406160418738684;	0.410896853174831;	0.418326674465850;	0.423386044463695;	0.425739003407444;	0.431706277104690;	0.434864830998468;	0.439599882412129;	0.440968015850466;	0.405034370921173;	0.409382092079022;	0.414796361305777;	0.417561020972739;	0.422706531668732;	0.427997035794741;	0.432454537005701;	0.435823510160733;	0.435391609799216;	0.439937098905221;	0.444243754301746;	0.448080928719813;	0.450162368400671;	0.454473903782295;	0.458542051735067;	0.461860672296490;	0.413640362973008;	0.415178636636721;	0.420355871657349;	0.425319278232779;	0.430684334618704;	0.436176850047765;	0.441421624291499;	0.447142453444979;	0.453114733322968;	0.458877116351851;	0.464978366592974;	0.470784940747231;	0.477144869992870;	0.484044978457246;	0.490114956372876;	0.496078102263735;	0.503175515427239;	0.510520247175783;	0.518826213139728;	0.526080916901835;	0.530653427811187;	0.533952149607470;	0.541190081316188;	0.550584110856746;	0.560071101546334;	0.570821595281513;	0.582204802478433;	0.594041711149613;	0.606334824816948;	0.618814323386301;	0.631945364900913;	0.645180995815793;	0.658314812610081;	0.672315665601511;	0.687860508289761;	0.701678562180113;	0.714988873298303;	0.727470900907213;	0.687953147050538;	0.714294626461654;	0.739112846573715;	0.763332904884118;	0.791615824604387;	0.820328162885056;	0.845861256468002;	0.844216214170429;	0.908669655012476
0.570738135684826;	0.257110203926410;	0.263549259984416;	0.253331489443024;	0.243192555828263;	0.235170939394872;	0.248623904825531;	0.258044578062801;	0.249362495631662;	0.259621252619922;	0.287090109522037;	0.308828548195138;	0.336279757474001;	0.357410782576473;	0.361919122693541;	0.388043891113748;	0.360629773723506;	0.357274202145398;	0.370667739058678;	0.380102192134949;	0.391713164742448;	0.395970457751558;	0.403085950649150;	0.403005173537893;	0.407606213934150;	0.405289343486586;	0.414856378936385;	0.425343722272943;	0.422595123487110;	0.434090132326733;	0.428249197195231;	0.436036094686414;	0.444820928803160;	0.452068330262849;	0.445437086249140;	0.451930651438204;	0.458374309158748;	0.450510046751197;	0.452839932096642;	0.459574899852710;	0.464961414939080;	0.473952916008082;	0.454520864382256;	0.460148425310424;	0.467056896781894;	0.471373239766087;	0.478660665938562;	0.483156687749624;	0.459560226993604;	0.464570075017621;	0.472501037955552;	0.477939342695683;	0.480424878107812;	0.486790003953959;	0.490461208706756;	0.495481812137382;	0.496805332117226;	0.467998000598511;	0.472621658757244;	0.478517254225580;	0.481618852229822;	0.487179315974009;	0.492848678510691;	0.497614673244792;	0.501240643273586;	0.501413264202288;	0.506311660851949;	0.510930892115294;	0.514981715905823;	0.517038972682169;	0.521565702572170;	0.525826784031386;	0.529274213213720;	0.492466584479391;	0.494035399807461;	0.499781959700042;	0.505157341157237;	0.510947273970128;	0.516871509248563;	0.522475125452750;	0.528599460924863;	0.534993235350061;	0.541076092447443;	0.547514484671881;	0.553592156983499;	0.560131094010217;	0.567321567630278;	0.573629142075813;	0.579797138046988;	0.587121366930507;	0.594681985464450;	0.603239276956966;	0.610558452482725;	0.614915610746973;	0.618778038497492;	0.626287540632606;	0.635594419205351;	0.644843580419498;	0.655264341812065;	0.666245631958529;	0.677540017320090;	0.689133300919360;	0.700739486261562;	0.712798457566281;	0.724773732206796;	0.736416384101754;	0.748658045660423;	0.762080957009901;	0.773594976441560;	0.784388866129902;	0.794198246513497;	0.787477171875322;	0.809254782304045;	0.828363083639568;	0.845580897275153;	0.864848111759303;	0.883212058905136;	0.897093946393033;	0.893754551115089;	0.961246484420577
0.579619909334777;	0.275058305980911;	0.281925236634860;	0.272003822845303;	0.262158763521440;	0.254288299739385;	0.266775135391063;	0.277651315939891;	0.271044825489191;	0.282694858558378;	0.307591107573976;	0.329709562025163;	0.363493260334444;	0.385488825971026;	0.389323734852783;	0.415683568639705;	0.390792164438739;	0.387323096508886;	0.400725933283429;	0.411668047739223;	0.423055644839010;	0.428925017497169;	0.436026057330264;	0.437578469317689;	0.442025343504997;	0.441909175070034;	0.451856918730430;	0.462290875408369;	0.458268289717817;	0.470187309200073;	0.465707580109769;	0.472154303822754;	0.481307830195207;	0.488595773608444;	0.483204890478977;	0.490023873022767;	0.496494337536521;	0.491409044531281;	0.493467782356524;	0.500448828065932;	0.505918773197502;	0.515220295842014;	0.498850393476598;	0.504679673880308;	0.511894139985438;	0.516246284604005;	0.523821905419917;	0.528581789052502;	0.509165077160349;	0.514384072051337;	0.522653654183166;	0.528346758161135;	0.530925891086577;	0.537547825243758;	0.541519659285835;	0.546740565331818;	0.547872217652063;	0.525264845610941;	0.530089799756487;	0.536297325888750;	0.539430462374760;	0.545227223975329;	0.551105037116908;	0.556028221630163;	0.559778962095526;	0.559910725535583;	0.564968769538908;	0.569728980179909;	0.573866453704094;	0.575766933293974;	0.580361765372314;	0.584677066199851;	0.588143752782224;	0.560762329209673;	0.562514221460880;	0.568516593216883;	0.574053787096755;	0.579998916163709;	0.586068395736283;	0.591770074150686;	0.597992937138211;	0.604467414455635;	0.610574380332909;	0.617016581948267;	0.623044218353038;	0.629449579870103;	0.636535358977994;	0.642697474466345;	0.648679917657297;	0.655779333390924;	0.663064974349210;	0.671289101882694;	0.678179032198770;	0.681708250829823;	0.685038591715880;	0.691276538698194;	0.699862724510499;	0.708314910588705;	0.717828912586095;	0.727768070452879;	0.737877429239880;	0.748143413894793;	0.758289836182220;	0.768720239058515;	0.778830586753800;	0.788512208805701;	0.798595788707720;	0.809455946462242;	0.818527323343283;	0.826855839796324;	0.834250086901847;	0.839061391052688;	0.854624532793926;	0.867624004772376;	0.878823068934149;	0.892165378794104;	0.905783579473311;	0.915977964340083;	0.914263848099451;	0.968759022380271
0.588827714198090;	0.293564398917723;	0.300831833723352;	0.291169337790075;	0.281596284545825;	0.273971772285090;	0.285507304755423;	0.297749667880516;	0.293106649565149;	0.305994859480213;	0.328548556609202;	0.351037317569774;	0.390726005365125;	0.413372981240497;	0.418577604546038;	0.443808163134919;	0.421750517137447;	0.418689362081725;	0.431489197898658;	0.443432729986126;	0.454616020595958;	0.462103243215868;	0.468824103677977;	0.471932727203630;	0.476165221863928;	0.477770195100403;	0.488051330118132;	0.498182437054942;	0.496319566066025;	0.508475686317442;	0.505191665912749;	0.509195182337624;	0.518611938902658;	0.525707026581754;	0.520551360792994;	0.527615500886592;	0.534037065943085;	0.531402978008994;	0.532498083709017;	0.539663484234462;	0.545046291097466;	0.554563320734429;	0.540496089951958;	0.546467737186219;	0.553896211146130;	0.558248902606250;	0.566021921362377;	0.570955717597679;	0.554921619467752;	0.560276176306537;	0.568728851007759;	0.574565202555682;	0.577020670613576;	0.583766765666305;	0.588008391995098;	0.593290191505865;	0.594081913307881;	0.576720421414660;	0.581618169535022;	0.587929509512707;	0.591062970443441;	0.596914669464506;	0.602830527048472;	0.607764680000738;	0.611517997914341;	0.612089330096662;	0.617125888566165;	0.621859350198381;	0.625947272330249;	0.627403214643523;	0.631899909489144;	0.636107646806576;	0.639454018488054;	0.619605589505665;	0.620879402334064;	0.626773405528650;	0.632158721036646;	0.637930094296686;	0.643803189895736;	0.649282583653284;	0.655253140282327;	0.661435958751021;	0.667232882312499;	0.673325431213063;	0.678968404585501;	0.684923676785430;	0.691540963523691;	0.697210816138860;	0.702667648107271;	0.709178580435135;	0.715816492106070;	0.723294532589189;	0.729428271744854;	0.731991506808961;	0.734983405910458;	0.740800710125776;	0.748237191852040;	0.755509665161372;	0.763721234889919;	0.772211282486440;	0.780747537079614;	0.789329055436866;	0.797708259370074;	0.806246313726883;	0.814292566363554;	0.821918686796030;	0.829842515380603;	0.838276282244326;	0.845220311990620;	0.851573839854083;	0.857219484737060;	0.863711084192302;	0.875536212141616;	0.885700541849880;	0.894747153129939;	0.906260224619824;	0.918548529177246;	0.927817317285931;	0.927610684020468;	0.975727489096063
0.598376304077646;	0.312575340588229;	0.320279840225451;	0.310895788171204;	0.301574794033950;	0.294130615308849;	0.304682883468402;	0.318278487260843;	0.315628738867618;	0.329643732062593;	0.349800030319083;	0.372642587383417;	0.417825337586547;	0.441143153924282;	0.447623053323016;	0.473939262081839;	0.454324471671624;	0.450444630572099;	0.463150788672536;	0.476159621159623;	0.486523711750972;	0.495296022856842;	0.501752383957525;	0.506210870867833;	0.509919343249948;	0.513193621483848;	0.523647955063010;	0.533425934277753;	0.533238464473821;	0.545540366253902;	0.543051637005198;	0.547950960070435;	0.557484571763857;	0.564245100325154;	0.558178113062544;	0.565432340265815;	0.571532410406019;	0.570991294176108;	0.570532054643200;	0.577781285382909;	0.583008267938609;	0.592617457229650;	0.580131244943319;	0.586191406893339;	0.593744525773783;	0.597884770919483;	0.605738658050732;	0.610762575591463;	0.597371031346209;	0.602808219399826;	0.611313934728050;	0.617194590046889;	0.619558229728286;	0.626321734974427;	0.630655385577906;	0.635943020043792;	0.636170181783720;	0.623237935371841;	0.628159436067748;	0.634461436842575;	0.637274685855696;	0.643057062977376;	0.648892096786797;	0.653733108339677;	0.657397984736460;	0.657797679467307;	0.662687959519575;	0.667284479054260;	0.671243528580846;	0.672159798686341;	0.676473825422273;	0.680495929475055;	0.683663625374934;	0.669726747791045;	0.670944906348487;	0.676577876453066;	0.681698973450907;	0.687176185604179;	0.692727698843166;	0.697878372855745;	0.703470778870916;	0.709223870791845;	0.714599266147008;	0.720217809674312;	0.725365454317323;	0.730770046122018;	0.736782159467322;	0.741843575412938;	0.746666122638278;	0.752457692267225;	0.758314395854809;	0.764890712760613;	0.770163644945828;	0.771376283761662;	0.773563798100660;	0.777182294895512;	0.783395828277247;	0.789470503576011;	0.796405598177025;	0.803510617081227;	0.810603420446436;	0.817705061228327;	0.824603397930140;	0.831635749835804;	0.838111626254455;	0.844283774701651;	0.850787844959022;	0.857728772798384;	0.863521213805358;	0.868929750705985;	0.873858910738623;	0.880076464795549;	0.890424379608718;	0.899577859211135;	0.907856794139143;	0.918505950445130;	0.929979735289722;	0.938596089001027;	0.939584643243139;	0.981285122367491
0.608245309154926;	0.332061684653497;	0.340182763736177;	0.331078645955547;	0.322046180097469;	0.314820109947766;	0.324349140217959;	0.339176098336475;	0.338433355724576;	0.353530686132220;	0.371427996676251;	0.394585257369690;	0.444822835350996;	0.468578695566527;	0.476208196829370;	0.503428205172127;	0.486356833782449;	0.483828535512714;	0.495066084221862;	0.508840066020799;	0.518930612116967;	0.528961307101612;	0.534526088667004;	0.540121166784306;	0.543447700631075;	0.548025548493424;	0.558578638642811;	0.567613437835904;	0.569117261811466;	0.581427597694393;	0.579673964789168;	0.585220894378347;	0.594778282622964;	0.600946806636540;	0.597155637825202;	0.604491386712508;	0.610162044213263;	0.611384437529224;	0.608393620320453;	0.615653713688264;	0.620470785334703;	0.630061391904590;	0.618044503583077;	0.624141167335709;	0.631722089228121;	0.635662428040051;	0.643507478161333;	0.648547415447763;	0.636804829152455;	0.642262739399603;	0.650698126037716;	0.656536636842251;	0.658548220674901;	0.665223398071383;	0.669638166312990;	0.674818709844190;	0.674254945196858;	0.664930580894725;	0.669772020454285;	0.675910406148476;	0.678515612290931;	0.684112948389850;	0.689760171847509;	0.694422385981068;	0.697932875746277;	0.698634965973226;	0.703276612677598;	0.707641351313404;	0.711396884317167;	0.711454387689336;	0.715497352176172;	0.719251130620879;	0.722174475944531;	0.712717389896027;	0.713102054266401;	0.718264856785376;	0.722943583671320;	0.727945104424878;	0.732991966217553;	0.737645862222197;	0.742684482130762;	0.747831515849193;	0.752630589014137;	0.757621454673824;	0.762137901467595;	0.766873390812098;	0.772154802362140;	0.776495806115130;	0.780583894054576;	0.785564463280663;	0.790562392955253;	0.796173009430599;	0.800568347076190;	0.800645192247841;	0.802314896165326;	0.805918939442293;	0.811032195240341;	0.816055342761309;	0.821875736544042;	0.827807548755649;	0.833714633325708;	0.839641439904891;	0.845413996279472;	0.851342969618183;	0.856753154015493;	0.861997320527606;	0.867629016647678;	0.873686818207912;	0.878859174130235;	0.883790172085800;	0.888385696226893;	0.894160879111403;	0.903583830855871;	0.912029759374364;	0.919704232175006;	0.929523280586962;	0.940100697286696;	0.947986578807086;	0.949722834460123;	0.985733107808372
0.618431470241397;	0.352008340413902;	0.360560359807124;	0.351736065822001;	0.342964183311686;	0.335934298051560;	0.344430562037123;	0.360441836704977;	0.361578556426633;	0.377605601977758;	0.393286983397339;	0.416732659048569;	0.471569638801910;	0.495730596750580;	0.504362226118031;	0.532316591906516;	0.517464123669372;	0.516338575354605;	0.528425584961359;	0.542894036035982;	0.551316948817488;	0.562296187148595;	0.567645529895689;	0.574193965476665;	0.576512498791162;	0.582262896435731;	0.592762226805833;	0.601227018225511;	0.603909430075424;	0.616138116270118;	0.614579435739156;	0.620801394823211;	0.630280176607974;	0.635899689185061;	0.634036796869024;	0.641394236613858;	0.646349286251885;	0.648991477535159;	0.647061666324263;	0.654209527865707;	0.658561681250519;	0.667990500082772;	0.655454847209065;	0.661543225914353;	0.669044372461359;	0.672481710389641;	0.680179870479119;	0.685153031972642;	0.674088992154752;	0.679520422809851;	0.687777461154220;	0.693486719816765;	0.695271918841133;	0.701776782725325;	0.706119122013001;	0.711162723604620;	0.709373873363560;	0.702992879413583;	0.707727913888354;	0.713640006882738;	0.715649945986226;	0.720984731088855;	0.726369128067295;	0.730788473621875;	0.734086310696692;	0.734605651578019;	0.738934105749271;	0.743007755198699;	0.746519194237740;	0.745613270174445;	0.749352703918140;	0.752808537430885;	0.755468301824830;	0.749310629897212;	0.749639922171195;	0.754321136589035;	0.758566479738660;	0.763101428256507;	0.767656633549955;	0.771839600955924;	0.776349665188097;	0.780921368799558;	0.785187409189628;	0.789598596767792;	0.793547361235705;	0.797687695207664;	0.802307309235412;	0.806023717790224;	0.809489799486299;	0.813770389056839;	0.818037081601406;	0.822822429102473;	0.826504853271182;	0.825127925829891;	0.826317287653679;	0.827597214097516;	0.831840344244953;	0.836073913539924;	0.841096555530344;	0.846220102197196;	0.851357337921657;	0.856566258370466;	0.861694500250289;	0.867032713273515;	0.871895848478769;	0.876698961550785;	0.881930433005256;	0.887559376931966;	0.892466057615238;	0.897201867588919;	0.901674194446161;	0.907113883726576;	0.915838770198816;	0.923713958500657;	0.930815167591789;	0.939737942486582;	0.949297832759322;	0.956363796259000;	0.958510729280615;	0.989255552152706
0.628919941411181;	0.372368922062024;	0.381335659443054;	0.372795966236199;	0.364313454786029;	0.357497917461845;	0.364926879117093;	0.381999090197413;	0.384927021517382;	0.401819419293262;	0.415413690727033;	0.439104886500058;	0.498044064994418;	0.522400804846379;	0.531910220793105;	0.560372565217674;	0.547777077802030;	0.547827475295464;	0.560684936036418;	0.575597929994995;	0.584719288645296;	0.596579695205508;	0.600261314980232;	0.607537848419495;	0.609622326894350;	0.616189396737718;	0.626561421482126;	0.633733279032656;	0.637573311890467;	0.649588459225142;	0.648432117736616;	0.654951023742375;	0.664271409335969;	0.668921958219653;	0.668835072944348;	0.676108268311344;	0.680484540794649;	0.684252430376075;	0.683171559917790;	0.690156929094256;	0.693749185107794;	0.702932805336334;	0.693043173101587;	0.699083552647129;	0.706375160298581;	0.709380639602882;	0.716817149997028;	0.721660244796012;	0.710038289634940;	0.715387076333219;	0.723358409813395;	0.728858406530941;	0.730049474696824;	0.736285335082599;	0.740525858916293;	0.745336288647813;	0.741913734727876;	0.737824357808001;	0.742374509057766;	0.747953607022457;	0.749677244373802;	0.754698872507708;	0.759776272993064;	0.763928337867643;	0.767003155118766;	0.767685992488592;	0.771673954379440;	0.775430971706060;	0.778687436536632;	0.776347342570386;	0.779772984567625;	0.782927435580278;	0.785334373147237;	0.781545351185279;	0.780807142286056;	0.784925803364945;	0.788672978256378;	0.792679617275715;	0.796684391488873;	0.800345072112001;	0.804280366321626;	0.808240726376979;	0.811943967901361;	0.815756762041215;	0.819133506053702;	0.822687265297636;	0.826667836579660;	0.829785610985912;	0.832663958255976;	0.836300826763453;	0.839911367295025;	0.843977997386316;	0.847079067434490;	0.844637632322796;	0.845585454038198;	0.847694957204805;	0.851355351222454;	0.855070804793507;	0.859545880434348;	0.864120590930482;	0.868734364439389;	0.873447416711978;	0.878123261721376;	0.883017875582131;	0.887473948834930;	0.891915659647668;	0.896760847636196;	0.901928734230781;	0.906491851797764;	0.910921911486099;	0.915141473562962;	0.920109638551315;	0.927938727891307;	0.935058216274600;	0.941437520495913;	0.949297470121477;	0.957657490595074;	0.963788669472122;	0.966035044855005;	0.992018535467223
0.639700744109322;	0.393122695104852;	0.402509734320038;	0.394253308850381;	0.386035855428169;	0.379416976512711;	0.385774149629957;	0.403838736098343;	0.408507398827101;	0.426105834568987;	0.437681864851346;	0.461584290760134;	0.524122059151367;	0.548629241340958;	0.558865994809284;	0.587659147536314;	0.577002774448960;	0.578175262235277;	0.591668557013304;	0.606957266163148;	0.616757495453021;	0.629226166947084;	0.633744463625097;	0.641565823415755;	0.641896451617121;	0.649146401105957;	0.659242989047390;	0.666002606002927;	0.670509034127948;	0.682238080204577;	0.680572494448683;	0.687393072617559;	0.696459799343565;	0.700505964548047;	0.701672265315740;	0.708811959657788;	0.712143677601792;	0.716734963916970;	0.716606479474735;	0.723334309180835;	0.726380866259269;	0.735230304439395;	0.727782502055856;	0.733709214629536;	0.740736056677783;	0.742927777840632;	0.750021897497232;	0.754662127598928;	0.745869283757018;	0.751093031045836;	0.758676687287350;	0.763873969089419;	0.764736487480820;	0.770636458445473;	0.774648104520847;	0.779217200253404;	0.773258834441018;	0.770952856066339;	0.775293961735803;	0.780498121734566;	0.781383350580808;	0.786033856069172;	0.790747361527113;	0.794585340129841;	0.797387028278670;	0.797933345262438;	0.801541825587862;	0.804936895029612;	0.807905790755422;	0.804036278921600;	0.807147597179710;	0.809998645638585;	0.812154981852484;	0.809974847411164;	0.809403736056991;	0.813049351534119;	0.816396652086192;	0.819976850287069;	0.823540130330822;	0.826796156679503;	0.830282200943852;	0.833770053820146;	0.837051932734102;	0.840418525795296;	0.843391091284588;	0.846532020660326;	0.850048957910479;	0.852768797218508;	0.855272922864658;	0.858471354346583;	0.861640667191347;	0.865206189500421;	0.867953132803887;	0.863869484070565;	0.864755211416734;	0.864615015747618;	0.867888256929640;	0.871279449451634;	0.875420353537003;	0.879651711739195;	0.883948224336405;	0.888363261685918;	0.892766614441381;	0.897396088045894;	0.901582898291033;	0.905776709348695;	0.910353063608609;	0.915178002660295;	0.919497053539225;	0.923709067274930;	0.927747983255929;	0.932292153937616;	0.939338205669961;	0.945790274394689;	0.951452223374679;	0.958170090174959;	0.965217164292894;	0.970343522428369;	0.972457929816524;	0.994169329463072
0.650755868046676;	0.414218552682601;	0.424004436786524;	0.416034999860748;	0.408109102640259;	0.401703377699523;	0.406962296016413;	0.425882883580028;	0.432187091579178;	0.450415057721831;	0.460117480022159;	0.484181849588627;	0.549783237279119;	0.574234135766221;	0.585072633523453;	0.613977456926679;	0.605288128559267;	0.607349685486456;	0.621268381051037;	0.636691386950316;	0.647016219585324;	0.660042450897636;	0.665410351498993;	0.673592313046173;	0.674807381774542;	0.682388864178954;	0.692136230200074;	0.696810748358584;	0.701961247986987;	0.713279830203727;	0.712105792277008;	0.718889281241662;	0.727645671553407;	0.730231204394251;	0.732479476999919;	0.739386521117822;	0.742184478284475;	0.747359414479199;	0.747766344672676;	0.754211847060581;	0.756183964362741;	0.764633988198851;	0.759217053280614;	0.764947614698105;	0.771644252310090;	0.773410348369793;	0.780137512082017;	0.784535754617692;	0.778194345082840;	0.783241031448058;	0.790374224816414;	0.795244384164773;	0.795243405976317;	0.800744417046226;	0.804510534520272;	0.808762277282425;	0.804299341530910;	0.803323692721190;	0.807403291747956;	0.812157217444265;	0.812811117610868;	0.817104993662372;	0.821474445978367;	0.825041854716973;	0.827620545445136;	0.828230745142472;	0.831515399118206;	0.834597462390028;	0.837348481203675;	0.830597092521334;	0.833434375910580;	0.836027907149857;	0.837992641745219;	0.836917989135923;	0.835067334217171;	0.838212580339758;	0.841140523523388;	0.844277288355514;	0.847381537101231;	0.850214289501984;	0.853239521595943;	0.856254862920344;	0.859109050302551;	0.862034416851555;	0.864617933338343;	0.867367490816926;	0.870460662435099;	0.872810861388130;	0.874968413553977;	0.877777891579035;	0.880566745276409;	0.883716839317539;	0.886217170278710;	0.881145859347826;	0.882054149491144;	0.883541772882178;	0.886578130640446;	0.889758700023036;	0.893623448174136;	0.897544515271461;	0.901519185265436;	0.905588010512307;	0.909630254945802;	0.913855272805597;	0.917632128045199;	0.921408542888618;	0.925501224965756;	0.929743881600901;	0.933577209958857;	0.937321073220510;	0.940924531433229;	0.944805230075714;	0.950787235712872;	0.956321888666526;	0.961077666945652;	0.966485647889168;	0.972071561841483;	0.976117042233193;	0.977903318024566;	0.995828975278219
0.662071150754462;	0.435629324607192;	0.445812888933872;	0.438128186119052;	0.430469403415141;	0.424259167781377;	0.428423456986207;	0.448117280993308;	0.455988571959645;	0.474679457180206;	0.482594589161365;	0.506780089554561;	0.574912318675479;	0.599261405454873;	0.610553867706484;	0.639403001012200;	0.632371905781613;	0.635268974300362;	0.649475287973617;	0.664973668377844;	0.675638462506137;	0.688969215415813;	0.695061824701757;	0.703443061443539;	0.705597502756629;	0.713434302868762;	0.722742644892172;	0.728055334874975;	0.733409734353990;	0.744258347290761;	0.741634366055666;	0.748372671609441;	0.756731209472584;	0.759110811704447;	0.762010278892814;	0.768651812438192;	0.769951805491893;	0.775461276317639;	0.776411243675782;	0.782496006979583;	0.784068635929010;	0.792067650865988;	0.788253762343971;	0.793734738234746;	0.800080467778090;	0.800732808194943;	0.807038862873527;	0.811140737675461;	0.806800455318947;	0.811599202036930;	0.818210432649808;	0.822699286491025;	0.822507317553860;	0.827594051031039;	0.831077303075902;	0.835011847503296;	0.831960711453345;	0.831951360788990;	0.835760321560877;	0.840070590173403;	0.839575724142321;	0.843447762621146;	0.847404867057605;	0.850628909105444;	0.852915221755378;	0.853417726628337;	0.856306257410111;	0.859005278237465;	0.861454866406123;	0.856954357009183;	0.859553665543053;	0.861918335068167;	0.863724322769095;	0.863381582632163;	0.862299866954108;	0.865133478841797;	0.867845170782081;	0.870743878729724;	0.873597970051473;	0.876224702325517;	0.879012249028294;	0.881793062359424;	0.884453897298581;	0.887179818514528;	0.889638558295508;	0.892257125727886;	0.895169633967421;	0.897407736804258;	0.899468631650468;	0.902087711643815;	0.904665218992980;	0.907507664118802;	0.909883214926407;	0.900806866108693;	0.901878782974345;	0.900878573070095;	0.903757419306873;	0.906796078716944;	0.910455650700567;	0.914095674044324;	0.917765660152501;	0.921496002971003;	0.925175099258246;	0.929006779105778;	0.932347237244447;	0.935675931726351;	0.939281614820663;	0.942957068502338;	0.946311548748428;	0.949597094176579;	0.952773028416288;	0.956022123432416;	0.961076442619017;	0.965802788662223;	0.969705914131081;	0.973853985047289;	0.978039236091161;	0.981066413276632;	0.982458349322494;	0.997101083217844
0.673624666532789;	0.457298890090660;	0.467852847532532;	0.460455429059734;	0.453087414716094;	0.447087295496981;	0.450140755982794;	0.470462247824756;	0.479781172009144;	0.498848082242573;	0.505131586730265;	0.529383338664370;	0.599493413289071;	0.623549143857071;	0.635174595230681;	0.663768142089806;	0.658401781130510;	0.661922602455459;	0.676230976161385;	0.691600359647860;	0.702454150828872;	0.716038134149542;	0.722663572471360;	0.731092710255359;	0.734035234496998;	0.741889321562316;	0.750725827693259;	0.756705507217285;	0.762269381584071;	0.772574867345193;	0.771348879949598;	0.777765199160483;	0.785686943304067;	0.785840825625816;	0.789225695538103;	0.795516622663044;	0.796812110201584;	0.802472073308497;	0.803674658440128;	0.809399946721491;	0.809427811755039;	0.816921179411981;	0.814340358894232;	0.819502393257859;	0.825444088236994;	0.825931199265511;	0.831823409158910;	0.835627963252813;	0.832763310744140;	0.837287454186168;	0.843363959803887;	0.847495814046837;	0.846126006583702;	0.850762993177816;	0.853944469559898;	0.857515954420540;	0.855536435634368;	0.856132484593697;	0.859609751809889;	0.863429166748179;	0.863008242774030;	0.866483915487641;	0.870050025324071;	0.872957054051832;	0.875004074664093;	0.875490326824010;	0.878037754164663;	0.880422265854588;	0.882623216066773;	0.879966555255997;	0.882333263119248;	0.884484954104815;	0.886152150460388;	0.886280324120266;	0.883238417653786;	0.885603851854081;	0.887918542722024;	0.890391846180758;	0.892801300336435;	0.895009763475946;	0.897339537367426;	0.899648287167542;	0.901861645702546;	0.904118577807649;	0.906143201879696;	0.908306824892870;	0.910715200260748;	0.912481179546586;	0.914068957906067;	0.916153647373545;	0.918185919199344;	0.920441023552642;	0.922331775874575;	0.920802203906255;	0.921805920762108;	0.923020056283073;	0.925342009433152;	0.927775072797889;	0.930696009831579;	0.933519991616153;	0.936361967472930;	0.939238873970186;	0.942065351325044;	0.945034410378244;	0.947559422768445;	0.950096779675859;	0.952894735851745;	0.955740763815251;	0.958375109482361;	0.960983497973367;	0.963530142449096;	0.966050791791930;	0.970075454667301;	0.973890041278841;	0.976941792817748;	0.979986548030565;	0.982989335312653;	0.985170944970708;	0.986206125727926;	0.998061687747165
0.685397679135448;	0.479192814032173;	0.490107226272502;	0.482994356795997;	0.475895766642198;	0.470090401039194;	0.472044674094193;	0.492895967906948;	0.503574873742071;	0.522854430589111;	0.527610965595915;	0.551881610176805;	0.623427988789000;	0.647137774912478;	0.658959264269600;	0.687144983036325;	0.683177821618752;	0.687260039043776;	0.701548547656862;	0.716732201236793;	0.727620570089148;	0.741256030862795;	0.748279288134638;	0.756631623534912;	0.760176379023225;	0.767985150219278;	0.776294217068454;	0.782734142448985;	0.788248486411486;	0.797971011187978;	0.798095181956472;	0.804205943111607;	0.811649439391572;	0.812692884162188;	0.816230924054646;	0.822140903338569;	0.821192927959998;	0.826812214926855;	0.828215259219865;	0.833517626696823;	0.833804578846340;	0.840773203567970;	0.839113964102698;	0.843922611823007;	0.849469311543888;	0.848350907052604;	0.853786350128116;	0.857250431300117;	0.855463375891778;	0.859654914145363;	0.865155621712010;	0.868890464271170;	0.867770060532167;	0.871987279300911;	0.874890780007281;	0.878137894901710;	0.876927727460501;	0.877934832371182;	0.881112779005951;	0.884512632830062;	0.882532340077819;	0.885578318727052;	0.888718103192651;	0.891264590398461;	0.893023364291296;	0.893411382372672;	0.895576148137916;	0.897601796424349;	0.899495528948486;	0.897919445190125;	0.899951850894915;	0.901782997374002;	0.903185123482861;	0.903420459147425;	0.901826789245476;	0.903852889409611;	0.905872265382842;	0.908024711028183;	0.910110356820733;	0.912027615627940;	0.914034481848971;	0.916009511074569;	0.917917357122905;	0.919850414963407;	0.921582236543434;	0.923434731900576;	0.925479181466005;	0.926970542770301;	0.928311745133860;	0.930077158069115;	0.931798541849425;	0.933705387869328;	0.935315144197248;	0.934736412804531;	0.935411404405094;	0.933054530858647;	0.935016265665114;	0.937131866422768;	0.939723919631463;	0.942232580270980;	0.944775715783684;	0.947365283012545;	0.949920721686983;	0.952614448239648;	0.954895688988541;	0.957198588095495;	0.959738173057159;	0.962303055101797;	0.964692197513127;	0.967059244421305;	0.969372213563697;	0.971617496285652;	0.975151679268105;	0.978504774730790;	0.981165004836389;	0.983774666539186;	0.986332645920085;	0.988181401033213;	0.989169190758904;	0.998781725174027
0.697364464939752;	0.501251835016650;	0.512495079923762;	0.505667803692773;	0.498855343596708;	0.493254933609572;	0.494107904118012;	0.515342568640475;	0.527253527989658;	0.546646131222264;	0.550033010479929;	0.574263665630699;	0.646698509923197;	0.669905383618842;	0.681810048173719;	0.709419431529075;	0.706814198100350;	0.711286912515498;	0.725407197436039;	0.740256090848564;	0.751057412631651;	0.764681875256903;	0.771948526855009;	0.780114409935513;	0.784107670395204;	0.791717567143136;	0.799486417248482;	0.806169742176015;	0.811618784376871;	0.820722844989519;	0.821905661923956;	0.827603051495576;	0.834540833265012;	0.836507110861062;	0.840101690533918;	0.845604614287627;	0.845747582044657;	0.851182093280091;	0.852595645980492;	0.857489279202194;	0.855455421081088;	0.861855233862529;	0.860840854657420;	0.865248833455900;	0.870354067266439;	0.869857745465333;	0.874868996122287;	0.878020758272956;	0.876995674304565;	0.880849234462429;	0.885792138177035;	0.889191037825601;	0.886337736683894;	0.890107482972148;	0.892703458016295;	0.895590256417319;	0.894862223203942;	0.896043322371653;	0.898876775924577;	0.901828039681987;	0.900606245657562;	0.903304625158219;	0.906092296358737;	0.908360200241012;	0.909943626500596;	0.910341173127684;	0.912246866665272;	0.914047852603775;	0.915751965603439;	0.914887564856431;	0.916692008934046;	0.918324832921751;	0.919596287655668;	0.919982723492669;	0.915732041150919;	0.917373299339037;	0.919044349438575;	0.920834397578943;	0.922560971356448;	0.924148083229262;	0.925810443874483;	0.927443438956021;	0.929037725146083;	0.930657457006749;	0.932109686360569;	0.933682523748254;	0.935435509323737;	0.936696901079215;	0.937834876499299;	0.939370470315833;	0.940877144551540;	0.942558295446554;	0.944002697695029;	0.943647617018159;	0.944313657494476;	0.944582866553443;	0.946284635918875;	0.948124815396839;	0.950361079201971;	0.952520592824609;	0.954698857052077;	0.956908108719944;	0.959083618508285;	0.961362033896904;	0.963288481986926;	0.965232702595272;	0.967362990886046;	0.969495235933880;	0.971493540633397;	0.973474066114308;	0.975410304923325;	0.977260143559873;	0.980128842654850;	0.982860819222793;	0.985034304371321;	0.987157496646788;	0.989233455134371;	0.990728756584618;	0.991596156886260;	0.999285226823071
0.709501169131751;	0.523432450802414;	0.534983555436555;	0.528439017650196;	0.521898219193823;	0.516492574976670;	0.516263833954339;	0.537768630168804;	0.550803810216419;	0.570160407044577;	0.572301008486945;	0.596438028532156;	0.669231983695096;	0.691871958424544;	0.703740936608091;	0.730641753207449;	0.729198922094140;	0.733986661132613;	0.747835472420507;	0.762291796436998;	0.772889308962111;	0.786362224302347;	0.793758229087353;	0.801651169276220;	0.805947303970818;	0.813303113620491;	0.820511852727327;	0.827261976682762;	0.832511460406214;	0.840988458839747;	0.842931792019119;	0.848227001802162;	0.854649413175341;	0.857264118204908;	0.860789062735746;	0.865882323098544;	0.867100924162086;	0.872261356349260;	0.873658491518770;	0.878127820353842;	0.877393855080195;	0.883214817449815;	0.882618713456317;	0.886587758863740;	0.891272237053731;	0.888379250723593;	0.892926126635221;	0.895727114090102;	0.895183622250299;	0.898661287810766;	0.903031983676290;	0.906054161010739;	0.904428933402038;	0.907809675276184;	0.910154610395730;	0.912747653095177;	0.912379415359406;	0.913675640179352;	0.916226682504669;	0.918839640080117;	0.915352573529577;	0.917673108553956;	0.920079888416156;	0.922028450836560;	0.923374281501857;	0.923698429700260;	0.925295606662137;	0.926812508259380;	0.928260516820037;	0.927699065153592;	0.929212343901291;	0.930575109982469;	0.931624939736158;	0.931958250275367;	0.930235969869391;	0.931676910481442;	0.933155389743344;	0.934732989620740;	0.936258518899263;	0.937675042230993;	0.939147545026279;	0.940586577718467;	0.942007607524077;	0.943441796366561;	0.944731864232192;	0.946123983328877;	0.947648594468686;	0.948780250911739;	0.949814150082704;	0.951162483772016;	0.952481046161475;	0.953928073387694;	0.955168626477881;	0.954901420203963;	0.955480669148212;	0.952503397670055;	0.954055634012889;	0.955741825982308;	0.957780792264213;	0.959737926631362;	0.961706648446068;	0.963696831534797;	0.965651399021427;	0.967689096039903;	0.969401328196163;	0.971127979056222;	0.973009162786268;	0.974871915143451;	0.976624654531316;	0.978358013945837;	0.980049252054267;	0.981630770256319;	0.984042948847907;	0.986339688895408;	0.988151648678805;	0.989891991413355;	0.991580679246013;	0.992790393560825;	0.993545141219433;	0.999635617446012
0.721778752411661;	0.545674587870471;	0.557498239663519;	0.551235683321103;	0.544974150015112;	0.539767790596682;	0.538471985166570;	0.560106443592990;	0.574134034385695;	0.593344348553697;	0.594390596791721;	0.618373136004191;	0.691006624162172;	0.712964980417897;	0.724698308921839;	0.750759819706120;	0.750399770784901;	0.755378183374323;	0.768847831368488;	0.782818050361479;	0.793121068220764;	0.806374054431613;	0.813785903545584;	0.821336822630670;	0.825816679803455;	0.832836821742346;	0.839490096546412;	0.846161543325883;	0.851182982012924;	0.859032438675905;	0.861496065282622;	0.866362080780982;	0.872273954508905;	0.875284115052455;	0.878684189473326;	0.883372344507992;	0.885331362230683;	0.890163150442028;	0.891498992157475;	0.895546687175422;	0.896026540751008;	0.901277152579568;	0.900958511848721;	0.904506126275501;	0.908764239498782;	0.907418759258976;	0.911539625692471;	0.914023765667434;	0.913773708512948;	0.916863750514583;	0.920676407561459;	0.923395901441199;	0.919222288897485;	0.922184928478834;	0.924238380655723;	0.926497069276228;	0.926294931147601;	0.927546714064359;	0.929772729655958;	0.932006388637847;	0.930525403913934;	0.932574228914847;	0.934692139345208;	0.936426500341728;	0.937683152939313;	0.938067720773760;	0.939505925051256;	0.940898724891960;	0.942231116423901;	0.941931556361747;	0.943285388095406;	0.944525276978481;	0.945517776791569;	0.945962395548018;	0.940552420421520;	0.941737097156267;	0.942974083094880;	0.944302507225872;	0.945588814124016;	0.946789449930290;	0.948040093025301;	0.949262981993749;	0.950485441290876;	0.951722828277325;	0.952841214291275;	0.954058036551585;	0.955396246345919;	0.956393594582599;	0.957312217734735;	0.958517494682035;	0.959703790707599;	0.961004560409588;	0.962138363485301;	0.962034156235534;	0.962624048101960;	0.962408603631192;	0.963687159883883;	0.965072393266305;	0.966727797841112;	0.968317874181758;	0.969907891844249;	0.971510189393665;	0.973083432685745;	0.974710824166417;	0.976085814767694;	0.977472693242161;	0.978969399179665;	0.980438652840249;	0.981828960872206;	0.983202409834858;	0.984540135090080;	0.985778946597087;	0.987617072900384;	0.989369330208214;	0.990775188498190;	0.992151498768624;	0.993496085712983;	0.994458176147298;	0.995097134110944;	0.999797219469086
0.734168200702439;	0.567925785439975;	0.579989966795988;	0.574006585947283;	0.568016642283648;	0.563004242156016;	0.560670247903344;	0.582310645031626;	0.597206643296780;	0.616140699531354;	0.616227997911272;	0.639997199129468;	0.711976147743100;	0.733185770338009;	0.744686893154844;	0.769804286561836;	0.770383929536988;	0.775474923552453;	0.788485814901807;	0.801920062920651;	0.811849820354453;	0.824792989069116;	0.832132225188151;	0.839291026467325;	0.843850447570466;	0.850497324481771;	0.856602579462893;	0.863084122397567;	0.867824117559215;	0.875061160457433;	0.877846891895865;	0.882298557060479;	0.887716206460606;	0.890921920108389;	0.894147267240041;	0.898447068114684;	0.900851319577881;	0.905327970207625;	0.906593721451600;	0.910236123236169;	0.911516761836869;	0.916224339669803;	0.916088638087788;	0.919247934997752;	0.923090459224033;	0.923075787894160;	0.926766933492666;	0.928931803144124;	0.928845935421872;	0.931566377883212;	0.934855612294524;	0.937257373350596;	0.935100343174857;	0.937702491214927;	0.939521442589722;	0.941514491044344;	0.941448996868686;	0.942667989032160;	0.944629484874668;	0.946599601423394;	0.941928519969402;	0.943656485803213;	0.945445477972477;	0.946905629515232;	0.947965922093433;	0.948283235077156;	0.949472458323794;	0.950634353480209;	0.951748832010037;	0.951499001359581;	0.952614274867288;	0.953636193922808;	0.954450725906884;	0.954816020710538;	0.953575473141119;	0.954640411706212;	0.955732504247152;	0.956887551675597;	0.958009638558910;	0.959065968586211;	0.960147280357520;	0.961189502594894;	0.962237582289826;	0.963280992841404;	0.964218764769619;	0.965229121846309;	0.966309143392337;	0.967154473970644;	0.967947821215503;	0.968939746317496;	0.969912899174087;	0.970955920782678;	0.971849111081708;	0.971710333503597;	0.972144546901179;	0.968792420925183;	0.969941018888112;	0.971183970681046;	0.972651715159376;	0.974053129671166;	0.975446333957545;	0.976842308154672;	0.978207365991150;	0.979607828398458;	0.980787654874343;	0.981974435277298;	0.983242411286171;	0.984471810748029;	0.985638153729227;	0.986785293665941;	0.987897460997485;	0.988908199371967;	0.990368036327502;	0.991756187444286;	0.992871398960370;	0.993962780378082;	0.995027892053933;	0.995787118128511;	0.996319985166158;	0.999892971950370
0.746636975398988;	0.590124921956915;	0.602389709083069;	0.596683342377336;	0.590965925822921;	0.586148057650860;	0.582807339691062;	0.604320949864584;	0.619950574898440;	0.638497657372792;	0.637770775635817;	0.661264631099774;	0.732119156671047;	0.752502472499312;	0.763689365456129;	0.787770437999271;	0.789192040090211;	0.794308638928142;	0.806790646841279;	0.819637252619543;	0.829134761805598;	0.841708561456170;	0.848897670918677;	0.855630172755447;	0.860184989032484;	0.866425248973459;	0.872002108351863;	0.878211081115548;	0.882652866829756;	0.889300087875063;	0.892254369470527;	0.896304865022570;	0.901252856863634;	0.904505306678414;	0.907533174848061;	0.911466444676759;	0.914092854906049;	0.918207755325833;	0.919397482321235;	0.922661984030480;	0.924403743895963;	0.928609790143876;	0.928595778306222;	0.931406061577373;	0.934858206197958;	0.935656615278947;	0.938935522792098;	0.940800975521334;	0.940804476263016;	0.943191350784919;	0.946015399915546;	0.948109033129222;	0.947455275381050;	0.949693108477303;	0.951255802356617;	0.952963011859371;	0.952936041872740;	0.954043756451007;	0.955721575571108;	0.957387169852056;	0.955459125289142;	0.956971573080168;	0.958516171850062;	0.959808378723543;	0.960842710701583;	0.961249634821939;	0.962353157679201;	0.963462881852647;	0.964514218137564;	0.964389989760478;	0.965400916793288;	0.966357810229240;	0.967170691654520;	0.967669141952030;	0.961317661018135;	0.962191362554721;	0.963099730479493;	0.964067374619860;	0.965012801986561;	0.965911334644377;	0.966833670888842;	0.967724821694072;	0.968634011843105;	0.969543108120492;	0.970371070318955;	0.971271094405374;	0.972232121280443;	0.972998652381073;	0.973724994450254;	0.974618516472871;	0.975494557223387;	0.976422960782024;	0.977225324731853;	0.977185202743925;	0.977604718932257;	0.977136360135859;	0.977996459293746;	0.978923948432715;	0.980002949618495;	0.981042372110466;	0.982068075300068;	0.983093514506064;	0.984098800102355;	0.985117544356855;	0.985991068632246;	0.986870111731273;	0.987793990996746;	0.988680645802870;	0.989527200637037;	0.990357224039749;	0.991157898809190;	0.991883742719844;	0.992874488885949;	0.993814384007894;	0.994606124708463;	0.995429526622179;	0.996251041665468;	0.996838420789467;	0.997271583714980;	0.999946371330010
0.759151391573881;	0.612212725469318;	0.624636811949777;	0.619204309341047;	0.613755263810929;	0.609129511389459;	0.604823275916942;	0.626085302148641;	0.642315036118682;	0.660363770188867;	0.658960146252096;	0.682117446634896;	0.751410658080996;	0.770911778075256;	0.781712017674789;	0.804684602251156;	0.806838807441515;	0.811914677604587;	0.823815882713122;	0.836043469570988;	0.845063745072228;	0.857212514951402;	0.864190315865605;	0.870477268543203;	0.874958935295617;	0.880778797054792;	0.885851782000884;	0.891731225010120;	0.895863184258661;	0.901950518829289;	0.904956314442313;	0.908630722734492;	0.913138773992203;	0.916332027441405;	0.919151338948622;	0.922743764115616;	0.925433272500086;	0.929194261244747;	0.930310969749478;	0.933230262906767;	0.935191777737243;	0.938944048380828;	0.939012743861684;	0.941514015823065;	0.944608617025015;	0.945833763262307;	0.948734566951959;	0.950336107899992;	0.950389498288671;	0.952485008215469;	0.954910686776891;	0.956726279193825;	0.956869226139201;	0.958774248437578;	0.960098962641939;	0.961540869583037;	0.961517392003498;	0.962492058711608;	0.963912841019309;	0.965296096438420;	0.964907392636358;	0.966137707962147;	0.967383320448167;	0.968423548010263;	0.969277233157145;	0.969593664592394;	0.970455171349714;	0.971328470462506;	0.972141177595910;	0.971944363846347;	0.972685473812965;	0.973381581403029;	0.973958191765428;	0.974284848277285;	0.973643219520771;	0.974395433243488;	0.975123039337959;	0.975863497472593;	0.976580281675856;	0.977256727068172;	0.977922755962562;	0.978543533432067;	0.979184819896224;	0.979808313205820;	0.980360790459599;	0.980958870912827;	0.981569088345589;	0.982087969054842;	0.982590369017255;	0.983182240878667;	0.983764569779186;	0.984371798692758;	0.984869825916196;	0.984678959871668;	0.984878145403939;	0.981937677302619;	0.982673593403644;	0.983462910761882;	0.984366503606998;	0.985233786180274;	0.986082808482240;	0.986926110048687;	0.987749715364829;	0.988574992742011;	0.989284726992244;	0.989996428392436;	0.990734053197889;	0.991432786074902;	0.992101422611307;	0.992753208710798;	0.993377731350722;	0.993936134345327;	0.994664186735176;	0.995351335035139;	0.995942300727671;	0.996571895900996;	0.997204453409632;	0.997655940068580;	0.998004112004699;	0.999974667559640
0.771675590566356;	0.634126643454526;	0.646664264277281;	0.641502373890975;	0.636319388032164;	0.631884711245600;	0.626660428543641;	0.647547591788784;	0.664241100247567;	0.681691490369583;	0.679746948455947;	0.702505884216124;	0.769836935493704;	0.788406768703856;	0.798760391065736;	0.820569302191773;	0.823361469632628;	0.828337337534784;	0.839619241016639;	0.851205328815830;	0.859718523162366;	0.871400534657487;	0.878118542660300;	0.883953082325311;	0.888308528589728;	0.893704225547124;	0.898303167707733;	0.903817667362876;	0.907641217239454;	0.913202680092763;	0.916174457684884;	0.919500533431220;	0.923601163046271;	0.926664022897880;	0.929274643253560;	0.932553023174224;	0.935197709752645;	0.938621464544943;	0.939670800376127;	0.942279452269590;	0.944299593035181;	0.947646590011839;	0.947774184867312;	0.950004144155403;	0.952776042898382;	0.954178123957397;	0.956741677545959;	0.958119952363304;	0.958204475669101;	0.960049415662694;	0.962140609023252;	0.963715506496111;	0.964214695792291;	0.965837008136786;	0.966963404370984;	0.968182146311885;	0.968161697648508;	0.969013897658516;	0.970223264945799;	0.971376403154181;	0.971557489587183;	0.972545003422091;	0.973545002353658;	0.974375156138000;	0.975059483982678;	0.975293601871486;	0.975962868716377;	0.976651158076466;	0.977292402229354;	0.977086686212211;	0.977664092320600;	0.978209871783380;	0.978661335345865;	0.978914995125159;	0.978858455909816;	0.979355759883735;	0.979849375750550;	0.980368498274161;	0.980883709389617;	0.981382233079743;	0.981884631242303;	0.982357450567067;	0.982859313125468;	0.983352115354198;	0.983791055514419;	0.984275714632597;	0.984776034038214;	0.985201716287123;	0.985617178923523;	0.986113829449231;	0.986604753401938;	0.987118557631994;	0.987543543608417;	0.987410972735042;	0.987595806490202;	0.988097749615003;	0.988556964997258;	0.989053234317939;	0.989617374762845;	0.990175842839338;	0.990719955338851;	0.991262800543428;	0.991799056917478;	0.992327767131099;	0.992800744543597;	0.993276435605539;	0.993757547972318;	0.994208272019865;	0.994643549706155;	0.995066053061543;	0.995467572947982;	0.995830298980182;	0.996251895767062;	0.996645512795491;	0.997023192921869;	0.997476042455240;	0.997948057371573;	0.998287201332884;	0.998559680191654;	0.999988809486712
0.784172213666640;	0.655803797543569;	0.668406502740118;	0.663511566634182;	0.658591107399575;	0.654345906056703;	0.648258788391524;	0.668653959800239;	0.685675574541281;	0.702435816598422;	0.700080033300002;	0.722379262122980;	0.787388211798557;	0.804991367769764;	0.814849696914435;	0.835457442221514;	0.838797057565476;	0.843625478110166;	0.854263753160386;	0.865197262507370;	0.873186181144306;	0.884368370330664;	0.890790414655646;	0.896176022598280;	0.900365404824257;	0.905343116158222;	0.909500726548945;	0.914632276265612;	0.918155722859359;	0.923227328899730;	0.926105111128992;	0.929112884715126;	0.932838977828229;	0.935727279703664;	0.938135515940444;	0.941125894392153;	0.943657021265978;	0.946765156725564;	0.947753663332541;	0.950084969408359;	0.952062604010896;	0.955049919184826;	0.955221612946714;	0.957213421354205;	0.959695845900925;	0.961125414597708;	0.963392258663821;	0.964585510118021;	0.964692944438229;	0.966322860508926;	0.968134593216020;	0.969504800908250;	0.970125050781094;	0.971514745311294;	0.972483345945288;	0.973522038387094;	0.973513763038434;	0.974262806966008;	0.975302935971137;	0.976275982268094;	0.976611153231320;	0.977420608517935;	0.978244845453982;	0.978927884337503;	0.979492967763041;	0.979686878988648;	0.980231875132915;	0.980800891034498;	0.981335906114063;	0.981166770121021;	0.981648871150997;	0.982107888899310;	0.982490392598761;	0.982713757776028;	0.982707633484002;	0.983111789629827;	0.983522110168667;	0.983958520847196;	0.984395273742478;	0.984822700895214;	0.985254002797916;	0.985660238051334;	0.986095058323959;	0.986521445797188;	0.986902601852809;	0.987322318738263;	0.987752941700297;	0.988120959441496;	0.988479995021057;	0.988904912707412;	0.989323215596708;	0.989757281865215;	0.990117909345187;	0.990034260869852;	0.990200995834791;	0.990313067938005;	0.990706627197323;	0.991133223378626;	0.991617567495610;	0.992094336711945;	0.992558026565315;	0.993019418775923;	0.993473853555252;	0.993920960799915;	0.994317837661363;	0.994716221916211;	0.995118196282381;	0.995492141117881;	0.995853661944752;	0.996203883007872;	0.996536236246253;	0.996831511080448;	0.997173679886350;	0.997495219249309;	0.997797424926646;	0.998147647562526;	0.998507215497832;	0.998763347296094;	0.998976204766878;	0.999995420222101
0.796602208645012;	0.677179961863408;	0.689796351665427;	0.685164464203752;	0.680503090893178;	0.676446126481720;	0.669558556031521;	0.689350892491431;	0.706565670674813;	0.722555041491215;	0.719911512166232;	0.741690627770204;	0.804061364198504;	0.820673772705438;	0.830000050622390;	0.849385321495856;	0.853189427696814;	0.857832509893701;	0.867814710483536;	0.878093575246607;	0.885551997678692;	0.896210455299343;	0.902310632896456;	0.907259151016880;	0.911253857006042;	0.915826958619986;	0.919577215156597;	0.924321606024131;	0.927558386202978;	0.932176172926937;	0.934920455303823;	0.937639430238773;	0.941022706975432;	0.943712529119825;	0.945928163756061;	0.948654664021062;	0.951032255834553;	0.953847898378589;	0.954781199169360;	0.956865619220506;	0.958741947110165;	0.961409787264371;	0.961615662084581;	0.963397331264160;	0.965619743788825;	0.966994321159495;	0.969000572485909;	0.970041009301790;	0.970167445666227;	0.971610883040069;	0.973186994865815;	0.974382839216050;	0.975012010364277;	0.976210589303016;	0.977053439574409;	0.977946560114500;	0.977957064205666;	0.978619625168052;	0.979521646148409;	0.980351563175455;	0.980698025053671;	0.981377550215304;	0.982073474416289;	0.982650882325237;	0.983130842522896;	0.983307144312625;	0.983765451331239;	0.984248884610563;	0.984707021360102;	0.984582193646543;	0.984993875985561;	0.985387014995067;	0.985716437746275;	0.985916708539607;	0.985926126865931;	0.986265929322591;	0.986614635385838;	0.986985384500823;	0.987356138450816;	0.987720000494628;	0.988085458683161;	0.988428226368352;	0.988796909610017;	0.989157118464867;	0.989479141878549;	0.989833337181128;	0.990195282142454;	0.990505133017008;	0.990807513871765;	0.991164000673068;	0.991514243217156;	0.991875938921342;	0.992177726022936;	0.992128129380677;	0.992275555882988;	0.992438558243660;	0.992762102118401;	0.993112886727679;	0.993508946291115;	0.993897054188289;	0.994273028874455;	0.994645865865892;	0.995012137934314;	0.995370762879858;	0.995687951138372;	0.996005835666591;	0.996324816273981;	0.996619029505867;	0.996904081826028;	0.997179470880359;	0.997440018638038;	0.997668208206959;	0.997927030314862;	0.998170201820139;	0.998398780262476;	0.998661968126558;	0.998930535582515;	0.999120663374970;	0.999282764862162;	0.999998272255524
0.808925196452425;	0.698190517077620;	0.710766783950536;	0.706393730663695;	0.701987674494091;	0.698117817625598;	0.690499514175938;	0.709586493092587;	0.726861961220543;	0.742010938333173;	0.739195135491846;	0.760395658548663;	0.819859086516074;	0.835468002816689;	0.844236932945677;	0.862393780660800;	0.866584989305974;	0.871014407176107;	0.880338594266288;	0.889968565506726;	0.896899561111073;	0.907017694981237;	0.912779247365066;	0.917308421647460;	0.921089457356553;	0.925276217025036;	0.928653049926073;	0.933016183879483;	0.935982347508644;	0.940181268041902;	0.942767884741264;	0.945225847661328;	0.948295725161476;	0.950777228275734;	0.952811567330466;	0.955295628772686;	0.957499499117435;	0.960045348144214;	0.960927434202521;	0.962791363255706;	0.964535849876344;	0.966918495418636;	0.967150731711272;	0.968744856274107;	0.970732209051687;	0.972011331159627;	0.973787201362728;	0.974699588252229;	0.974841635537390;	0.976120644989076;	0.977494706846363;	0.978539912487763;	0.979131064709660;	0.980169275171452;	0.980908282821017;	0.981680429760879;	0.981710969533335;	0.982298313401449;	0.983082719458557;	0.983793795363703;	0.984112504202641;	0.984690368188213;	0.985284337694651;	0.985777922989999;	0.986189907094802;	0.986354456820748;	0.986743155042780;	0.987155719008091;	0.987548826245621;	0.987461772724242;	0.987812912390929;	0.988148500523424;	0.988430841117995;	0.988608950904124;	0.988628985285029;	0.988913600206039;	0.989208006050144;	0.989520660845575;	0.989833058114637;	0.990140538637747;	0.990448175769273;	0.990735779007983;	0.991046632142441;	0.991349454623908;	0.991620408564195;	0.991918005639325;	0.992220880436925;	0.992480744060163;	0.992734356192786;	0.993031788376798;	0.993323283911233;	0.993622648731438;	0.993873391528950;	0.993848730187861;	0.993977350465729;	0.994107345014182;	0.994372932364934;	0.994661017397088;	0.994984862175413;	0.995300758155987;	0.995605711243416;	0.995907073299303;	0.996202226179354;	0.996489926342458;	0.996743226694507;	0.996996467073619;	0.997249252592107;	0.997480529130457;	0.997704740009936;	0.997920607768856;	0.998124103508564;	0.998299856447163;	0.998495691328514;	0.998679604707157;	0.998851655059606;	0.999047340818021;	0.999245321522539;	0.999384480600585;	0.999505788684111;	0.999999396142793
0.821099890654705;	0.718771147372774;	0.731251539065502;	0.727132702767592;	0.722977784532102;	0.719293900994692;	0.711021624432593;	0.729310417226252;	0.746518122986141;	0.760769652559917;	0.757887425908663;	0.778453292341041;	0.834789546494520;	0.849392918024082;	0.857589681463551;	0.874526241754829;	0.879032562833149;	0.883228242382500;	0.891901594962364;	0.900894332388237;	0.907308662651460;	0.916876058367682;	0.922289838803269;	0.926421387199317;	0.929977522794901;	0.933799062448378;	0.936835349241087;	0.940829832933424;	0.943542759951689;	0.947355388834924;	0.949771501785713;	0.951993566240914;	0.954776253195758;	0.957049295565837;	0.958913494113307;	0.961173456749322;	0.963196696409434;	0.965493697312845;	0.966326405825885;	0.967992261880943;	0.969592265694098;	0.971717991121808;	0.971969253387289;	0.973393994524526;	0.975167142336599;	0.976334366284143;	0.977904153804827;	0.978706735772301;	0.978860410812761;	0.979991628852821;	0.981188834025456;	0.982101426170629;	0.982638684642853;	0.983538608978315;	0.984187661438663;	0.984855539179747;	0.984902964929404;	0.985422179890332;	0.986102755450174;	0.986711315717338;	0.986995178412615;	0.987487364594760;	0.987994146923917;	0.988415665092493;	0.988768717392577;	0.988921140878005;	0.989249820854895;	0.989600189155271;	0.989935312034242;	0.989877503663346;	0.990174975544705;	0.990459535490800;	0.990699848347754;	0.990856467332278;	0.990883121828782;	0.991119961814879;	0.991366733507352;	0.991628484988062;	0.991889781937670;	0.992147610231447;	0.992404588084860;	0.992644061618841;	0.992903965830631;	0.993156403018604;	0.993382389989890;	0.993630169462594;	0.993881334505855;	0.994097232943759;	0.994307896935190;	0.994553711856369;	0.994794022086980;	0.995039518441792;	0.995245841372788;	0.995238292761981;	0.995348842954237;	0.995461895310879;	0.995677477208603;	0.995911255783171;	0.996172754366337;	0.996426637927129;	0.996670791425459;	0.996911168850076;	0.997145818184834;	0.997373450191707;	0.997572970755765;	0.997771898424324;	0.997969368395930;	0.998148577135205;	0.998322328903840;	0.998488974729249;	0.998645426785139;	0.998778745901356;	0.998924629252153;	0.999061495239289;	0.999188995960234;	0.999332320195486;	0.999476042380438;	0.999576308145631;	0.999665333994347;	0.999999784161497
0.833084417521514;	0.738858432637933;	0.751185898051829;	0.747316338771179;	0.743408049109712;	0.739908961266674;	0.731065696740016;	0.748474371437883;	0.765491310256427;	0.778801651832635;	0.775948172645898;	0.795825911446556;	0.848865529561895;	0.862471514675210;	0.870090925278893;	0.885827546428234;	0.890581978416260;	0.894530966799012;	0.902568099869902;	0.910940050705983;	0.916853950817739;	0.925865626040049;	0.930928303214966;	0.934686468993311;	0.938012196775036;	0.941491237281146;	0.944217635340848;	0.947860587518577;	0.950337363456352;	0.953793459968444;	0.956034178486392;	0.958042052687836;	0.960560842417438;	0.962631004025358;	0.964335145981451;	0.966386850413429;	0.968230421453252;	0.970297211487261;	0.971080859216595;	0.972567289351568;	0.974020360186401;	0.975912614264344;	0.976175754551864;	0.977445571327704;	0.979021876800528;	0.980073726065891;	0.981457213004552;	0.982163006208118;	0.982323384613130;	0.983319951718024;	0.984359996357245;	0.985154056569603;	0.985634194117004;	0.986411958619035;	0.986980243676459;	0.987556012862184;	0.987615372148084;	0.988071296113349;	0.988658327777684;	0.989176515796679;	0.989426134040630;	0.989843525921686;	0.990273595888279;	0.990631407977689;	0.990931912922191;	0.991070750133435;	0.991346768441134;	0.991642179300748;	0.991925828528081;	0.991890218988023;	0.992140391804687;	0.992379785398798;	0.992582624929594;	0.992718730503046;	0.992748835946887;	0.992944555036058;	0.993149858135726;	0.993367329866826;	0.993584206370115;	0.993798664064252;	0.994011625340924;	0.994209478387150;	0.994424972355305;	0.994633666814521;	0.994820573614587;	0.995025104646451;	0.995231615468403;	0.995409437633766;	0.995582876295800;	0.995784197562241;	0.995980497723473;	0.996179976449907;	0.996348123922810;	0.996351787710461;	0.996445460776456;	0.996540383882997;	0.996713705183103;	0.996901509069810;	0.997110509758299;	0.997312454088623;	0.997505884278630;	0.997695563754487;	0.997880051899553;	0.998058128675734;	0.998213494993305;	0.998367900120736;	0.998520283043682;	0.998657460651304;	0.998790368373166;	0.998917283944005;	0.999035880346535;	0.999135632691214;	0.999242855935177;	0.999343287997203;	0.999436397939204;	0.999539774740872;	0.999642445442965;	0.999713499570000;	0.999777537914152;	0.999999902620232
0.844836572801109;	0.758390254719399;	0.770507117994135;	0.766881629840889;	0.763215216005534;	0.759899781785647;	0.750574225351015;	0.767032677217124;	0.783742305603465;	0.796081607490255;	0.793340519035609;	0.812480111058919;	0.862103848163311;	0.874729974512782;	0.881775674343289;	0.896342899036253;	0.901282830534029;	0.904978499889748;	0.912399377555754;	0.920170631911854;	0.925604226902664;	0.934059579240864;	0.938772520087599;	0.942182346166477;	0.945276651396945;	0.948436000938308;	0.950880617356714;	0.954191496624047;	0.956448029485871;	0.959574618520639;	0.961639958936540;	0.963452424928992;	0.965727550077193;	0.967603445237851;	0.969156633100964;	0.971013514824114;	0.972682822079307;	0.974536163079488;	0.975269703651719;	0.976592231913349;	0.977901759855928;	0.979580233815386;	0.979847991871049;	0.980975046816679;	0.982369755084934;	0.983308803699664;	0.984522425659891;	0.985141246246989;	0.985303327653496;	0.986176261590369;	0.987075246872551;	0.987762455162045;	0.988187010310748;	0.988855695887007;	0.989350127125110;	0.989843490850805;	0.989909589969223;	0.990306612330673;	0.990809254672893;	0.991247567493936;	0.991464861068521;	0.991816369800201;	0.992178624527286;	0.992480084544299;	0.992733885252197;	0.992858444853645;	0.993088675361917;	0.993335880122526;	0.993573955527840;	0.993554584234564;	0.993763290558649;	0.993963056877101;	0.994132825896005;	0.994249764783279;	0.994280953298530;	0.994441508589107;	0.994610947986024;	0.994790170822787;	0.994968712427543;	0.995145591681785;	0.995320612430044;	0.995482741934595;	0.995659847021511;	0.995830868301746;	0.995984076030595;	0.996151361924739;	0.996319607469468;	0.996464699644641;	0.996606123822838;	0.996769409466546;	0.996928190799755;	0.997088699973620;	0.997224344873754;	0.997234764995337;	0.997313012080328;	0.997391948147492;	0.997529815524157;	0.997679005168534;	0.997844141977159;	0.998002919343287;	0.998154361803989;	0.998302235484790;	0.998445494477914;	0.998583049127539;	0.998702492918581;	0.998820762240474;	0.998936770180466;	0.999040358762442;	0.999140580774287;	0.999235817189653;	0.999324346312741;	0.999397868423503;	0.999475512082816;	0.999548078348544;	0.999614995378261;	0.999688342760802;	0.999760440313749;	0.999809909647621;	0.999855017038477;	0.999999932824054
0.856314075422868;	0.777306207496912;	0.789154953580539;	0.785768096924464;	0.782338576050123;	0.779205684720719;	0.769491626527356;	0.784942801610507;	0.801236384545114;	0.812588397216645;	0.810031151925313;	0.828386869626443;	0.874525239638516;	0.886196730486621;	0.892680217494774;	0.906117117641482;	0.911183333778167;	0.914624474575489;	0.921453207285680;	0.928645851309580;	0.933621990073879;	0.941523631935971;	0.945892003529221;	0.948978002582984;	0.951843324386617;	0.954704801751511;	0.956893252036727;	0.959892012796674;	0.961943114712968;	0.964764235768572;	0.966657565004238;	0.968290542958520;	0.970339501188998;	0.972031463407654;	0.973441549796034;	0.975115401855528;	0.976618328999318;	0.978273129637176;	0.978954967432709;	0.980127127682195;	0.981299143765876;	0.982780942503242;	0.983046750716726;	0.984041740631436;	0.985268562654672;	0.986100198316350;	0.987158702001627;	0.987698431995329;	0.987857419144575;	0.988616835439573;	0.989389158655500;	0.989980026504216;	0.990351895534720;	0.990922873808298;	0.991349760686461;	0.991769550404531;	0.991838099648228;	0.992180591567821;	0.992607420637707;	0.992975400248391;	0.993162741226025;	0.993456563026515;	0.993759361051277;	0.994011380101979;	0.994224012889772;	0.994334070416816;	0.994524651284660;	0.994729857881523;	0.994927985728939;	0.994920135966208;	0.995092782123908;	0.995258043672973;	0.995398866617082;	0.995498185410831;	0.995528749366678;	0.995659451175048;	0.995798133738411;	0.995944591918812;	0.996090324830705;	0.996234922011062;	0.996377501282443;	0.996509208081194;	0.996653423819915;	0.996792288816759;	0.996916706872651;	0.997052225683914;	0.997187990715356;	0.997305225218980;	0.997419395511944;	0.997550494231695;	0.997677614225352;	0.997805444971144;	0.997913705416470;	0.997927636945541;	0.997992066952814;	0.998056731599247;	0.998165186065415;	0.998282329779476;	0.998411264945207;	0.998534606603679;	0.998651726715919;	0.998765566627676;	0.998875380708228;	0.998980239690657;	0.999070845970693;	0.999160189561594;	0.999247261567267;	0.999324378622411;	0.999398828178698;	0.999469190311066;	0.999534217111906;	0.999587551807390;	0.999642897448502;	0.999694479902082;	0.999741761920146;	0.999792898960118;	0.999842609696832;	0.999876406014872;	0.999907485102660;	0.999999939074167
0.867475249545175;	0.795548630345056;	0.807072621041137;	0.803918493323416;	0.800720566511418;	0.797769226701079;	0.787764715741509;	0.802165602743290;	0.817943674462620;	0.828305903597331;	0.825990350521373;	0.843521712479374;	0.886153432751881;	0.896902237248325;	0.902841046823604;	0.915193451002200;	0.920330166456006;	0.923519351767963;	0.929782964048524;	0.936420074483165;	0.940963017443306;	0.948316515851087;	0.952347908987013;	0.955133729928061;	0.957774532112974;	0.960358935916202;	0.962313920946585;	0.965020538704886;	0.966879460053807;	0.969416768983200;	0.971143400641179;	0.972610243865737;	0.974448849990359;	0.975967561223993;	0.977241680654039;	0.978743407237886;	0.980088699984826;	0.981558869828451;	0.982187554528993;	0.983221227010400;	0.984263171438498;	0.985564129628352;	0.985822057606260;	0.986694888863546;	0.987767098869004;	0.988497911789823;	0.989414887489150;	0.989882554500789;	0.990034657016475;	0.990690364043551;	0.991349175669100;	0.991853466427541;	0.992176308424588;	0.992660309143890;	0.993025752049221;	0.993380115725555;	0.993447748473184;	0.993740438309550;	0.994099853280872;	0.994406367411403;	0.994566343093834;	0.994810032024653;	0.995061106829528;	0.995270073202384;	0.995446708926111;	0.995542565732778;	0.995699031690085;	0.995867912469319;	0.996031311915838;	0.996031290084253;	0.996172868660858;	0.996308376569327;	0.996424119900009;	0.996507509959906;	0.996536259769172;	0.996641788039376;	0.996754300810611;	0.996872926819696;	0.996990821774127;	0.997107939709960;	0.997223027579754;	0.997329049934362;	0.997445354946351;	0.997557024743514;	0.997657074638853;	0.997765758576311;	0.997874214808316;	0.997967971457130;	0.998059176136203;	0.998163316171570;	0.998263994017178;	0.998364702437288;	0.998450140926893;	0.998465310098007;	0.998517597460781;	0.998569822648939;	0.998654140841556;	0.998744997924121;	0.998844409013699;	0.998939008502774;	0.999028413427829;	0.999114892026806;	0.999197924188653;	0.999276747906077;	0.999344510009687;	0.999411018231480;	0.999475395969185;	0.999531942550584;	0.999586374204315;	0.999637509004983;	0.999684462981680;	0.999722503871240;	0.999761297646731;	0.999797329371713;	0.999830136258708;	0.999865126830758;	0.999898738011612;	0.999921363990036;	0.999942283073173;	0.999999940380660
0.878279638972012;	0.813063601672859;	0.824208059996190;	0.821280388902409;	0.818308260232112;	0.815537030387485;	0.805343084536222;	0.818665692993604;	0.833839305561742;	0.843222862145679;	0.841193267729091;	0.857864661814256;	0.897014330917668;	0.906877976430389;	0.912294482063162;	0.923612744722995;	0.928767453232086;	0.931710151085264;	0.937437106008468;	0.943542326864659;	0.947676318133251;	0.954490088146142;	0.958193754005398;	0.960701777479315;	0.963123942839858;	0.965450771088095;	0.967192385493256;	0.969626312551393;	0.971304822933713;	0.973578271621185;	0.975144322681966;	0.976457006827054;	0.978099531758006;	0.979455753210413;	0.980600834179075;	0.981940586263528;	0.983137726393117;	0.984436536808300;	0.985010872441901;	0.985917319959782;	0.986837377444982;	0.987972309478444;	0.988217624589190;	0.988978094706773;	0.989908516374541;	0.990545606757540;	0.991334342160924;	0.991736660451831;	0.991878875930177;	0.992440496437508;	0.992998393092977;	0.993425541994765;	0.993703179464956;	0.994110174984581;	0.994420298575703;	0.994717052877596;	0.994781417359216;	0.995029159564283;	0.995329180797861;	0.995582462057169;	0.995717736254706;	0.995918195265687;	0.996124594370256;	0.996296336135475;	0.996441740525621;	0.996524075928014;	0.996651457551912;	0.996789220796983;	0.996922734642006;	0.996927699287116;	0.997042734780248;	0.997152808552278;	0.997247031001435;	0.997316244592232;	0.997342438173646;	0.997426911593263;	0.997517356735846;	0.997612546479238;	0.997707025077215;	0.997800966028864;	0.997892967368904;	0.997977500978809;	0.998070353122165;	0.998159248066302;	0.998238878098228;	0.998325126203322;	0.998410854732498;	0.998485029160929;	0.998557086526651;	0.998638888506979;	0.998717722084108;	0.998796161703576;	0.998862796435069;	0.998877692360807;	0.998919501245301;	0.998961060746077;	0.999025804249760;	0.999095365939819;	0.999171003497751;	0.999242587453726;	0.999309903069673;	0.999374677160513;	0.999436556422254;	0.999494937901939;	0.999544858580316;	0.999593603469703;	0.999640448701864;	0.999681249186024;	0.999720379088241;	0.999756896381071;	0.999790191006290;	0.999816838910989;	0.999843547700961;	0.999868250291418;	0.999890575163670;	0.999914041904452;	0.999936295955895;	0.999951117784396;	0.999964852181019;	0.999999940960660
0.888688436318438;	0.829801511060177;	0.840514548384273;	0.837806763842043;	0.835054320072387;	0.832461490991094;	0.822180528267049;	0.834411469196647;	0.848903603768898;	0.857332633221026;	0.855619860683892;	0.871401660885239;	0.907135184650458;	0.916155622902688;	0.921075934094355;	0.931412950576715;	0.936536256108303;	0.939240183745087;	0.944459040132335;	0.950056270531946;	0.953805312870350;	0.960089858617158;	0.963476644868279;	0.965727323631447;	0.967938134134946;	0.970025155379082;	0.971571740915322;	0.973751268457537;	0.975260483245612;	0.977288401926336;	0.978700884469430;	0.979870175865112;	0.981329959601641;	0.982534585867055;	0.983557283209977;	0.984745367414907;	0.985804086646288;	0.986944240375858;	0.987464160413004;	0.988254082015349;	0.989060630299165;	0.990044179600257;	0.990273320348826;	0.990930934037126;	0.991732380905101;	0.992283353363319;	0.992956571184318;	0.993299918309060;	0.993430413604699;	0.993907548382984;	0.994376253892154;	0.994735071096395;	0.994971640784165;	0.995311150949511;	0.995571999391736;	0.995818427179365;	0.995877945738455;	0.996085632065685;	0.996333831736598;	0.996541322158802;	0.996654513698813;	0.996817964212173;	0.996986142377180;	0.997126026140494;	0.997244618520314;	0.997314378945260;	0.997417152397902;	0.997528483433858;	0.997636527191485;	0.997644368183457;	0.997736950455795;	0.997825499696096;	0.997901438896378;	0.997958210330585;	0.997981440012662;	0.998048445406707;	0.998120453980048;	0.998196095125596;	0.998271064172034;	0.998345650834650;	0.998418453391382;	0.998485175315953;	0.998558519432239;	0.998628533255938;	0.998691228266176;	0.998758918301240;	0.998825931853272;	0.998883950969871;	0.998940222976430;	0.999003724389104;	0.999064717888719;	0.999125080359593;	0.999176405563458;	0.999190100062436;	0.999223025299934;	0.999255598272709;	0.999304661533048;	0.999357194855125;	0.999413942903343;	0.999467343834984;	0.999517294563585;	0.999565092369868;	0.999610505141453;	0.999653071827288;	0.999689265359253;	0.999724405605888;	0.999757919994981;	0.999786858006149;	0.999814486966697;	0.999840084546970;	0.999863242248558;	0.999881553534096;	0.999899592664126;	0.999916191548370;	0.999931069893927;	0.999946472617633;	0.999960878584271;	0.999970363303888;	0.999979142948652;	0.999999941473672
0.898665123773115;	0.845717931333086;	0.855951574123575;	0.853456737590370;	0.850917508392023;	0.848501216676546;	0.838235964000514;	0.849376991833901;	0.863122494624816;	0.870633147409323;	0.869255007798611;	0.884124283260356;	0.916544618034499;	0.924766152716696;	0.929219023635731;	0.938629053295869;	0.943674100356949;	0.946148781402987;	0.950888013427099;	0.956000499460399;	0.959388260281594;	0.965156026973979;	0.968238083415519;	0.970250309941002;	0.972257840039175;	0.974121777690395;	0.975489823971049;	0.977432532221277;	0.978782890279547;	0.980582643724665;	0.981849185758428;	0.982884978468884;	0.984175216981928;	0.985238813328999;	0.986146244193109;	0.987193057419907;	0.988123042606578;	0.989117444093015;	0.989583617788444;	0.990267317009715;	0.990969281583588;	0.991815560280068;	0.992025984871519;	0.992590427184369;	0.993275465201412;	0.993747903233214;	0.994318015414541;	0.994608758708114;	0.994726349722962;	0.995128174632855;	0.995518813427409;	0.995817820787414;	0.996017487391282;	0.996298285431844;	0.996515668573858;	0.996718543516682;	0.996772265414364;	0.996944597379226;	0.997147977701760;	0.997316442361015;	0.997410181156207;	0.997542259382134;	0.997678010572097;	0.997790860579020;	0.997886641998696;	0.997944966893115;	0.998027118979132;	0.998116221387793;	0.998202773447920;	0.998211955154291;	0.998285721609740;	0.998356235219463;	0.998416807356532;	0.998462818497944;	0.998482942436715;	0.998535583773526;	0.998592333204247;	0.998651823929095;	0.998710695582162;	0.998769285960983;	0.998826284669595;	0.998878390842751;	0.998935682718684;	0.998990211004334;	0.999039013337143;	0.999091522561788;	0.999143295436500;	0.999188137391431;	0.999231547477298;	0.999280233119447;	0.999326830987697;	0.999372694123734;	0.999411710389077;	0.999423707504449;	0.999449232562014;	0.999474362913249;	0.999511028337112;	0.999550130836090;	0.999592079270110;	0.999631318010383;	0.999667814755334;	0.999702530761969;	0.999735320112945;	0.999765842146494;	0.999791640520223;	0.999816531502951;	0.999840079507216;	0.999860231247744;	0.999879369416450;	0.999896959894730;	0.999912738983331;	0.999925065411434;	0.999937000544376;	0.999947915884990;	0.999957611632587;	0.999967489555861;	0.999976591103961;	0.999982508753373;	0.999987960959166;	0.999999941978195
0.908175925746679;	0.860774204176538;	0.870485601807194;	0.868196589737374;	0.865863992074875;	0.863621998700789;	0.853473678208594;	0.863541705211982;	0.876488553565744;	0.883126938951631;	0.882088416912716;	0.896029589973259;	0.925271617083039;	0.932739795085778;	0.936754959446930;	0.945292579618756;	0.950215960178917;	0.952471321634775;	0.956759172221519;	0.961409758448052;	0.964459070699342;	0.969724882594692;	0.972514892251132;	0.974306624398027;	0.976119313708735;	0.977776289691301;	0.978980710197058;	0.980703785587337;	0.981905139231677;	0.983493841118239;	0.984622216923384;	0.985534484912261;	0.986667916083950;	0.987601135139018;	0.988400784071509;	0.989316638970436;	0.990128064688331;	0.990989294692888;	0.991403245069405;	0.991990959093364;	0.992597185708271;	0.993319918565093;	0.993510342528527;	0.993990931728282;	0.994571720410594;	0.994973429475025;	0.995452268300822;	0.995696339134894;	0.995800668904007;	0.996136199485298;	0.996459036541414;	0.996706001711197;	0.996872878786352;	0.997103089972998;	0.997282515619588;	0.997447988047944;	0.997495435866602;	0.997636976483994;	0.997802017785707;	0.997937512357676;	0.998014296701381;	0.998120006268978;	0.998228526543365;	0.998318675078293;	0.998395255115056;	0.998443366319712;	0.998508389315422;	0.998578976847369;	0.998647588377507;	0.998657050469041;	0.998715213820767;	0.998770770439263;	0.998818561264467;	0.998855393307367;	0.998872459179034;	0.998913399713977;	0.998957649080444;	0.999003934554058;	0.999049662368343;	0.999095172108038;	0.999139298061946;	0.999179535411742;	0.999223765991711;	0.999265735655048;	0.999303270885890;	0.999343507074719;	0.999383013610476;	0.999417236176669;	0.999450294406638;	0.999487133738097;	0.999522261054951;	0.999556640599914;	0.999585890174722;	0.999596001098085;	0.999615469338276;	0.999634542224337;	0.999661539773591;	0.999690201340494;	0.999720725187195;	0.999749098158016;	0.999775329953718;	0.999800122835736;	0.999823390598875;	0.999844890354997;	0.999862948467701;	0.999880251876057;	0.999896481301035;	0.999910241960289;	0.999923229907183;	0.999935063996631;	0.999945581720868;	0.999953698410010;	0.999961421329953;	0.999968434042559;	0.999974601527648;	0.999980779518744;	0.999986380398191;	0.999989972307539;	0.999993252136723;	0.999999942478662
0.917191369546394;	0.874939555165162;	0.884091756653984;	0.882000763197873;	0.879867380971289;	0.877797335809729;	0.867864330234489;	0.876890457466360;	0.889000329442315;	0.894821414768465;	0.894115099325784;	0.907119800227892;	0.933344755992062;	0.940105589753936;	0.943712635942928;	0.951431664333147;	0.956193960708847;	0.958240240659098;	0.962104156131716;	0.966315752552412;	0.969048251527978;	0.973829532178307;	0.976341090670136;	0.977929092669266;	0.979556242676367;	0.981021423024778;	0.982076443732240;	0.983596278280141;	0.984658750175090;	0.986052860703355;	0.987051535119715;	0.987849976903382;	0.988839172003748;	0.989652741153588;	0.990352132069443;	0.991147835663234;	0.991850704700504;	0.992591155191483;	0.992955321134214;	0.993456747797494;	0.993976165065653;	0.994588677758016;	0.994758478252327;	0.995164318564827;	0.995652717818482;	0.995991265119235;	0.996390007663432;	0.996593207921739;	0.996684395691675;	0.996961968446410;	0.997226419326590;	0.997428582002016;	0.997566648572048;	0.997753621931122;	0.997900243235136;	0.998033939135932;	0.998075051347537;	0.998190056291004;	0.998322618739230;	0.998430533140406;	0.998492740842532;	0.998576510149808;	0.998662375562219;	0.998733642974160;	0.998794224998206;	0.998833383754991;	0.998884323313561;	0.998939650064048;	0.998993442526588;	0.999002485810564;	0.999047845368524;	0.999091134061226;	0.999128415076803;	0.999157527694753;	0.999171715206481;	0.999203215977577;	0.999237332244817;	0.999272935494691;	0.999308047625733;	0.999342981696147;	0.999376739755771;	0.999407445818169;	0.999441173205993;	0.999473076695365;	0.999501582716441;	0.999532017663452;	0.999561772787546;	0.999587544727316;	0.999612378574324;	0.999639869530570;	0.999665978130809;	0.999691383482641;	0.999712990390268;	0.999721233038049;	0.999735831421930;	0.999750060797761;	0.999769628982100;	0.999790297250375;	0.999812139095426;	0.999832307355524;	0.999850834022676;	0.999868224679392;	0.999884433145029;	0.999899292755878;	0.999911689996080;	0.999923479832772;	0.999934436737594;	0.999943637590662;	0.999952260264579;	0.999960042436859;	0.999966889922142;	0.999972109363628;	0.999976987886631;	0.999981381339091;	0.999985203222651;	0.999988963537953;	0.999992312922445;	0.999994428534928;	0.999996332314401;	0.999999942975658
0.925686750949845;	0.888191653389969;	0.896754770312481;	0.894853530900744;	0.892911439742160;	0.891009811918849;	0.881384283493985;	0.889413604972766;	0.900662271116988;	0.905727872504251;	0.905336043660256;	0.917402797699585;	0.940791606968772;	0.946890905976847;	0.950119028801846;	0.957071323967216;	0.961637858920201;	0.963485675553673;	0.966951907659383;	0.970747839717213;	0.973184731953403;	0.977500672478519;	0.979748504675392;	0.981148452450890;	0.982600245092500;	0.983888259115088;	0.984807443136865;	0.986140024103497;	0.987073833601212;	0.988289424421620;	0.989167356144606;	0.989861341413915;	0.990719010973698;	0.991423280071588;	0.992030470701254;	0.992716654851211;	0.993320880951068;	0.993952788481814;	0.994269984755639;	0.994694542083080;	0.995135972130819;	0.995650836079164;	0.995800306617045;	0.996140173158359;	0.996547298819526;	0.996830024158132;	0.997159153603747;	0.997326769591709;	0.997405295590438;	0.997632778638163;	0.997847418630853;	0.998011324416411;	0.998124358767029;	0.998274764748980;	0.998393351687673;	0.998500290016174;	0.998535268357666;	0.998627694334716;	0.998733051021893;	0.998818117145892;	0.998867934842687;	0.998933624389265;	0.999000844788634;	0.999056579913318;	0.999103978141129;	0.999135417412676;	0.999174892180680;	0.999217775230542;	0.999259467237413;	0.999267674120677;	0.999302643336427;	0.999335980699374;	0.999364718192451;	0.999387429096615;	0.999399002623798;	0.999422967744411;	0.999448961714649;	0.999476021189077;	0.999502656197857;	0.999529139802802;	0.999554644765182;	0.999577785836235;	0.999603171145469;	0.999627105921287;	0.999648467141854;	0.999671175624057;	0.999693278409007;	0.999712414198068;	0.999730802198474;	0.999751017317657;	0.999770134008037;	0.999788624766664;	0.999804338293836;	0.999810859419900;	0.999821613022507;	0.999832039487822;	0.999845986580052;	0.999860633803387;	0.999875986597266;	0.999890063537504;	0.999902905931087;	0.999914872252078;	0.999925942008084;	0.999936005647544;	0.999944341395533;	0.999952203540259;	0.999959438733040;	0.999965453051490;	0.999971043972441;	0.999976037742529;	0.999980384261400;	0.999983655764478;	0.999986658126535;	0.999989336517520;	0.999991638565152;	0.999993860573150;	0.999995801783021;	0.999997007168523;	0.999998067228625;	0.999999943469270
0.933642548608307;	0.900516907391900;	0.908469167239953;	0.906749075636649;	0.904990012808466;	0.903252585074326;	0.894019021670417;	0.901107187724711;	0.911484051360673;	0.915861300615382;	0.915757453694787;	0.926892644271870;	0.947638831384205;	0.953121298513688;	0.955998979815541;	0.962234921594029;	0.966575230358645;	0.968235921517704;	0.971330376515174;	0.974733628384149;	0.976896015414280;	0.980767933675904;	0.982767455303946;	0.983994670351263;	0.985281470014335;	0.986406967871489;	0.987202866360407;	0.988364222235240;	0.989179281903102;	0.990232455907997;	0.990998580559697;	0.991597689316962;	0.992336032108794;	0.992941309865486;	0.993464394114754;	0.994051455271922;	0.994566947500865;	0.995101924092434;	0.995375591932541;	0.995732252771859;	0.996104164637736;	0.996533390638503;	0.996663253476547;	0.996945296790536;	0.997281664571130;	0.997515544241504;	0.997784666090840;	0.997921632395186;	0.997988330547544;	0.998172913594868;	0.998345432977759;	0.998477024849744;	0.998568577082179;	0.998688339192309;	0.998783218181350;	0.998867872713555;	0.998897132163046;	0.998970563925805;	0.999053371820410;	0.999119708076881;	0.999159133409713;	0.999210084265083;	0.999262119231612;	0.999305212559028;	0.999341868371874;	0.999366763241184;	0.999397007476082;	0.999429856756891;	0.999461781619802;	0.999468938171688;	0.999495573442679;	0.999520934492828;	0.999542811429063;	0.999560288748044;	0.999569556919715;	0.999587571731934;	0.999607130963047;	0.999627438196385;	0.999647385257538;	0.999667200286384;	0.999686216840123;	0.999703426902844;	0.999722271915680;	0.999739980090954;	0.999755762355224;	0.999772462416509;	0.999788641950820;	0.999802639192969;	0.999816047488706;	0.999830681984847;	0.999844458002125;	0.999857700317767;	0.999868939369534;	0.999873955596331;	0.999881730147199;	0.999889226472831;	0.999898990472854;	0.999909179778949;	0.999919767550189;	0.999929403014674;	0.999938128702804;	0.999946194807852;	0.999953596345344;	0.999960264852976;	0.999965745785273;	0.999970868811522;	0.999975533812248;	0.999979370327703;	0.999982904226167;	0.999986025161047;	0.999988709802066;	0.999990704134596;	0.999992500129689;	0.999994085172601;	0.999995429484733;	0.999996700619258;	0.999997787479221;	0.999998449179369;	0.999999009846302;	0.999999943959540
0.941045605010695;	0.911911788387178;	0.919240248749724;	0.917692217755510;	0.916107376178625;	0.914529254819488;	0.905762469906060;	0.911974649840042;	0.921481495540287;	0.925238993604700;	0.925391010219711;	0.935608549397327;	0.953912695402480;	0.958820845625504;	0.961375596777219;	0.966944237624754;	0.971033513981056;	0.972517957314584;	0.975266449996478;	0.978300506785174;	0.980208819249345;	0.983660275580304;	0.985427155881841;	0.986496784666907;	0.987629451098764;	0.988606742419119;	0.989291500900473;	0.990297064069902;	0.991003491647207;	0.991909703142486;	0.992573231414771;	0.993086702719910;	0.993717540213604;	0.994233932006845;	0.994680825841208;	0.995179219108126;	0.995615421189208;	0.996064656400213;	0.996298452802203;	0.996595512426680;	0.996906134944914;	0.997260817677527;	0.997372164794448;	0.997604107588492;	0.997879402249394;	0.998070946296908;	0.998288892345860;	0.998399716424648;	0.998455574329975;	0.998603812994539;	0.998741089066213;	0.998845643032295;	0.998918962232493;	0.999013321455857;	0.999088389896835;	0.999154671765041;	0.999178741331659;	0.999236395007844;	0.999300733123667;	0.999351879851721;	0.999382694736264;	0.999421759217533;	0.999461568638558;	0.999494492852440;	0.999522497774574;	0.999541931460002;	0.999564826245255;	0.999589680750866;	0.999613818926997;	0.999619858176531;	0.999639888754213;	0.999658934188261;	0.999675370752353;	0.999688631629789;	0.999695919708406;	0.999709290964504;	0.999723815181122;	0.999738852176247;	0.999753589123940;	0.999768210002148;	0.999782191898793;	0.999794812458507;	0.999808599686412;	0.999821509290923;	0.999832995930124;	0.999845090158225;	0.999856750764630;	0.999866827705138;	0.999876447038350;	0.999886866912658;	0.999896627354452;	0.999905948906577;	0.999913846315469;	0.999917601644456;	0.999923112391110;	0.999928394875701;	0.999935100389347;	0.999942049128221;	0.999949203173978;	0.999955661907313;	0.999961464458969;	0.999966782600526;	0.999971619857586;	0.999975936062382;	0.999979454050568;	0.999982709948518;	0.999985641247759;	0.999988024673929;	0.999990197569831;	0.999992093088125;	0.999993702892202;	0.999994882381819;	0.999995923920085;	0.999996831951048;	0.999997590765953;	0.999998292408286;	0.999998877873201;	0.999999225917424;	0.999999502160524;	0.999999944446501
0.947888779310329;	0.922381991559869;	0.929083499881480;	0.927698452103242;	0.926279203022062;	0.924854873791822;	0.916617406404341;	0.922025710867997;	0.930676532705565;	0.933882322754853;	0.934252100213320;	0.943574659493975;	0.959638567789958;	0.964013607391751;	0.966270790364590;	0.971220239542507;	0.975039584265542;	0.976358686329993;	0.978786590398442;	0.981475610176928;	0.983149639108988;	0.986206033648735;	0.987756745810321;	0.988683031540446;	0.989673089295655;	0.990515746127123;	0.991101180919849;	0.991965717586200;	0.992573671239017;	0.993347696079932;	0.993918055196426;	0.994354681256468;	0.994889689158164;	0.995326739485325;	0.995705418828726;	0.996124953427953;	0.996490923095347;	0.996864943291896;	0.997062612136857;	0.997307910609541;	0.997564935805951;	0.997855310437814;	0.997949605178148;	0.998138496874983;	0.998361590053069;	0.998516871783002;	0.998691580753759;	0.998780319298942;	0.998826469508763;	0.998944245538863;	0.999052317689023;	0.999134491922410;	0.999192532989632;	0.999266052604192;	0.999324752231159;	0.999376057629192;	0.999395540320394;	0.999440248804144;	0.999489632153744;	0.999528599499075;	0.999552376539803;	0.999581966658130;	0.999612046992377;	0.999636887104798;	0.999658010904335;	0.999672961249712;	0.999690074561422;	0.999708636434788;	0.999726644988803;	0.999731597287391;	0.999746460398693;	0.999760569858637;	0.999772749315402;	0.999782663112664;	0.999788290335893;	0.999798082195337;	0.999808717904049;	0.999819695674343;	0.999830427980910;	0.999841058623721;	0.999851187362163;	0.999860305137869;	0.999870237153438;	0.999879502288407;	0.999887730238206;	0.999896347122838;	0.999904612818423;	0.999911745573940;	0.999918528001351;	0.999925816710369;	0.999932608022630;	0.999939049908658;	0.999944495063864;	0.999947232037143;	0.999951057123883;	0.999954700994051;	0.999959212107543;	0.999963850912554;	0.999968579912794;	0.999972812873381;	0.999976583270101;	0.999980007012789;	0.999983091540683;	0.999985815230658;	0.999988015156331;	0.999990029239157;	0.999991820390718;	0.999993259136578;	0.999994555728253;	0.999995671781332;	0.999996606437258;	0.999997281282248;	0.999997865082910;	0.999998367015592;	0.999998779573428;	0.999999151745329;	0.999999453503605;	0.999999627390901;	0.999999748366060;	0.999999944930179
0.954174167067149;	0.931946394333868;	0.938027091648952;	0.936794902337268;	0.935531204069591;	0.934254571779137;	0.926595651307752;	0.931276255383612;	0.939095798082837;	0.941815573065157;	0.942363411806631;	0.950818351097543;	0.964841284199983;	0.968722957783773;	0.970707166560029;	0.975083366211993;	0.978620232378112;	0.979785306826471;	0.981917162752790;	0.984285907673687;	0.985745353231411;	0.988432880366850;	0.989784459447016;	0.990581151834618;	0.991440264561406;	0.992161692251288;	0.992658734534868;	0.993396780600080;	0.993915947440084;	0.994572164011621;	0.995058405017729;	0.995426789307120;	0.995876823462802;	0.996243689564768;	0.996561756761110;	0.996911785590926;	0.997216139586559;	0.997524711392248;	0.997690127802265;	0.997890820244672;	0.998101428892890;	0.998336892159935;	0.998415721022966;	0.998568000170545;	0.998746948068396;	0.998871479048762;	0.999010040563359;	0.999080336843400;	0.999117938719108;	0.999210457678124;	0.999294599802333;	0.999358453029846;	0.999403841825126;	0.999460457627652;	0.999505800265483;	0.999545037029390;	0.999560551908885;	0.999594776438560;	0.999632202174788;	0.999661519854971;	0.999679619877878;	0.999701747705698;	0.999724182254546;	0.999742677145402;	0.999758397333756;	0.999769725298837;	0.999782346784942;	0.999796020214723;	0.999809268235847;	0.999813224772803;	0.999824098233793;	0.999834401785996;	0.999843295932591;	0.999850593598191;	0.999854858976819;	0.999861927826530;	0.999869601434775;	0.999877496040619;	0.999885193535567;	0.999892803208053;	0.999900025917852;	0.999906509283703;	0.999913547407096;	0.999920086988509;	0.999925881451771;	0.999931914951958;	0.999937671492117;	0.999942629808748;	0.999947324248889;	0.999952327047143;	0.999956961806256;	0.999961326603468;	0.999965005486228;	0.999966947064870;	0.999969543500384;	0.999972000497917;	0.999974968729988;	0.999977995198892;	0.999981048137141;	0.999983755773131;	0.999986145212848;	0.999988293255493;	0.999990208422881;	0.999991880549234;	0.999993217833287;	0.999994427669122;	0.999995489347598;	0.999996331028008;	0.999997079842556;	0.999997715055920;	0.999998238878333;	0.999998611188852;	0.999998926362787;	0.999999193049606;	0.999999408166243;	0.999999596863728;	0.999999744434835;	0.999999825636011;	0.999999865757093;	0.999999945410596
0.959912613138678;	0.940635963198687;	0.946111439359935;	0.945021904466546;	0.943903670763278;	0.942766928076914;	0.935717821740240;	0.939747339499570;	0.946769804818378;	0.949064617470620;	0.949751624321962;	0.957372723196737;	0.969545018097282;	0.972972365886666;	0.974707240823681;	0.978555405927133;	0.981802145225035;	0.982824902905827;	0.984685248538186;	0.986758042676468;	0.988022444965899;	0.990368531167968;	0.991537880631595;	0.992218410429538;	0.992958024926908;	0.993571216894294;	0.993990043336078;	0.994615392944727;	0.995055142871733;	0.995607103425971;	0.996018097161834;	0.996326326588830;	0.996701645727160;	0.997006963120303;	0.997271635191548;	0.997561036551729;	0.997811777284269;	0.998063970171282;	0.998200913123663;	0.998363516594827;	0.998534367527518;	0.998723368726227;	0.998788423314077;	0.998909897514412;	0.999051886855766;	0.999150641015460;	0.999259314042188;	0.999314368480514;	0.999344577899753;	0.999416405025875;	0.999481149733668;	0.999530173067820;	0.999565221589345;	0.999608286942087;	0.999642863211765;	0.999672491380307;	0.999684647679589;	0.999710494476874;	0.999738479783391;	0.999760246458946;	0.999773831979758;	0.999790157481468;	0.999806660340664;	0.999820239592073;	0.999831773436742;	0.999840222645300;	0.999849400456119;	0.999859327479854;	0.999868929645836;	0.999872014144984;	0.999879850630719;	0.999887261453365;	0.999893656955500;	0.999898942049088;	0.999902114667348;	0.999907140718304;	0.999912590725137;	0.999918178043111;	0.999923610021956;	0.999928967487849;	0.999934032192343;	0.999938564862905;	0.999943465700095;	0.999948000165041;	0.999952007554567;	0.999956154455964;	0.999960088436262;	0.999963469141070;	0.999966654591277;	0.999970019391520;	0.999973117361359;	0.999976012720583;	0.999978444606742;	0.999979784370060;	0.999981505233336;	0.999983122044098;	0.999985028835718;	0.999986955016019;	0.999988876173582;	0.999990563160385;	0.999992036938262;	0.999993347411197;	0.999994502590477;	0.999995498869567;	0.999996287060531;	0.999996990861230;	0.999997599566450;	0.999998075326617;	0.999998492584204;	0.999998840915920;	0.999999123282760;	0.999999320589784;	0.999999483791950;	0.999999619346539;	0.999999726325757;	0.999999817081050;	0.999999884528239;	0.999999918682662;	0.999999918891846;	0.999999945887767
0.965122542886225;	0.948491172733177;	0.953385037570165;	0.952427782339189;	0.951444763499773;	0.950439694072200;	0.944015034302110;	0.947465200215611;	0.953729846998896;	0.955655939037233;	0.956445545053819;	0.963271894476319;	0.973775565285918;	0.976785361731265;	0.978294173010281;	0.981658702334794;	0.984613194102003;	0.985505068159567;	0.987118106566100;	0.988919463586748;	0.990007389261914;	0.992039961291953;	0.993043714270485;	0.993620794477449;	0.994252394384532;	0.994769456352191;	0.995119683934073;	0.995645257324022;	0.996014667576813;	0.996475013557397;	0.996819363883546;	0.997074959987241;	0.997385212706285;	0.997636975234050;	0.997855127710333;	0.998092091491558;	0.998296651825234;	0.998500733986403;	0.998612833982791;	0.998743260800151;	0.998880386332267;	0.999030484781436;	0.999083475841664;	0.999179298472046;	0.999290693332333;	0.999368089604753;	0.999452320885222;	0.999494927786219;	0.999518854057556;	0.999573926918135;	0.999623133246080;	0.999660299777419;	0.999687004987889;	0.999719339464350;	0.999745352517632;	0.999767428130189;	0.999776795904276;	0.999796039610379;	0.999816672674724;	0.999832608461500;	0.999842654999064;	0.999854528396503;	0.999866492354675;	0.999876316407724;	0.999884652605019;	0.999890851696820;	0.999897425882437;	0.999904523034324;	0.999911374213709;	0.999913722704416;	0.999919281383686;	0.999924526392546;	0.999929050604489;	0.999932813060595;	0.999935127461973;	0.999938643548993;	0.999942449934584;	0.999946337496560;	0.999950105035187;	0.999953810718904;	0.999957299143458;	0.999960411187547;	0.999963760510380;	0.999966845416533;	0.999969563624005;	0.999972357731466;	0.999974992229952;	0.999977249912662;	0.999979365895328;	0.999981580148765;	0.999983605102432;	0.999985482302065;	0.999987052488838;	0.999987950842185;	0.999989062527014;	0.999990098921704;	0.999991292443095;	0.999992485834266;	0.999993661694173;	0.999994683137405;	0.999995565715465;	0.999996341183347;	0.999997016283258;	0.999997590774687;	0.999998039888888;	0.999998435165765;	0.999998771635985;	0.999999030582633;	0.999999254105544;	0.999999437423850;	0.999999583208412;	0.999999683199946;	0.999999763846673;	0.999999829358333;	0.999999879706847;	0.999999920588211;	0.999999948437888;	0.999999959953595;	0.999999941653867;	0.999999946361705
0.969828197917848;	0.955558434157101;	0.959900260037906;	0.959064862309695;	0.958206661762043;	0.957324605549787;	0.951523771485516;	0.954461663689218;	0.960012401640924;	0.961618586547884;	0.962477999532180;	0.968552850406667;	0.977560159627738;	0.980188280118565;	0.981492370799113;	0.984416354386741;	0.987081302183708;	0.987853430718232;	0.989242521682310;	0.990796703511794;	0.991725936597944;	0.993472974794653;	0.994327602540723;	0.994813066194423;	0.995347912862436;	0.995780267371639;	0.996070782799484;	0.996508781916921;	0.996816364654136;	0.997196930926787;	0.997482747821775;	0.997692742214750;	0.997946799264379;	0.998152415402210;	0.998330422595739;	0.998522484782072;	0.998687670534993;	0.998851093484452;	0.998941811446034;	0.999045310151961;	0.999154143287384;	0.999272018905324;	0.999314602904799;	0.999389312857339;	0.999475667744657;	0.999535576040208;	0.999600060093980;	0.999632621690717;	0.999651293451867;	0.999692972186495;	0.999729884242066;	0.999757687752347;	0.999777752985793;	0.999801700313055;	0.999820993949670;	0.999837210928455;	0.999844308614030;	0.999858423373189;	0.999873410277325;	0.999884905089545;	0.999892219390979;	0.999900725013061;	0.999909265467358;	0.999916262337662;	0.999922192328616;	0.999926662855848;	0.999931297555652;	0.999936289319546;	0.999941096820377;	0.999942843794904;	0.999946720795607;	0.999950369967624;	0.999953515271851;	0.999956145578140;	0.999957800195597;	0.999960217723197;	0.999962829065267;	0.999965485233026;	0.999968050499064;	0.999970565651257;	0.999972922763148;	0.999975018399084;	0.999977261979931;	0.999979318348909;	0.999981124110420;	0.999982966944861;	0.999984693150777;	0.999986167539301;	0.999987541249579;	0.999988964476350;	0.999990256490232;	0.999991443846379;	0.999992432177752;	0.999993016703622;	0.999993715267272;	0.999994361048127;	0.999995087304713;	0.999995805367189;	0.999996503621338;	0.999997103083720;	0.999997614842731;	0.999998058649244;	0.999998439748878;	0.999998759328139;	0.999999005888542;	0.999999219447317;	0.999999398074668;	0.999999533244531;	0.999999647867873;	0.999999740027357;	0.999999811755565;	0.999999859952114;	0.999999897736249;	0.999999927576581;	0.999999949719875;	0.999999966517056;	0.999999975878986;	0.999999977147775;	0.999999950904834;	0.999999946832418
0.974056434160766;	0.961885484387487;	0.965708812996871;	0.964984883820662;	0.964241071561813;	0.963472803737022;	0.958282884372409;	0.960769916617196;	0.965653742143023;	0.966984411258676;	0.967883000577938;	0.973252405061387;	0.980925837855095;	0.983206929541277;	0.984326853040917;	0.986851513776232;	0.989233881943989;	0.989897422758574;	0.991084829469274;	0.992415648582463;	0.993203311811107;	0.994692339065795;	0.995413841486644;	0.995818851010739;	0.996267733226504;	0.996626127335495;	0.996865010047720;	0.997226810288039;	0.997480507603172;	0.997792222413799;	0.998027116674827;	0.998197977989329;	0.998403950039075;	0.998570199161876;	0.998713907062321;	0.998867933870690;	0.998999879560294;	0.999129314433049;	0.999201846595195;	0.999283051610277;	0.999368422636624;	0.999459899993411;	0.999493651590457;	0.999551185892287;	0.999617288915430;	0.999663061788226;	0.999711785731586;	0.999736341062445;	0.999750693665475;	0.999781803191360;	0.999809112089421;	0.999829620534470;	0.999844476339618;	0.999861956121505;	0.999876052395267;	0.999887788741878;	0.999893073098991;	0.999903263368797;	0.999913978604969;	0.999922140581517;	0.999927378468509;	0.999933374185610;	0.999939371633696;	0.999944272860093;	0.999948420565369;	0.999951586551877;	0.999954798928141;	0.999958249454687;	0.999961563663684;	0.999962833233531;	0.999965489147695;	0.999967982157325;	0.999970128751981;	0.999971932532715;	0.999973090805136;	0.999974722452770;	0.999976480000068;	0.999978259847783;	0.999979972284121;	0.999981645158175;	0.999983205439177;	0.999984587527209;	0.999986058409206;	0.999987399422636;	0.999988572439455;	0.999989760218558;	0.999990864980948;	0.999991804876788;	0.999992674864523;	0.999993566645697;	0.999994369721633;	0.999995100859291;	0.999995705985922;	0.999996074389497;	0.999996500393573;	0.999996890591259;	0.999997319090896;	0.999997737548189;	0.999998138685016;	0.999998478659361;	0.999998765071119;	0.999999009900600;	0.999999216974219;	0.999999387833654;	0.999999517732733;	0.999999628257951;	0.999999718926807;	0.999999786278854;	0.999999842259210;	0.999999886270757;	0.999999919695261;	0.999999941641854;	0.999999958273889;	0.999999970896536;	0.999999979766367;	0.999999985613736;	0.999999986890135;	0.999999983843779;	0.999999954545401;	0.999999947299907
0.977834967407023;	0.967519762057098;	0.970860533259496;	0.970237511333934;	0.969597292250234;	0.968933259359406;	0.964331982719181;	0.966424430819220;	0.970690375783500;	0.971785216043911;	0.972696842822267;	0.977408526276990;	0.983900257897156;	0.985867601551325;	0.986822934855027;	0.988987850712494;	0.991098062178840;	0.991663893893603;	0.992671111010575;	0.993801442515251;	0.994463772687768;	0.995721765855706;	0.996325393126006;	0.996660355233113;	0.997033539763402;	0.997327910708179;	0.997522550342061;	0.997818596428418;	0.998025805372050;	0.998278610222372;	0.998469672823593;	0.998607256159803;	0.998772509498093;	0.998905493156250;	0.999020227165366;	0.999142366323477;	0.999246561664323;	0.999347892551106;	0.999405153555558;	0.999468113869753;	0.999534252464904;	0.999604360699895;	0.999630730790729;	0.999674462245555;	0.999724394740649;	0.999758889043658;	0.999795197704517;	0.999813457946978;	0.999824317353040;	0.999847200898339;	0.999867111669051;	0.999882014688383;	0.999892843436302;	0.999905407652229;	0.999915544018612;	0.999923903693723;	0.999927767144443;	0.999935002127176;	0.999942535882845;	0.999948235041439;	0.999951920969319;	0.999956075679789;	0.999960214475989;	0.999963587524264;	0.999966436954004;	0.999968636580172;	0.999970823189742;	0.999973164572793;	0.999975406578545;	0.999976307616142;	0.999978092481796;	0.999979762814001;	0.999981199152503;	0.999982411041759;	0.999983204115997;	0.999984283655579;	0.999985442550969;	0.999986610547236;	0.999987729636698;	0.999988818336639;	0.999989828565398;	0.999990719826316;	0.999991662022142;	0.999992516078404;	0.999993259837392;	0.999994006593796;	0.999994695850105;	0.999995279549070;	0.999995815904241;	0.999996359436309;	0.999996844597822;	0.999997281837703;	0.999997641334056;	0.999997865749022;	0.999998117194704;	0.999998345179366;	0.999998589583308;	0.999998825024992;	0.999999047229217;	0.999999232901363;	0.999999387044451;	0.999999516725460;	0.999999624577374;	0.999999711985542;	0.999999777354314;	0.999999831874628;	0.999999875644576;	0.999999907497312;	0.999999933373113;	0.999999953200997;	0.999999967835624;	0.999999977192329;	0.999999983969223;	0.999999988772684;	0.999999991787503;	0.999999992990788;	0.999999990994069;	0.999999986287432;	0.999999956031389;	0.999999947764177
0.981191580698882;	0.972507976353203;	0.975403917821259;	0.974871758710158;	0.974324908204685;	0.973755389916953;	0.969712826039754;	0.971461759802931;	0.975159960308606;	0.976054289943860;	0.976956549288833;	0.981060152484971;	0.986511626458063;	0.988196904531230;	0.989006094966173;	0.990849091450011;	0.992700512012095;	0.993179085128230;	0.994026522767981;	0.994978389576782;	0.995530583310472;	0.996583595031742;	0.997083805501488;	0.997358283001360;	0.997665481199223;	0.997904896169625;	0.998061969509300;	0.998301788021332;	0.998469285235133;	0.998672181040158;	0.998825904251626;	0.998935485148473;	0.999066608553341;	0.999171783913290;	0.999262315737716;	0.999358020498346;	0.999439315332071;	0.999517671151744;	0.999562283454630;	0.999610483242042;	0.999661053847358;	0.999714076982971;	0.999734373133595;	0.999767158317132;	0.999804347149172;	0.999829965876774;	0.999856628859595;	0.999870006974322;	0.999878088928860;	0.999894663277761;	0.999908955824699;	0.999919614904459;	0.999927379401864;	0.999936263717352;	0.999943430348248;	0.999949285149116;	0.999952056752647;	0.999957103062004;	0.999962306320721;	0.999966215435444;	0.999968761539615;	0.999971588381527;	0.999974391858840;	0.999976669845834;	0.999978590222878;	0.999980087749570;	0.999981547595292;	0.999983105233943;	0.999984591620787;	0.999985215724737;	0.999986390843165;	0.999987486898367;	0.999988427879616;	0.999989224487314;	0.999989754960492;	0.999990454072176;	0.999991201554918;	0.999991951000995;	0.999992665778950;	0.999993357871164;	0.999993996527850;	0.999994557486523;	0.999995146074862;	0.999995676239297;	0.999996135607361;	0.999996592585712;	0.999997010866075;	0.999997363186260;	0.999997684307318;	0.999998005734116;	0.999998289862102;	0.999998543109279;	0.999998749740980;	0.999998881515318;	0.999999024716875;	0.999999153106544;	0.999999287398619;	0.999999414827657;	0.999999533053305;	0.999999630302306;	0.999999709731753;	0.999999775381272;	0.999999828963221;	0.999999871527206;	0.999999902772490;	0.999999928252531;	0.999999948220073;	0.999999962417522;	0.999999973648938;	0.999999981999979;	0.999999987953244;	0.999999991638405;	0.999999994115624;	0.999999995608366;	0.999999996227123;	0.999999995615972;	0.999999992416733;	0.999999987148900;	0.999999956760706;	0.999999948225225
0.984154605007471;	0.976896820100195;	0.979386438084502;	0.978935460711187;	0.978472086587132;	0.977987695000517;	0.974468916787629;	0.975920468679240;	0.979100946660192;	0.979826007780330;	0.980700281845822;	0.984246156000690;	0.988788415897853;	0.990221567426109;	0.990901832327507;	0.992458735588159;	0.994067219533669;	0.994468419817501;	0.995175315292743;	0.995969688317972;	0.996425878000115;	0.997298730041817;	0.997709097099774;	0.997931788908401;	0.998182043048030;	0.998374748923738;	0.998500209977678;	0.998692433172107;	0.998826340906070;	0.998987393632877;	0.999109647189797;	0.999195925150656;	0.999298746763854;	0.999380940594818;	0.999451488696861;	0.999525543448699;	0.999588161218123;	0.999647965833032;	0.999682241671029;	0.999718648651687;	0.999756782013373;	0.999796321932546;	0.999811701571508;	0.999835922639761;	0.999863208053362;	0.999881943760899;	0.999901220158644;	0.999910867653221;	0.999916779561832;	0.999928588191213;	0.999938679252107;	0.999946175325179;	0.999951646031317;	0.999957819579218;	0.999962796309576;	0.999966823562890;	0.999968772678266;	0.999972226553595;	0.999975752555340;	0.999978383192508;	0.999980107501411;	0.999981993671776;	0.999983855233097;	0.999985362933008;	0.999986630906540;	0.999987628682680;	0.999988583308980;	0.999989597798658;	0.999990562149421;	0.999990983648232;	0.999991740469423;	0.999992443781097;	0.999993046396886;	0.999993557897241;	0.999993904017686;	0.999994346418123;	0.999994817205203;	0.999995286557735;	0.999995731933639;	0.999996160874494;	0.999996554319944;	0.999996898209156;	0.999997256025442;	0.999997576088422;	0.999997851816371;	0.999998123355800;	0.999998369636315;	0.999998575783975;	0.999998761977041;	0.999998945872675;	0.999999106685168;	0.999999248293101;	0.999999362819017;	0.999999437166995;	0.999999515572755;	0.999999584994990;	0.999999655790678;	0.999999721850488;	0.999999781993973;	0.999999830607631;	0.999999869595392;	0.999999901185128;	0.999999926428512;	0.999999946033538;	0.999999960123156;	0.999999971323053;	0.999999979862501;	0.999999985772798;	0.999999990302809;	0.999999993548215;	0.999999995755864;	0.999999997063494;	0.999999997802179;	0.999999998003366;	0.999999997725173;	0.999999996473878;	0.999999992890640;	0.999999987476678;	0.999999957252508;	0.999999948683047
0.986752707412402;	0.980732818485956;	0.982854678896549;	0.982475676036961;	0.982086351570389;	0.981677953228112;	0.978644209397289;	0.979840095456487;	0.982552586811669;	0.983135571105892;	0.983966853804873;	0.987005402489171;	0.990758835265040;	0.991968200101232;	0.992535450367523;	0.993839941044130;	0.995223169154912;	0.995556415668179;	0.996140646319733;	0.996797267337963;	0.997170529955686;	0.997886566736668;	0.998219666209350;	0.998398457885479;	0.998600069013378;	0.998753482948384;	0.998852597413908;	0.999004948990512;	0.999110758188166;	0.999237103904933;	0.999333145337764;	0.999400246044047;	0.999479873536425;	0.999543293699430;	0.999597547966320;	0.999654088940940;	0.999701667489373;	0.999746684394973;	0.999772632628223;	0.999799742843454;	0.999828075269491;	0.999857122251590;	0.999868586490943;	0.999886203536507;	0.999905906405430;	0.999919385095151;	0.999933091538883;	0.999939932581200;	0.999944178959442;	0.999952446042499;	0.999959445873722;	0.999964623296545;	0.999968406686382;	0.999972617400116;	0.999976007700761;	0.999978725019002;	0.999980067284697;	0.999982384034059;	0.999984725320169;	0.999986459814248;	0.999987603178300;	0.999988835603146;	0.999990045605850;	0.999991022127980;	0.999991841133766;	0.999992490792760;	0.999993101272450;	0.999993747117267;	0.999994358407057;	0.999994635636418;	0.999995111634294;	0.999995552187729;	0.999995928783143;	0.999996249042047;	0.999996468965046;	0.999996741996029;	0.999997030970528;	0.999997317281221;	0.999997587440562;	0.999997846061953;	0.999998081722612;	0.999998286576938;	0.999998497742674;	0.999998685178430;	0.999998845590089;	0.999999001826369;	0.999999142107740;	0.999999258677372;	0.999999362896742;	0.999999464342693;	0.999999551996406;	0.999999628157763;	0.999999689128344;	0.999999729279001;	0.999999770373710;	0.999999806253489;	0.999999841889223;	0.999999874523490;	0.999999903618832;	0.999999926678452;	0.999999944795093;	0.999999959147938;	0.999999970345197;	0.999999978820437;	0.999999984764133;	0.999999989352174;	0.999999992739939;	0.999999995009144;	0.999999996680126;	0.999999997817109;	0.999999998531681;	0.999999998922689;	0.999999999018642;	0.999999998763328;	0.999999998184771;	0.999999996737833;	0.999999993063145;	0.999999987644092;	0.999999957679397;	0.999999949137638
0.989014662896742;	0.984062049132973;	0.985854134657078;	0.985538423296013;	0.985214236919672;	0.984873084217617;	0.982283236790653;	0.983260817594058;	0.985553919263163;	0.986018700376870;	0.986795409293196;	0.989376348547526;	0.992450755016480;	0.993462896957750;	0.993931884390532;	0.995015317931422;	0.996192219308192;	0.996466319493835;	0.996944457297007;	0.997481695124656;	0.997783989704491;	0.998364956795713;	0.998632290907104;	0.998774245509794;	0.998934762617768;	0.999055474589611;	0.999132870462157;	0.999252175937401;	0.999334753228346;	0.999432635230755;	0.999507110359411;	0.999558616519688;	0.999619468548764;	0.999667742141622;	0.999708885421453;	0.999751443375254;	0.999787075062426;	0.999820462853888;	0.999839802951085;	0.999859684965207;	0.999880406610289;	0.999901406850217;	0.999909805476024;	0.999922408148676;	0.999936395508119;	0.999945923990203;	0.999955498495759;	0.999960262915176;	0.999963254839304;	0.999968935161163;	0.999973699665592;	0.999977207330293;	0.999979772254072;	0.999982587426914;	0.999984850081840;	0.999986646095976;	0.999987550113063;	0.999989070911768;	0.999990592003001;	0.999991710804533;	0.999992451980583;	0.999993239312347;	0.999994007962723;	0.999994625887824;	0.999995142527779;	0.999995555211962;	0.999995936336181;	0.999996337509655;	0.999996715408264;	0.999996892722189;	0.999997184528331;	0.999997453397608;	0.999997682599920;	0.999997877734790;	0.999998013549184;	0.999998177531087;	0.999998350010730;	0.999998519737311;	0.999998678887998;	0.999998830203932;	0.999998967087399;	0.999999085347694;	0.999999205984162;	0.999999312149157;	0.999999402324610;	0.999999489089081;	0.999999566127322;	0.999999629604333;	0.999999685709713;	0.999999739457934;	0.999999785279100;	0.999999824506318;	0.999999855541060;	0.999999876198981;	0.999999896713059;	0.999999914342625;	0.999999931371492;	0.999999946640713;	0.999999959938194;	0.999999970244869;	0.999999978154407;	0.999999984261873;	0.999999988896832;	0.999999992301663;	0.999999994621972;	0.999999996352292;	0.999999997580005;	0.999999998367101;	0.999999998913644;	0.999999999252299;	0.999999999424531;	0.999999999495497;	0.999999999378332;	0.999999998980905;	0.999999998316562;	0.999999996824628;	0.999999993151482;	0.999999987770696;	0.999999958088273;	0.999999949588989
0.990969188467941;	0.986929947091460;	0.988429083723864;	0.988168522580582;	0.987901092991218;	0.987618892890358;	0.985430607332524;	0.986223149005957;	0.988143785596916;	0.988511024242139;	0.989224951963659;	0.991396762415567;	0.993891434955588;	0.994731080713066;	0.995115305855028;	0.996006766557387;	0.996996941533641;	0.997220055795647;	0.997607297137238;	0.998042094999571;	0.998284247484764;	0.998750145079232;	0.998962126197182;	0.999073499173112;	0.999199708416751;	0.999293505793844;	0.999353198315252;	0.999445433775235;	0.999509033809576;	0.999583858105609;	0.999640813300835;	0.999679802250488;	0.999725649404609;	0.999761865970609;	0.999792602928635;	0.999824153430555;	0.999850427934454;	0.999874802801399;	0.999888980455144;	0.999903325848616;	0.999918228571342;	0.999933153682298;	0.999939194751200;	0.999948051413899;	0.999957802108539;	0.999964413220705;	0.999970975407472;	0.999974230297950;	0.999976295659044;	0.999980121046795;	0.999983298908546;	0.999985626625986;	0.999987328783277;	0.999989171023635;	0.999990648189663;	0.999991809207827;	0.999992403817975;	0.999993379238459;	0.999994344536703;	0.999995049330809;	0.999995518242166;	0.999996009152687;	0.999996485490384;	0.999996866797490;	0.999997184484436;	0.999997439763440;	0.999997671589260;	0.999997914242276;	0.999998141609874;	0.999998251696556;	0.999998425686442;	0.999998585206435;	0.999998720754644;	0.999998836193558;	0.999998917526907;	0.999999013134230;	0.999999112984590;	0.999999210503062;	0.999999301305603;	0.999999386972739;	0.999999463846316;	0.999999529800664;	0.999999596298641;	0.999999654259706;	0.999999703066617;	0.999999749398028;	0.999999790025993;	0.999999823174172;	0.999999852096010;	0.999999879319517;	0.999999902179582;	0.999999921427782;	0.999999936448911;	0.999999946518403;	0.999999956212071;	0.999999964393814;	0.999999972065323;	0.999999978781602;	0.999999984477102;	0.999999988780279;	0.999999991994321;	0.999999994403210;	0.999999996173060;	0.999999997427233;	0.999999998252947;	0.999999998842591;	0.999999999237857;	0.999999999473298;	0.999999999618024;	0.999999999683981;	0.999999999680023;	0.999999999651927;	0.999999999473437;	0.999999999039672;	0.999999998357748;	0.999999996865610;	0.999999993220511;	0.999999987888246;	0.999999958489986;	0.999999950037091
0.992644530402998;	0.989380766313926;	0.990622217889710;	0.990409307329905;	0.990190917036910;	0.989959870576629;	0.988130619273451;	0.988767500443318;	0.990360415723497;	0.990647865249645;	0.991293795210477;	0.993103251893123;	0.995107310129364;	0.995797282681355;	0.996109014445762;	0.996835212727237;	0.997658510634872;	0.997838100153251;	0.998148241955719;	0.998496070664528;	0.998687780278487;	0.999056774821327;	0.999222719792297;	0.999308989067981;	0.999406907982258;	0.999478823815400;	0.999524253951179;	0.999594590693363;	0.999642885939189;	0.999699273292565;	0.999742188387297;	0.999771265959313;	0.999805286759609;	0.999832040169927;	0.999854638464855;	0.999877651850320;	0.999896707842451;	0.999914204621132;	0.999924415362117;	0.999934587099963;	0.999945113526550;	0.999955528350467;	0.999959789640953;	0.999965896216039;	0.999972562064656;	0.999977057843619;	0.999981464580061;	0.999983642680493;	0.999985037611576;	0.999987558864542;	0.999989632640814;	0.999991143278745;	0.999992247282131;	0.999993425303101;	0.999994367046315;	0.999995099834173;	0.999995481149645;	0.999996091320370;	0.999996688581662;	0.999997121364660;	0.999997410332890;	0.999997708476113;	0.999997995857610;	0.999998224834575;	0.999998414851512;	0.999998568295646;	0.999998705381288;	0.999998847973699;	0.999998980801386;	0.999999047006930;	0.999999147660862;	0.999999239436575;	0.999999317128467;	0.999999383259770;	0.999999430368166;	0.999999484327387;	0.999999540228286;	0.999999594368404;	0.999999644383867;	0.999999691158551;	0.999999732755076;	0.999999768161294;	0.999999803394672;	0.999999833773717;	0.999999859100721;	0.999999882784648;	0.999999903264132;	0.999999919782527;	0.999999933984324;	0.999999947093257;	0.999999957913887;	0.999999966855815;	0.999999973723436;	0.999999978341579;	0.999999982645376;	0.999999986203253;	0.999999989433588;	0.999999992185258;	0.999999994448440;	0.999999996108308;	0.999999997309086;	0.999999998177580;	0.999999998790924;	0.999999999205679;	0.999999999466893;	0.999999999641834;	0.999999999746740;	0.999999999797624;	0.999999999814379;	0.999999999798160;	0.999999999744433;	0.999999999690094;	0.999999999497540;	0.999999999058354;	0.999999998377654;	0.999999996897167;	0.999999993285577;	0.999999988003081;	0.999999958887143;	0.999999950481934
0.994068262922581;	0.991457304653514;	0.992474386762631;	0.992302251921133;	0.992125819885489;	0.991938736187776;	0.990426801277770;	0.990933788064714;	0.992241116205850;	0.992463894023201;	0.993039302653179;	0.994530968181896;	0.996123735404204;	0.996684968487352;	0.996935246964360;	0.997520506596378;	0.998196562451986;	0.998339400418491;	0.998584833066767;	0.998859652567669;	0.999009533426714;	0.999297909608620;	0.999426045595169;	0.999491961756139;	0.999566852985394;	0.999621208704111;	0.999655293640847;	0.999708148173517;	0.999744270504288;	0.999786117066775;	0.999817944114116;	0.999839285627464;	0.999864122763006;	0.999883559486190;	0.999899892148335;	0.999916388260855;	0.999929965468162;	0.999942298927123;	0.999949514873798;	0.999956593205884;	0.999963886001148;	0.999971011660173;	0.999973955465136;	0.999978080490254;	0.999982542631548;	0.999985534616246;	0.999988429523981;	0.999989854910745;	0.999990775276056;	0.999992398794422;	0.999993720519023;	0.999994677580423;	0.999995376128311;	0.999996110828630;	0.999996696024862;	0.999997146705591;	0.999997384666431;	0.999997756171990;	0.999998115708864;	0.999998374191326;	0.999998547272346;	0.999998723244067;	0.999998891646083;	0.999999025137553;	0.999999135422410;	0.999999224827760;	0.999999303432771;	0.999999384627950;	0.999999459772198;	0.999999498243638;	0.999999554580292;	0.999999605633192;	0.999999648663571;	0.999999685238152;	0.999999711547025;	0.999999740929601;	0.999999771091771;	0.999999800032089;	0.999999826530215;	0.999999851065208;	0.999999872663484;	0.999999890880949;	0.999999908744205;	0.999999923957834;	0.999999936495648;	0.999999948024225;	0.999999957836063;	0.999999965644525;	0.999999972245791;	0.999999978206877;	0.999999983031837;	0.999999986934859;	0.999999989876783;	0.999999991852643;	0.999999993631433;	0.999999995066701;	0.999999996324501;	0.999999997362276;	0.999999998185604;	0.999999998768434;	0.999999999173861;	0.999999999454107;	0.999999999641739;	0.999999999759550;	0.999999999828679;	0.999999999868782;	0.999999999883890;	0.999999999880565;	0.999999999861995;	0.999999999824712;	0.999999999759433;	0.999999999699599;	0.999999999505531;	0.999999999068733;	0.999999998393786;	0.999999996927019;	0.999999993349373;	0.999999988116523;	0.999999959280339;	0.999999950923506
0.995267078154642;	0.993200646944949;	0.994024443689297;	0.993886851606854;	0.993745952401543;	0.993596245175678;	0.992361412331170;	0.992760967643484;	0.993821999507033;	0.993992837468563;	0.994497532563214;	0.995713371286753;	0.996964799129344;	0.997416341295286;	0.997615031172520;	0.998081290069543;	0.998629132375584;	0.998741296424132;	0.998933034536992;	0.999147292094895;	0.999262901901981;	0.999485077375544;	0.999582571911800;	0.999632202496134;	0.999688609481492;	0.999729065895579;	0.999754249908598;	0.999793343392952;	0.999819925644476;	0.999850472750698;	0.999873677880490;	0.999889074439940;	0.999906891822643;	0.999920762411554;	0.999932351313698;	0.999943956146775;	0.999953446376235;	0.999961971811250;	0.999966968756614;	0.999971795807523;	0.999976744112997;	0.999981516737839;	0.999983505464795;	0.999986230961915;	0.999989150895792;	0.999991096219326;	0.999992953274295;	0.999993863867460;	0.999994456025332;	0.999995475480213;	0.999996296625892;	0.999996887354751;	0.999997317670433;	0.999997763631744;	0.999998117294242;	0.999998386783456;	0.999998530979734;	0.999998750622819;	0.999998960686594;	0.999999110473481;	0.999999210981031;	0.999999311657853;	0.999999407251153;	0.999999482601019;	0.999999544539431;	0.999999594893203;	0.999999638471756;	0.999999683138738;	0.999999724179035;	0.999999745715988;	0.999999776124566;	0.999999803492401;	0.999999826442990;	0.999999845902349;	0.999999860018548;	0.999999875396538;	0.999999891018912;	0.999999905851742;	0.999999919295775;	0.999999931602599;	0.999999942312019;	0.999999951250415;	0.999999959870107;	0.999999967108489;	0.999999972993982;	0.999999978303650;	0.999999982741438;	0.999999986217759;	0.999999989100098;	0.999999991638992;	0.999999993647990;	0.999999995233570;	0.999999996402449;	0.999999997182578;	0.999999997858976;	0.999999998389193;	0.999999998835778;	0.999999999190436;	0.999999999459490;	0.999999999641657;	0.999999999761819;	0.999999999839405;	0.999999999886674;	0.999999999911154;	0.999999999922674;	0.999999999924532;	0.999999999915734;	0.999999999898936;	0.999999999872325;	0.999999999830806;	0.999999999763739;	0.999999999703388;	0.999999999510687;	0.999999999077890;	0.999999998409264;	0.999999996956321;	0.999999993412444;	0.999999988228850;	0.999999959669702;	0.999999951361795
0.996266581981337;	0.994649903622274;	0.995309053865917;	0.995200409303971;	0.995089272823339;	0.994970985011647;	0.993975159631230;	0.994286688915555;	0.995137612351017;	0.995267178039752;	0.995702945528774;	0.996681991640697;	0.997653172353911;	0.998012195378864;	0.998168033330267;	0.998534892205075;	0.998972610430735;	0.999059486327996;	0.999207215119492;	0.999371873225797;	0.999459763321002;	0.999628328833088;	0.999701342468732;	0.999738124158546;	0.999779914474732;	0.999809530125355;	0.999827832871665;	0.999856258624330;	0.999875480702239;	0.999897386362365;	0.999913997151861;	0.999924900921010;	0.999937442790141;	0.999947152021753;	0.999955213188814;	0.999963213586342;	0.999969711289334;	0.999975481268903;	0.999978866570387;	0.999982087186283;	0.999985369846059;	0.999988493700228;	0.999989805252364;	0.999991563413050;	0.999993427737002;	0.999994660990472;	0.999995821944521;	0.999996388647459;	0.999996759413560;	0.999997382300392;	0.999997878462629;	0.999998232875685;	0.999998490347252;	0.999998753167303;	0.999998960524140;	0.999999116799015;	0.999999201430596;	0.999999327192116;	0.999999445985041;	0.999999529962699;	0.999999586384381;	0.999999642051165;	0.999999694455974;	0.999999735506434;	0.999999769059631;	0.999999796383704;	0.999999819664288;	0.999999843321127;	0.999999864882837;	0.999999876457902;	0.999999892226849;	0.999999906309673;	0.999999918050046;	0.999999927968651;	0.999999935214631;	0.999999942915332;	0.999999950646061;	0.999999957899290;	0.999999964397408;	0.999999970268346;	0.999999975310085;	0.999999979466652;	0.999999983399682;	0.999999986649083;	0.999999989249720;	0.999999991545486;	0.999999993424482;	0.999999994869126;	0.999999996040140;	0.999999997042551;	0.999999997815022;	0.999999998407316;	0.999999998832462;	0.999999999112689;	0.999999999345685;	0.999999999521887;	0.999999999663698;	0.999999999770973;	0.999999999847354;	0.999999999895824;	0.999999999924889;	0.999999999940834;	0.999999999947643;	0.999999999946759;	0.999999999943524;	0.999999999936272;	0.999999999922265;	0.999999999902837;	0.999999999874918;	0.999999999833011;	0.999999999766260;	0.999999999706383;	0.999999999515489;	0.999999999086794;	0.999999998424497;	0.999999996985296;	0.999999993474898;	0.999999988340116;	0.999999960055267;	0.999999951796787
0.997091114964149;	0.995841988147741;	0.996362542667480;	0.996277874463452;	0.996191372738828;	0.996099177639367;	0.995306859224176;	0.995546981041129;	0.996220729353453;	0.996317853750110;	0.996688100851149;	0.997466238004535;	0.998209970181033;	0.998491805723196;	0.998612448160694;	0.998897242840635;	0.999241725578069;	0.999308024911320;	0.999420155341523;	0.999544749879300;	0.999610525265582;	0.999736318497488;	0.999790071674614;	0.999816867559227;	0.999847283125181;	0.999868577746911;	0.999881643611312;	0.999901934630098;	0.999915573518856;	0.999930983003119;	0.999942639541570;	0.999950208237517;	0.999958857551833;	0.999965513208720;	0.999971001303571;	0.999976397178267;	0.999980747414544;	0.999984564024994;	0.999986803759072;	0.999988902145213;	0.999991027185398;	0.999993021349402;	0.999993864063917;	0.999994969067120;	0.999996127967226;	0.999996888609047;	0.999997594283402;	0.999997937056019;	0.999998162448342;	0.999998531850900;	0.999998822681642;	0.999999028822473;	0.999999178051536;	0.999999328016237;	0.999999445628154;	0.999999533254824;	0.999999581225611;	0.999999650747042;	0.999999715562176;	0.999999760964664;	0.999999791482059;	0.999999821126686;	0.999999848773187;	0.999999870280533;	0.999999887747628;	0.999999901979232;	0.999999913916624;	0.999999925930541;	0.999999936782285;	0.999999942730129;	0.999999950551513;	0.999999957475781;	0.999999963208649;	0.999999968028160;	0.999999971568428;	0.999999975238270;	0.999999978872657;	0.999999982236540;	0.999999985209998;	0.999999987855982;	0.999999990093693;	0.999999991911989;	0.999999993595442;	0.999999994960072;	0.999999996031980;	0.999999996954774;	0.999999997691710;	0.999999998245816;	0.999999998683163;	0.999999999045181;	0.999999999315502;	0.999999999515670;	0.999999999654720;	0.999999999744461;	0.999999999815563;	0.999999999866764;	0.999999999905796;	0.999999999933234;	0.999999999950412;	0.999999999959796;	0.999999999963636;	0.999999999963521;	0.999999999960488;	0.999999999953895;	0.999999999947592;	0.999999999938639;	0.999999999923823;	0.999999999904133;	0.999999999876280;	0.999999999834712;	0.999999999768585;	0.999999999709269;	0.999999999520192;	0.999999999095580;	0.999999998439566;	0.999999997013985;	0.999999993536754;	0.999999988450329;	0.999999960437054;	0.999999952228468
0.997763566403649;	0.996811387099177;	0.997216743184281;	0.997151691675693;	0.997085327292665;	0.997014517021387;	0.996393141857373;	0.996575952751642;	0.997102127851868;	0.997174044023692;	0.997483420103797;	0.998093224493041;	0.998654649546966;	0.998872841853565;	0.998964926394989;	0.999182816476130;	0.999449556066892;	0.999499346357639;	0.999583088059604;	0.999675798523768;	0.999724193198008;	0.999816401656964;	0.999855249811823;	0.999874411437862;	0.999896125840623;	0.999911142761917;	0.999920290720142;	0.999934487676927;	0.999943968328123;	0.999954583845760;	0.999962589446407;	0.999967729903849;	0.999973563495765;	0.999978023343659;	0.999981673492957;	0.999985226994765;	0.999988069372549;	0.999990531685328;	0.999991975841710;	0.999993308108199;	0.999994647572399;	0.999995886302589;	0.999996412665372;	0.999997087690051;	0.999997787327193;	0.999998242598138;	0.999998658551288;	0.999998859512751;	0.999998992184284;	0.999999204216097;	0.999999369104797;	0.999999484991241;	0.999999568516204;	0.999999651099890;	0.999999715420952;	0.999999762770069;	0.999999788940403;	0.999999825912567;	0.999999859906633;	0.999999883487968;	0.999999899330119;	0.999999914474021;	0.999999928451926;	0.999999939242473;	0.999999947942611;	0.999999955025713;	0.999999960873857;	0.999999966696203;	0.999999971902382;	0.999999974810118;	0.999999978501185;	0.999999981736488;	0.999999984393517;	0.999999986612851;	0.999999988249208;	0.999999989902808;	0.999999991514954;	0.999999992983907;	0.999999994262161;	0.999999995379623;	0.999999996307834;	0.999999997049148;	0.999999997718365;	0.999999998248755;	0.999999998656104;	0.999999998996599;	0.999999999260614;	0.999999999453904;	0.999999999601689;	0.999999999719096;	0.999999999803436;	0.999999999863161;	0.999999999902933;	0.999999999927684;	0.999999999946166;	0.999999999958365;	0.999999999967008;	0.999999999972074;	0.999999999973640;	0.999999999973345;	0.999999999971362;	0.999999999967827;	0.999999999962885;	0.999999999955315;	0.999999999948557;	0.999999999939431;	0.999999999924649;	0.999999999905116;	0.999999999877522;	0.999999999836350;	0.999999999770860;	0.999999999712109;	0.999999999524839;	0.999999999104273;	0.999999998454485;	0.999999997042394;	0.999999993598015;	0.999999988559496;	0.999999960815078;	0.999999952656824
0.998305238411850;	0.997589998008809;	0.997900890366748;	0.997851675439712;	0.997801550681746;	0.997748026408013;	0.997268205470450;	0.997405542806647;	0.997810408632493;	0.997862971883255;	0.998117011828696;	0.998587667806291;	0.999004926445709;	0.999171315058246;	0.999240527897164;	0.999404610943942;	0.999607565381561;	0.999644312203980;	0.999705759062276;	0.999773498827700;	0.999808453088210;	0.999874742029414;	0.999902259378211;	0.999915687505655;	0.999930868554007;	0.999941236870731;	0.999947507770395;	0.999957226333292;	0.999963670851252;	0.999970819080742;	0.999976189746343;	0.999979599088534;	0.999983439183930;	0.999986354433154;	0.999988721108416;	0.999991001182885;	0.999992809535565;	0.999994355375167;	0.999995260737416;	0.999996082978718;	0.999996902989287;	0.999997649791120;	0.999997968549597;	0.999998368247744;	0.999998777286528;	0.999999040945703;	0.999999277981954;	0.999999391828965;	0.999999467208645;	0.999999584611181;	0.999999674724434;	0.999999737471092;	0.999999782454381;	0.999999826181445;	0.999999859969047;	0.999999884527115;	0.999999898213695;	0.999999917050224;	0.999999934114436;	0.999999945828017;	0.999999953685203;	0.999999961071437;	0.999999967811448;	0.999999972969831;	0.999999977094751;	0.999999980445599;	0.999999983167938;	0.999999985845482;	0.999999988212434;	0.999999989556821;	0.999999991203696;	0.999999992630791;	0.999999993791623;	0.999999994753211;	0.999999995463399;	0.999999996162328;	0.999999996831401;	0.999999997429984;	0.999999997941290;	0.999999998378987;	0.999999998734865;	0.999999999013193;	0.999999999257077;	0.999999999445174;	0.999999999585701;	0.999999999699054;	0.999999999783748;	0.999999999843808;	0.999999999887987;	0.999999999921189;	0.999999999943845;	0.999999999958840;	0.999999999968203;	0.999999999973568;	0.999999999977221;	0.999999999978979;	0.999999999980000;	0.999999999979825;	0.999999999978010;	0.999999999975786;	0.999999999972750;	0.999999999968672;	0.999999999963482;	0.999999999955850;	0.999999999949108;	0.999999999940055;	0.999999999925411;	0.999999999906064;	0.999999999878736;	0.999999999837962;	0.999999999773107;	0.999999999714918;	0.999999999529436;	0.999999999112877;	0.999999998469254;	0.999999997070525;	0.999999993658684;	0.999999988667620;	0.999999961189354;	0.999999953081840
0.998735743343688;	0.998207018463678;	0.998441568099637;	0.998404954199564;	0.998367734654734;	0.998327973814060;	0.997963598426312;	0.998065302817189;	0.998371858749166;	0.998409749288627;	0.998614537666238;	0.998971830930118;	0.999276740022505;	0.999401549307881;	0.999452705613683;	0.999574150444641;	0.999725668479730;	0.999752279518469;	0.999796508090215;	0.999845028327362;	0.999869770579314;	0.999916426740468;	0.999935495196749;	0.999944699846741;	0.999955073456241;	0.999962068549647;	0.999966269065778;	0.999972764909435;	0.999977039809170;	0.999981734736473;	0.999985246381724;	0.999987449585213;	0.999989911022905;	0.999991765517419;	0.999993257781543;	0.999994679605413;	0.999995796955388;	0.999996738797419;	0.999997289146775;	0.999997781056422;	0.999998267200242;	0.999998702848317;	0.999998889436723;	0.999999118112555;	0.999999348936371;	0.999999496173922;	0.999999626303111;	0.999999688398305;	0.999999729587139;	0.999999792053991;	0.999999839336496;	0.999999871923904;	0.999999895136289;	0.999999917300728;	0.999999934271402;	0.999999946440487;	0.999999953270004;	0.999999962418449;	0.999999970574847;	0.999999976110286;	0.999999979813270;	0.999999983233592;	0.999999986315230;	0.999999988650850;	0.999999990501031;	0.999999991998280;	0.999999993194559;	0.999999994355020;	0.999999995367582;	0.999999995951189;	0.999999996640573;	0.999999997230064;	0.999999997704102;	0.999999998092652;	0.999999998379391;	0.999999998653766;	0.999999998910808;	0.999999999135821;	0.999999999323787;	0.999999999480665;	0.999999999604938;	0.999999999699632;	0.999999999779659;	0.999999999839303;	0.999999999882312;	0.999999999915446;	0.999999999938940;	0.999999999954998;	0.999999999966246;	0.999999999973902;	0.999999999978680;	0.999999999981344;	0.999999999982731;	0.999999999983209;	0.999999999983372;	0.999999999982834;	0.999999999982307;	0.999999999981160;	0.999999999978788;	0.999999999976287;	0.999999999973133;	0.999999999969029;	0.999999999963869;	0.999999999956306;	0.999999999949626;	0.999999999940658;	0.999999999926156;	0.999999999906997;	0.999999999879933;	0.999999999839554;	0.999999999775328;	0.999999999717694;	0.999999999533985;	0.999999999121393;	0.999999998483875;	0.999999997098378;	0.999999993718764;	0.999999988774702;	0.999999961559895;	0.999999953503500
0.999072929282267;	0.998688874281913;	0.998862687117717;	0.998835942753966;	0.998808815798501;	0.998779835454375;	0.998508088054672;	0.998582244195812;	0.998810343748005;	0.998837260718305;	0.998999130944519;	0.999265511351820;	0.999484248419239;	0.999576192564120;	0.999613315082012;	0.999701514963879;	0.999812317880011;	0.999831193494335;	0.999862364903983;	0.999896370153892;	0.999913500689095;	0.999945585810930;	0.999958485786335;	0.999964644188391;	0.999971557411654;	0.999976158482638;	0.999978901641355;	0.999983131004063;	0.999985891565034;	0.999988891818678;	0.999991124043261;	0.999992507678654;	0.999994039875424;	0.999995184780823;	0.999996097230422;	0.999996956394648;	0.999997624886573;	0.999998180062011;	0.999998503425764;	0.999998787753796;	0.999999065914219;	0.999999310953386;	0.999999416152404;	0.999999542092651;	0.999999667331333;	0.999999746300973;	0.999999814836624;	0.999999847306218;	0.999999868857404;	0.999999900651214;	0.999999924358435;	0.999999940513056;	0.999999951932688;	0.999999962632031;	0.999999970738789;	0.999999976468082;	0.999999979701373;	0.999999983912043;	0.999999987601665;	0.999999990074565;	0.999999991722142;	0.999999993215798;	0.999999994542487;	0.999999995536913;	0.999999996316191;	0.999999996943231;	0.999999997435510;	0.999999997905562;	0.999999998309600;	0.999999998545331;	0.999999998813480;	0.999999999039210;	0.999999999218224;	0.999999999363000;	0.999999999469431;	0.999999999568204;	0.999999999658342;	0.999999999735179;	0.999999999797618;	0.999999999848104;	0.999999999886792;	0.999999999915281;	0.999999999938253;	0.999999999954579;	0.999999999965761;	0.999999999973777;	0.999999999978898;	0.999999999982279;	0.999999999984484;	0.999999999985517;	0.999999999985921;	0.999999999985757;	0.999999999985429;	0.999999999984914;	0.999999999984428;	0.999999999983501;	0.999999999982740;	0.999999999981468;	0.999999999979050;	0.999999999976546;	0.999999999973416;	0.999999999969350;	0.999999999964239;	0.999999999956749;	0.999999999950133;	0.999999999941252;	0.999999999926891;	0.999999999907917;	0.999999999881116;	0.999999999841128;	0.999999999777524;	0.999999999720441;	0.999999999538485;	0.999999999129822;	0.999999998498349;	0.999999997125955;	0.999999993778255;	0.999999988880747;	0.999999961926716;	0.999999953921790
0.999332839381132;	0.999059195537037;	0.999185503249521;	0.999166356615138;	0.999146985504511;	0.999126298926675;	0.998927575192456;	0.998980743015510;	0.999147265732423;	0.999166092293159;	0.999291362723425;	0.999486074594822;	0.999639856234661;	0.999706256238262;	0.999732656826867;	0.999795391767815;	0.999874607981788;	0.999887695059771;	0.999909160784172;	0.999932429292603;	0.999944004378902;	0.999965513292144;	0.999974012470538;	0.999978024081118;	0.999982505838852;	0.999985448731580;	0.999987190655145;	0.999989865725200;	0.999991596323332;	0.999993456409568;	0.999994831807982;	0.999995673697850;	0.999996597046868;	0.999997280820994;	0.999997820080302;	0.999998321453160;	0.999998707352912;	0.999999022810383;	0.999999205774345;	0.999999363946529;	0.999999516941991;	0.999999649286043;	0.999999706173958;	0.999999772648500;	0.999999837684384;	0.999999878170797;	0.999999912629871;	0.999999928824981;	0.999999939567173;	0.999999954963142;	0.999999966258233;	0.999999973858254;	0.999999979182367;	0.999999984070579;	0.999999987729973;	0.999999990275803;	0.999999991718269;	0.999999993541836;	0.999999995109724;	0.999999996146111;	0.999999996832744;	0.999999997442855;	0.999999997976076;	0.999999998370693;	0.999999998676096;	0.999999998919889;	0.999999999107717;	0.999999999283803;	0.999999999432532;	0.999999999520107;	0.999999999615828;	0.999999999694903;	0.999999999756542;	0.999999999805544;	0.999999999841295;	0.999999999873348;	0.999999999901629;	0.999999999924923;	0.999999999943175;	0.999999999957308;	0.999999999967637;	0.999999999974856;	0.999999999980255;	0.999999999983760;	0.999999999985904;	0.999999999987147;	0.999999999987571;	0.999999999987879;	0.999999999988021;	0.999999999987652;	0.999999999987197;	0.999999999986522;	0.999999999985912;	0.999999999985248;	0.999999999984676;	0.999999999983711;	0.999999999982935;	0.999999999981667;	0.999999999979271;	0.999999999976790;	0.999999999973690;	0.999999999969663;	0.999999999964602;	0.999999999957185;	0.999999999950633;	0.999999999941839;	0.999999999927617;	0.999999999908827;	0.999999999882285;	0.999999999842685;	0.999999999779695;	0.999999999723157;	0.999999999542938;	0.999999999138163;	0.999999998512675;	0.999999997153257;	0.999999993837161;	0.999999988985757;	0.999999962289828;	0.999999954336694
0.999529702886948;	0.999338836945023;	0.999428672769359;	0.999415265727190;	0.999401741132217;	0.999387310288319;	0.999245066461231;	0.999282496647883;	0.999401561214322;	0.999414512837295;	0.999509262426240;	0.999648527064843;	0.999754271836291;	0.999801181896255;	0.999819543654417;	0.999863150514120;	0.999918392815850;	0.999927241010795;	0.999941649090002;	0.999957154935545;	0.999964768281611;	0.999978786125154;	0.999984224357323;	0.999986761271006;	0.999989579284686;	0.999991404109474;	0.999992476387151;	0.999994114816406;	0.999995164625433;	0.999996279665172;	0.999997098275331;	0.999997592833915;	0.999998129555919;	0.999998523123501;	0.999998829972159;	0.999999111394948;	0.999999325446224;	0.999999497492431;	0.999999596746029;	0.999999681048361;	0.999999761559623;	0.999999829857621;	0.999999859215946;	0.999999892668016;	0.999999924815900;	0.999999944545145;	0.999999960987946;	0.999999968646526;	0.999999973715953;	0.999999980763087;	0.999999985842257;	0.999999989211715;	0.999999991547096;	0.999999993644903;	0.999999995193660;	0.999999996252720;	0.999999996854121;	0.999999997590779;	0.999999998210988;	0.999999998614628;	0.999999998880060;	0.999999999110800;	0.999999999308741;	0.999999999453071;	0.999999999563165;	0.999999999650107;	0.999999999715709;	0.999999999775882;	0.999999999825654;	0.999999999855107;	0.999999999885926;	0.999999999910793;	0.999999999929750;	0.999999999944487;	0.999999999955110;	0.999999999964248;	0.999999999971917;	0.999999999977916;	0.999999999982352;	0.999999999985531;	0.999999999987638;	0.999999999988930;	0.999999999989683;	0.999999999989968;	0.999999999989963;	0.999999999989699;	0.999999999989147;	0.999999999988858;	0.999999999988631;	0.999999999988036;	0.999999999987457;	0.999999999986721;	0.999999999986084;	0.999999999985414;	0.999999999984842;	0.999999999983885;	0.999999999983115;	0.999999999981858;	0.999999999979485;	0.999999999977029;	0.999999999973958;	0.999999999969970;	0.999999999964960;	0.999999999957615;	0.999999999951127;	0.999999999942418;	0.999999999928335;	0.999999999909726;	0.999999999883442;	0.999999999844223;	0.999999999781842;	0.999999999725844;	0.999999999547341;	0.999999999146417;	0.999999998526855;	0.999999997180285;	0.999999993895482;	0.999999989089736;	0.999999962649242;	0.999999954748198
0.999675959946078;	0.999545944365047;	0.999608343955156;	0.999599183383626;	0.999589973655672;	0.999580160109868;	0.999480701090217;	0.999506534593756;	0.999589743639624;	0.999598496925897;	0.999668387537151;	0.999765630942757;	0.999836590384329;	0.999868932022000;	0.999881390567654;	0.999910936527415;	0.999948414575062;	0.999954232050802;	0.999963631334136;	0.999973664635447;	0.999978524349067;	0.999987377945600;	0.999990746101845;	0.999992298339145;	0.999994010918234;	0.999995103971186;	0.999995741533025;	0.999996709628505;	0.999997323485980;	0.999997967216027;	0.999998435921841;	0.999998715235065;	0.999999014859129;	0.999999232202364;	0.999999399537242;	0.999999550752477;	0.999999664273660;	0.999999753874856;	0.999999805225819;	0.999999848038929;	0.999999888344631;	0.999999921824197;	0.999999936196521;	0.999999952145389;	0.999999967172454;	0.999999976248464;	0.999999983641624;	0.999999987050275;	0.999999989298230;	0.999999992323147;	0.999999994461119;	0.999999995856864;	0.999999996812137;	0.999999997650000;	0.999999998258659;	0.999999998666992;	0.999999998898901;	0.999999999173469;	0.999999999399239;	0.999999999543594;	0.999999999637608;	0.999999999717360;	0.999999999784281;	0.999999999832219;	0.999999999868180;	0.999999999896166;	0.999999999916773;	0.999999999935163;	0.999999999949980;	0.999999999958726;	0.999999999967418;	0.999999999974210;	0.999999999979225;	0.999999999983003;	0.999999999985684;	0.999999999987859;	0.999999999989495;	0.999999999990626;	0.999999999991332;	0.999999999991691;	0.999999999991786;	0.999999999991701;	0.999999999991446;	0.999999999991077;	0.999999999990667;	0.999999999990143;	0.999999999989440;	0.999999999989068;	0.999999999988795;	0.999999999988180;	0.999999999987597;	0.999999999986865;	0.999999999986232;	0.999999999985568;	0.999999999985001;	0.999999999984053;	0.999999999983290;	0.999999999982046;	0.999999999979696;	0.999999999977263;	0.999999999974223;	0.999999999970275;	0.999999999965312;	0.999999999958039;	0.999999999951614;	0.999999999942989;	0.999999999929044;	0.999999999910615;	0.999999999884584;	0.999999999845744;	0.999999999783965;	0.999999999728500;	0.999999999551698;	0.999999999154584;	0.999999998540889;	0.999999997207039;	0.999999993953221;	0.999999989192684;	0.999999963004971;	0.999999955156286
0.999782319134699;	0.999696066241163;	0.999738285591225;	0.999732194967368;	0.999726095586691;	0.999719608788572;	0.999651828035996;	0.999669279289499;	0.999725987435880;	0.999731790929300;	0.999781936518470;	0.999848052054460;	0.999894402656004;	0.999916100508418;	0.999924323441337;	0.999943778726264;	0.999968437795017;	0.999972145178669;	0.999978084652304;	0.999984366650991;	0.999987366340842;	0.999992765307513;	0.999994776609066;	0.999995691833579;	0.999996693618886;	0.999997323393634;	0.999997687987835;	0.999998237355683;	0.999998581763530;	0.999998937980038;	0.999999194882850;	0.999999345784993;	0.999999505589360;	0.999999620129186;	0.999999707101646;	0.999999784435209;	0.999999841657103;	0.999999885941800;	0.999999911119063;	0.999999931700098;	0.999999950764335;	0.999999966241731;	0.999999972867206;	0.999999980015967;	0.999999986604998;	0.999999990513568;	0.999999993618552;	0.999999995033546;	0.999999995961499;	0.999999997167218;	0.999999998001021;	0.999999998535494;	0.999999998895854;	0.999999999203692;	0.999999999423118;	0.999999999567191;	0.999999999648820;	0.999999999741923;	0.999999999816421;	0.999999999863087;	0.999999999893107;	0.999999999917857;	0.999999999938049;	0.999999999952195;	0.999999999962613;	0.999999999970551;	0.999999999976207;	0.999999999981057;	0.999999999984819;	0.999999999986987;	0.999999999988983;	0.999999999990453;	0.999999999991469;	0.999999999992190;	0.999999999992699;	0.999999999993058;	0.999999999993195;	0.999999999993177;	0.999999999993049;	0.999999999992816;	0.999999999992516;	0.999999999992179;	0.999999999991756;	0.999999999991290;	0.999999999990826;	0.999999999990275;	0.999999999989564;	0.999999999989189;	0.999999999988916;	0.999999999988307;	0.999999999987729;	0.999999999987004;	0.999999999986377;	0.999999999985718;	0.999999999985158;	0.999999999984219;	0.999999999983463;	0.999999999982231;	0.999999999979904;	0.999999999977495;	0.999999999974484;	0.999999999970575;	0.999999999965661;	0.999999999958458;	0.999999999952095;	0.999999999943555;	0.999999999929744;	0.999999999911492;	0.999999999885713;	0.999999999847247;	0.999999999786064;	0.999999999731127;	0.999999999556008;	0.999999999162666;	0.999999998554779;	0.999999997233521;	0.999999994010378;	0.999999989294607;	0.999999963357022;	0.999999955560943
0.999857842809391;	0.999802302146304;	0.999830044107040;	0.999826116299107;	0.999822200765888;	0.999818047113890;	0.999773136385599;	0.999784656558628;	0.999822248968422;	0.999826017564294;	0.999860900359610;	0.999904535121696;	0.999933922658207;	0.999948040400058;	0.999953301966368;	0.999965708019399;	0.999981384894756;	0.999983666126848;	0.999987287091581;	0.999991077200145;	0.999992860049145;	0.999996024609625;	0.999997177196186;	0.999997694704014;	0.999998255956020;	0.999998603199518;	0.999998802690903;	0.999999100489639;	0.999999284873646;	0.999999472732033;	0.999999606733545;	0.999999684248277;	0.999999765166103;	0.999999822394595;	0.999999865188484;	0.999999902567624;	0.999999929782480;	0.999999950396967;	0.999999962004214;	0.999999971293555;	0.999999979741101;	0.999999986429391;	0.999999989279393;	0.999999992263298;	0.999999994946472;	0.999999996505826;	0.999999997710611;	0.999999998252284;	0.999999998604717;	0.999999999045507;	0.999999999342911;	0.999999999529567;	0.999999999653173;	0.999999999755667;	0.999999999827087;	0.999999999872833;	0.999999999898602;	0.999999999926772;	0.999999999948574;	0.999999999961900;	0.999999999970342;	0.999999999977050;	0.999999999982289;	0.999999999985841;	0.999999999988416;	0.999999999990307;	0.999999999991570;	0.999999999992561;	0.999999999993264;	0.999999999993616;	0.999999999993862;	0.999999999993989;	0.999999999994032;	0.999999999994037;	0.999999999994052;	0.999999999994020;	0.999999999993856;	0.999999999993622;	0.999999999993349;	0.999999999993022;	0.999999999992666;	0.999999999992299;	0.999999999991860;	0.999999999991390;	0.999999999990928;	0.999999999990381;	0.999999999989676;	0.999999999989305;	0.999999999989034;	0.999999999988431;	0.999999999987857;	0.999999999987139;	0.999999999986519;	0.999999999985867;	0.999999999985311;	0.999999999984381;	0.999999999983633;	0.999999999982412;	0.999999999980109;	0.999999999977723;	0.999999999974742;	0.999999999970870;	0.999999999966005;	0.999999999958873;	0.999999999952570;	0.999999999944113;	0.999999999930435;	0.999999999912359;	0.999999999886829;	0.999999999848734;	0.999999999788138;	0.999999999733725;	0.999999999560271;	0.999999999170661;	0.999999998568523;	0.999999997259731;	0.999999994066956;	0.999999989395504;	0.999999963705407;	0.999999955962154
0.999910057786003;	0.999875484633037;	0.999893126065771;	0.999890678365191;	0.999888251374758;	0.999885685029269;	0.999856827673881;	0.999864249644856;	0.999888422942197;	0.999890815207598;	0.999914245562823;	0.999942099549070;	0.999960129851349;	0.999969002552403;	0.999972253204752;	0.999979881758918;	0.999989468922165;	0.999990817907014;	0.999992937376804;	0.999995129819356;	0.999996144860817;	0.999997918145651;	0.999998548392794;	0.999998827377706;	0.999999126724866;	0.999999308816550;	0.999999412600730;	0.999999565793412;	0.999999659352322;	0.999999753108925;	0.999999819142420;	0.999999856718602;	0.999999895316704;	0.999999922208469;	0.999999941976504;	0.999999958904654;	0.999999971007177;	0.999999979960394;	0.999999984943237;	0.999999988840206;	0.999999992309876;	0.999999994981690;	0.999999996112605;	0.999999997258575;	0.999999998260564;	0.999999998829328;	0.999999999255251;	0.999999999443720;	0.999999999565017;	0.999999999710471;	0.999999999805863;	0.999999999864270;	0.999999999902109;	0.999999999932411;	0.999999999952936;	0.999999999965697;	0.999999999972805;	0.999999999980174;	0.999999999985608;	0.999999999988823;	0.999999999990827;	0.999999999992316;	0.999999999993356;	0.999999999994008;	0.999999999994490;	0.999999999994805;	0.999999999994958;	0.999999999995010;	0.999999999994999;	0.999999999994932;	0.999999999994797;	0.999999999994646;	0.999999999994497;	0.999999999994367;	0.999999999994294;	0.999999999994198;	0.999999999993989;	0.999999999993727;	0.999999999993438;	0.999999999993106;	0.999999999992748;	0.999999999992384;	0.999999999991948;	0.999999999991483;	0.999999999991025;	0.999999999990483;	0.999999999989785;	0.999999999989417;	0.999999999989149;	0.999999999988552;	0.999999999987984;	0.999999999987273;	0.999999999986659;	0.999999999986013;	0.999999999985462;	0.999999999984541;	0.999999999983800;	0.999999999982591;	0.999999999980311;	0.999999999977948;	0.999999999974996;	0.999999999971163;	0.999999999966343;	0.999999999959281;	0.999999999953040;	0.999999999944664;	0.999999999931118;	0.999999999913217;	0.999999999887932;	0.999999999850203;	0.999999999790189;	0.999999999736292;	0.999999999564487;	0.999999999178571;	0.999999998582123;	0.999999997285670;	0.999999994122955;	0.999999989495379;	0.999999964050136;	0.999999956359904
0.999945086678247;	0.999924387478349;	0.999935199833444;	0.999933732257825;	0.999932286279843;	0.999930763118237;	0.999912824694323;	0.999917489294975;	0.999932525551500;	0.999934006833875;	0.999949122166341;	0.999966248215499;	0.999976920496383;	0.999982280544288;	0.999984210140223;	0.999988710341148;	0.999994319731764;	0.999995081999322;	0.999996266122822;	0.999997474683374;	0.999998024784635;	0.999998968463485;	0.999999295014251;	0.999999437375315;	0.999999588239454;	0.999999678358830;	0.999999729298733;	0.999999803474459;	0.999999848093070;	0.999999891990173;	0.999999922454447;	0.999999939485192;	0.999999956661331;	0.999999968426404;	0.999999976909975;	0.999999984014845;	0.999999988990050;	0.999999992575056;	0.999999994542440;	0.999999996042414;	0.999999997345631;	0.999999998318375;	0.999999998726308;	0.999999999125028;	0.999999999462623;	0.999999999649063;	0.999999999783790;	0.999999999842267;	0.999999999879335;	0.999999999921736;	0.999999999948620;	0.999999999964603;	0.999999999974671;	0.999999999982379;	0.999999999987393;	0.999999999990387;	0.999999999992014;	0.999999999993555;	0.999999999994565;	0.999999999995126;	0.999999999995473;	0.999999999995670;	0.999999999995707;	0.999999999995688;	0.999999999995702;	0.999999999995674;	0.999999999995596;	0.999999999995462;	0.999999999995315;	0.999999999995171;	0.999999999994972;	0.999999999994778;	0.999999999994600;	0.999999999994454;	0.999999999994370;	0.999999999994267;	0.999999999994057;	0.999999999993796;	0.999999999993510;	0.999999999993181;	0.999999999992827;	0.999999999992465;	0.999999999992034;	0.999999999991573;	0.999999999991119;	0.999999999990583;	0.999999999989892;	0.999999999989528;	0.999999999989262;	0.999999999988671;	0.999999999988109;	0.999999999987404;	0.999999999986797;	0.999999999986157;	0.999999999985611;	0.999999999984699;	0.999999999983964;	0.999999999982768;	0.999999999980509;	0.999999999978170;	0.999999999975246;	0.999999999971450;	0.999999999966678;	0.999999999959685;	0.999999999953503;	0.999999999945207;	0.999999999931793;	0.999999999914063;	0.999999999889021;	0.999999999851655;	0.999999999792217;	0.999999999738832;	0.999999999568657;	0.999999999186396;	0.999999998595579;	0.999999997311339;	0.999999994178378;	0.999999989594234;	0.999999964391217;	0.999999956754179
0.999967795136932;	0.999955953321534;	0.999962310153011;	0.999961467673607;	0.999960643792613;	0.999959779597195;	0.999949008067301;	0.999951872322209;	0.999960898325665;	0.999961790936942;	0.999971087902773;	0.999981182387366;	0.999987262629259;	0.999990356567773;	0.999991450544634;	0.999993981400866;	0.999997100579189;	0.999997509291045;	0.999998136145826;	0.999998766193724;	0.999999047765542;	0.999999520765156;	0.999999679691082;	0.999999747836043;	0.999999819011347;	0.999999860700669;	0.999999884060042;	0.999999917519835;	0.999999937308139;	0.999999956377316;	0.999999969384478;	0.999999976516254;	0.999999983558895;	0.999999988289599;	0.999999991626983;	0.999999994351929;	0.999999996214953;	0.999999997518156;	0.999999998221259;	0.999999998742176;	0.999999999181981;	0.999999999498823;	0.999999999630021;	0.999999999753165;	0.999999999853616;	0.999999999907311;	0.999999999944527;	0.999999999960287;	0.999999999970051;	0.999999999980629;	0.999999999987048;	0.999999999990728;	0.999999999992951;	0.999999999994524;	0.999999999995460;	0.999999999995972;	0.999999999996226;	0.999999999996384;	0.999999999996389;	0.999999999996367;	0.999999999996362;	0.999999999996294;	0.999999999996137;	0.999999999995992;	0.999999999995922;	0.999999999995835;	0.999999999995720;	0.999999999995558;	0.999999999995393;	0.999999999995240;	0.999999999995035;	0.999999999994839;	0.999999999994661;	0.999999999994515;	0.999999999994432;	0.999999999994330;	0.999999999994122;	0.999999999993863;	0.999999999993579;	0.999999999993254;	0.999999999992903;	0.999999999992545;	0.999999999992118;	0.999999999991662;	0.999999999991212;	0.999999999990682;	0.999999999989997;	0.999999999989637;	0.999999999989373;	0.999999999988788;	0.999999999988232;	0.999999999987534;	0.999999999986933;	0.999999999986298;	0.999999999985759;	0.999999999984855;	0.999999999984127;	0.999999999982942;	0.999999999980705;	0.999999999978389;	0.999999999975494;	0.999999999971734;	0.999999999967008;	0.999999999960083;	0.999999999953960;	0.999999999945745;	0.999999999932459;	0.999999999914899;	0.999999999890098;	0.999999999853088;	0.999999999794220;	0.999999999741342;	0.999999999572780;	0.999999999194136;	0.999999998608892;	0.999999997336739;	0.999999994233225;	0.999999989692071;	0.999999964728658;	0.999999957144966
0.999981949742775;	0.999975533275969;	0.999979099540058;	0.999978638815605;	0.999978192229221;	0.999977725599501;	0.999971471145722;	0.999973199448800;	0.999978424737156;	0.999978947146687;	0.999984339825347;	0.999990014745079;	0.999993349553768;	0.999995043398722;	0.999995631445101;	0.999996977784686;	0.999998612526207;	0.999998818644834;	0.999999130215803;	0.999999437884583;	0.999999572664364;	0.999999793636924;	0.999999865483467;	0.999999895732635;	0.999999926793537;	0.999999944598477;	0.999999954481495;	0.999999968357642;	0.999999976408122;	0.999999983984787;	0.999999989048269;	0.999999991765372;	0.999999994383396;	0.999999996102396;	0.999999997284966;	0.999999998222514;	0.999999998845757;	0.999999999267183;	0.999999999489862;	0.999999999649490;	0.999999999779755;	0.999999999869842;	0.999999999906498;	0.999999999939340;	0.999999999964997;	0.999999999978174;	0.999999999986847;	0.999999999990390;	0.999999999992486;	0.999999999994611;	0.999999999995803;	0.999999999996453;	0.999999999996808;	0.999999999996984;	0.999999999997030;	0.999999999997022;	0.999999999996994;	0.999999999996886;	0.999999999996708;	0.999999999996584;	0.999999999996520;	0.999999999996411;	0.999999999996224;	0.999999999996064;	0.999999999995983;	0.999999999995889;	0.999999999995772;	0.999999999995610;	0.999999999995445;	0.999999999995293;	0.999999999995090;	0.999999999994895;	0.999999999994719;	0.999999999994574;	0.999999999994492;	0.999999999994391;	0.999999999994185;	0.999999999993928;	0.999999999993647;	0.999999999993324;	0.999999999992977;	0.999999999992624;	0.999999999992200;	0.999999999991749;	0.999999999991304;	0.999999999990778;	0.999999999990101;	0.999999999989744;	0.999999999989483;	0.999999999988904;	0.999999999988352;	0.999999999987662;	0.999999999987066;	0.999999999986438;	0.999999999985903;	0.999999999985008;	0.999999999984287;	0.999999999983114;	0.999999999980899;	0.999999999978605;	0.999999999975738;	0.999999999972014;	0.999999999967334;	0.999999999960475;	0.999999999954412;	0.999999999946275;	0.999999999933117;	0.999999999915725;	0.999999999891162;	0.999999999854505;	0.999999999796201;	0.999999999743824;	0.999999999576858;	0.999999999201792;	0.999999998622063;	0.999999997361870;	0.999999994287498;	0.999999989788891;	0.999999965062469;	0.999999957532249
0.999990380390867;	0.999987129780377;	0.999989029048172;	0.999988789963171;	0.999988560565159;	0.999988321206428;	0.999984783943722;	0.999985823090021;	0.999988751538048;	0.999989048381522;	0.999991944594507;	0.999994973639029;	0.999996746610533;	0.999997618041021;	0.999997915053165;	0.999998585918674;	0.999999384962246;	0.999999481646235;	0.999999625355913;	0.999999764368997;	0.999999823937399;	0.999999918860931;	0.999999948598425;	0.999999960864796;	0.999999973208813;	0.999999980116815;	0.999999983911603;	0.999999989110601;	0.999999992061408;	0.999999994763133;	0.999999996524996;	0.999999997447728;	0.999999998311223;	0.999999998863093;	0.999999999231791;	0.999999999514093;	0.999999999695540;	0.999999999813518;	0.999999999874278;	0.999999999916161;	0.999999999948974;	0.999999999970617;	0.999999999979203;	0.999999999986481;	0.999999999991905;	0.999999999994549;	0.999999999996161;	0.999999999996768;	0.999999999997068;	0.999999999997336;	0.999999999997434;	0.999999999997476;	0.999999999997472;	0.999999999997396;	0.999999999997289;	0.999999999997195;	0.999999999997123;	0.999999999996976;	0.999999999996775;	0.999999999996639;	0.999999999996568;	0.999999999996456;	0.999999999996269;	0.999999999996108;	0.999999999996027;	0.999999999995934;	0.999999999995818;	0.999999999995657;	0.999999999995494;	0.999999999995342;	0.999999999995142;	0.999999999994949;	0.999999999994775;	0.999999999994631;	0.999999999994550;	0.999999999994450;	0.999999999994246;	0.999999999993992;	0.999999999993714;	0.999999999993394;	0.999999999993050;	0.999999999992701;	0.999999999992281;	0.999999999991835;	0.999999999991394;	0.999999999990874;	0.999999999990203;	0.999999999989849;	0.999999999989591;	0.999999999989018;	0.999999999988471;	0.999999999987787;	0.999999999987197;	0.999999999986575;	0.999999999986045;	0.999999999985159;	0.999999999984445;	0.999999999983283;	0.999999999981090;	0.999999999978818;	0.999999999975978;	0.999999999972291;	0.999999999967656;	0.999999999960863;	0.999999999954857;	0.999999999946799;	0.999999999933767;	0.999999999916540;	0.999999999892212;	0.999999999855906;	0.999999999798159;	0.999999999746277;	0.999999999580890;	0.999999999209363;	0.999999998635090;	0.999999997386731;	0.999999994341198;	0.999999989884697;	0.999999965392656;	0.999999957916017
0.999995141373912;	0.999993634672015;	0.999994591867708;	0.999994473989213;	0.999994362100012;	0.999994244582557;	0.999992255683727;	0.999992895277793;	0.999994507048442;	0.999994671541410;	0.999996059123631;	0.999997592207579;	0.999998526797944;	0.999998943208317;	0.999999082660157;	0.999999391948441;	0.999999751342337;	0.999999792925419;	0.999999853512096;	0.999999910702821;	0.999999934609530;	0.999999971440792;	0.999999982496109;	0.999999986950600;	0.999999991325717;	0.999999993708742;	0.999999995002364;	0.999999996721247;	0.999999997672509;	0.999999998515234;	0.999999999048626;	0.999999999320381;	0.999999999565769;	0.999999999717576;	0.999999999815623;	0.999999999887586;	0.999999999931960;	0.999999999959555;	0.999999999973342;	0.999999999982389;	0.999999999989148;	0.999999999993385;	0.999999999994993;	0.999999999996262;	0.999999999997187;	0.999999999997601;	0.999999999997805;	0.999999999997847;	0.999999999997815;	0.999999999997762;	0.999999999997683;	0.999999999997633;	0.999999999997577;	0.999999999997467;	0.999999999997341;	0.999999999997238;	0.999999999997161;	0.999999999997012;	0.999999999996812;	0.999999999996677;	0.999999999996606;	0.999999999996495;	0.999999999996309;	0.999999999996150;	0.999999999996070;	0.999999999995978;	0.999999999995862;	0.999999999995703;	0.999999999995542;	0.999999999995392;	0.999999999995193;	0.999999999995002;	0.999999999994830;	0.999999999994687;	0.999999999994608;	0.999999999994508;	0.999999999994306;	0.999999999994055;	0.999999999993780;	0.999999999993463;	0.999999999993123;	0.999999999992777;	0.999999999992361;	0.999999999991919;	0.999999999991483;	0.999999999990967;	0.999999999990303;	0.999999999989953;	0.999999999989697;	0.999999999989129;	0.999999999988588;	0.999999999987910;	0.999999999987326;	0.999999999986710;	0.999999999986186;	0.999999999985308;	0.999999999984601;	0.999999999983450;	0.999999999981278;	0.999999999979027;	0.999999999976215;	0.999999999972563;	0.999999999967973;	0.999999999961246;	0.999999999955297;	0.999999999947316;	0.999999999934409;	0.999999999917347;	0.999999999893250;	0.999999999857291;	0.999999999800094;	0.999999999748701;	0.999999999584876;	0.999999999216851;	0.999999998647975;	0.999999997411326;	0.999999994394325;	0.999999989979489;	0.999999965719226;	0.999999958296254
0.999997665418973;	0.999997054565803;	0.999997513336085;	0.999997457149230;	0.999997404254825;	0.999997347171668;	0.999996186501189;	0.999996606316332;	0.999997508600072;	0.999997598940399;	0.999998134293846;	0.999998877273987;	0.999999391583868;	0.999999573749098;	0.999999633911268;	0.999999763872343;	0.999999910125170;	0.999999926230427;	0.999999949125700;	0.999999970104139;	0.999999978628099;	0.999999991233374;	0.999999994831548;	0.999999996242152;	0.999999997586696;	0.999999998297077;	0.999999998677281;	0.999999999162980;	0.999999999424264;	0.999999999646402;	0.999999999781909;	0.999999999848923;	0.999999999906739;	0.999999999941134;	0.999999999962602;	0.999999999977550;	0.999999999986294;	0.999999999991522;	0.999999999994072;	0.999999999995632;	0.999999999996756;	0.999999999997449;	0.999999999997681;	0.999999999997842;	0.999999999997991;	0.999999999998044;	0.999999999998035;	0.999999999997997;	0.999999999997920;	0.999999999997828;	0.999999999997729;	0.999999999997669;	0.999999999997608;	0.999999999997498;	0.999999999997372;	0.999999999997269;	0.999999999997193;	0.999999999997045;	0.999999999996846;	0.999999999996712;	0.999999999996642;	0.999999999996533;	0.999999999996348;	0.999999999996191;	0.999999999996112;	0.999999999996020;	0.999999999995906;	0.999999999995748;	0.999999999995589;	0.999999999995440;	0.999999999995244;	0.999999999995054;	0.999999999994884;	0.999999999994743;	0.999999999994664;	0.999999999994565;	0.999999999994365;	0.999999999994117;	0.999999999993844;	0.999999999993530;	0.999999999993193;	0.999999999992851;	0.999999999992439;	0.999999999992002;	0.999999999991570;	0.999999999991059;	0.999999999990402;	0.999999999990055;	0.999999999989802;	0.999999999989239;	0.999999999988703;	0.999999999988031;	0.999999999987453;	0.999999999986843;	0.999999999986324;	0.999999999985454;	0.999999999984754;	0.999999999983614;	0.999999999981464;	0.999999999979234;	0.999999999976449;	0.999999999972832;	0.999999999968286;	0.999999999961624;	0.999999999955732;	0.999999999947827;	0.999999999935043;	0.999999999918143;	0.999999999894275;	0.999999999858658;	0.999999999802005;	0.999999999751097;	0.999999999588816;	0.999999999224255;	0.999999998660718;	0.999999997435653;	0.999999994446881;	0.999999990073270;	0.999999966042186;	0.999999958672949
0.999998905613096;	0.999998716738556;	0.999998931962255;	0.999998904549579;	0.999998878676565;	0.999998848839390;	0.999998099577342;	0.999998405610202;	0.999998952515990;	0.999999003634671;	0.999999095706500;	0.999999454378900;	0.999999774348776;	0.999999846133550;	0.999999869818382;	0.999999918813800;	0.999999971632684;	0.999999977139559;	0.999999984716087;	0.999999991401958;	0.999999994030823;	0.999999997723970;	0.999999998716882;	0.999999999093884;	0.999999999439697;	0.999999999616843;	0.999999999709981;	0.999999999822777;	0.999999999881972;	0.999999999929571;	0.999999999957367;	0.999999999970873;	0.999999999981819;	0.999999999988085;	0.999999999992020;	0.999999999994598;	0.999999999996014;	0.999999999996911;	0.999999999997379;	0.999999999997635;	0.999999999997838;	0.999999999997994;	0.999999999998026;	0.999999999998039;	0.999999999998093;	0.999999999998104;	0.999999999998074;	0.999999999998028;	0.999999999997948;	0.999999999997853;	0.999999999997754;	0.999999999997695;	0.999999999997635;	0.999999999997525;	0.999999999997400;	0.999999999997298;	0.999999999997224;	0.999999999997077;	0.999999999996879;	0.999999999996747;	0.999999999996678;	0.999999999996569;	0.999999999996387;	0.999999999996231;	0.999999999996153;	0.999999999996063;	0.999999999995949;	0.999999999995793;	0.999999999995635;	0.999999999995488;	0.999999999995293;	0.999999999995106;	0.999999999994938;	0.999999999994797;	0.999999999994719;	0.999999999994622;	0.999999999994424;	0.999999999994178;	0.999999999993908;	0.999999999993597;	0.999999999993263;	0.999999999992925;	0.999999999992516;	0.999999999992084;	0.999999999991656;	0.999999999991150;	0.999999999990499;	0.999999999990156;	0.999999999989905;	0.999999999989347;	0.999999999988817;	0.999999999988151;	0.999999999987579;	0.999999999986975;	0.999999999986460;	0.999999999985599;	0.999999999984905;	0.999999999983776;	0.999999999981646;	0.999999999979438;	0.999999999976680;	0.999999999973098;	0.999999999968595;	0.999999999961996;	0.999999999956160;	0.999999999948331;	0.999999999935669;	0.999999999918929;	0.999999999895289;	0.999999999860010;	0.999999999803894;	0.999999999753465;	0.999999999592711;	0.999999999231575;	0.999999998673319;	0.999999997459713;	0.999999994498867;	0.999999990166040;	0.999999966361540;	0.999999959046087
0.999999461011913;	0.999999449923379;	0.999999557188931;	0.999999541826989;	0.999999526994648;	0.999999508064017;	0.999998946476861;	0.999999197438278;	0.999999580946076;	0.999999612776012;	0.999999497227860;	0.999999686915444;	0.999999925037666;	0.999999950293595;	0.999999958986412;	0.999999975512571;	0.999999992269804;	0.999999993925270;	0.999999996090673;	0.999999997907285;	0.999999998596649;	0.999999999502389;	0.999999999730059;	0.999999999813830;	0.999999999886852;	0.999999999924081;	0.999999999943222;	0.999999999964652;	0.999999999976262;	0.999999999984831;	0.999999999989720;	0.999999999992332;	0.999999999994278;	0.999999999995431;	0.999999999996356;	0.999999999996952;	0.999999999997272;	0.999999999997567;	0.999999999997763;	0.999999999997860;	0.999999999997960;	0.999999999998060;	0.999999999998073;	0.999999999998073;	0.999999999998119;	0.999999999998127;	0.999999999998096;	0.999999999998051;	0.999999999997971;	0.999999999997877;	0.999999999997779;	0.999999999997721;	0.999999999997661;	0.999999999997552;	0.999999999997428;	0.999999999997328;	0.999999999997254;	0.999999999997108;	0.999999999996912;	0.999999999996781;	0.999999999996712;	0.999999999996605;	0.999999999996425;	0.999999999996270;	0.999999999996192;	0.999999999996103;	0.999999999995991;	0.999999999995836;	0.999999999995680;	0.999999999995534;	0.999999999995342;	0.999999999995157;	0.999999999994989;	0.999999999994851;	0.999999999994773;	0.999999999994677;	0.999999999994481;	0.999999999994237;	0.999999999993970;	0.999999999993662;	0.999999999993332;	0.999999999992996;	0.999999999992592;	0.999999999992163;	0.999999999991740;	0.999999999991239;	0.999999999990595;	0.999999999990254;	0.999999999990006;	0.999999999989454;	0.999999999988928;	0.999999999988270;	0.999999999987702;	0.999999999987103;	0.999999999986594;	0.999999999985741;	0.999999999985054;	0.999999999983935;	0.999999999981826;	0.999999999979639;	0.999999999976907;	0.999999999973360;	0.999999999968900;	0.999999999962364;	0.999999999956583;	0.999999999948828;	0.999999999936286;	0.999999999919706;	0.999999999896289;	0.999999999861344;	0.999999999805760;	0.999999999755804;	0.999999999596560;	0.999999999238812;	0.999999998685780;	0.999999997483507;	0.999999994550282;	0.999999990257801;	0.999999966677295;	0.999999959415659
0.999999682890050;	0.999999736108642;	0.999999800936905;	0.999999790004469;	0.999999779094952;	0.999999763954697;	0.999999280612144;	0.999999506621337;	0.999999821858790;	0.999999845041141;	0.999999645111790;	0.999999769161629;	0.999999976023935;	0.999999984303252;	0.999999987668171;	0.999999993029611;	0.999999997995599;	0.999999998479744;	0.999999999057454;	0.999999999510061;	0.999999999679000;	0.999999999883976;	0.999999999934120;	0.999999999952852;	0.999999999968333;	0.999999999977509;	0.999999999982171;	0.999999999986918;	0.999999999990266;	0.999999999992506;	0.999999999993921;	0.999999999994967;	0.999999999995714;	0.999999999996232;	0.999999999996805;	0.999999999997190;	0.999999999997402;	0.999999999997641;	0.999999999997812;	0.999999999997895;	0.999999999997988;	0.999999999998083;	0.999999999998096;	0.999999999998096;	0.999999999998140;	0.999999999998148;	0.999999999998118;	0.999999999998071;	0.999999999997993;	0.999999999997899;	0.999999999997803;	0.999999999997745;	0.999999999997686;	0.999999999997578;	0.999999999997455;	0.999999999997356;	0.999999999997283;	0.999999999997139;	0.999999999996944;	0.999999999996815;	0.999999999996747;	0.999999999996640;	0.999999999996462;	0.999999999996308;	0.999999999996232;	0.999999999996144;	0.999999999996032;	0.999999999995879;	0.999999999995725;	0.999999999995580;	0.999999999995390;	0.999999999995206;	0.999999999995041;	0.999999999994904;	0.999999999994826;	0.999999999994731;	0.999999999994536;	0.999999999994296;	0.999999999994031;	0.999999999993726;	0.999999999993399;	0.999999999993068;	0.999999999992667;	0.999999999992242;	0.999999999991822;	0.999999999991327;	0.999999999990689;	0.999999999990352;	0.999999999990105;	0.999999999989559;	0.999999999989038;	0.999999999988386;	0.999999999987823;	0.999999999987231;	0.999999999986725;	0.999999999985881;	0.999999999985200;	0.999999999984093;	0.999999999982003;	0.999999999979837;	0.999999999977131;	0.999999999973618;	0.999999999969200;	0.999999999962727;	0.999999999957001;	0.999999999949319;	0.999999999936896;	0.999999999920472;	0.999999999897277;	0.999999999862662;	0.999999999807603;	0.999999999758116;	0.999999999600364;	0.999999999245964;	0.999999998698098;	0.999999997507035;	0.999999994601128;	0.999999990348552;	0.999999966989451;	0.999999959781649
0.999999760124414;	0.999999831777922;	0.999999882165698;	0.999999872646899;	0.999999862935196;	0.999999848947740;	0.999999396173699;	0.999999611244047;	0.999999900317142;	0.999999920030782;	0.999999692512597;	0.999999794512634;	0.999999990114164;	0.999999993289046;	0.999999995091796;	0.999999997330013;	0.999999999214841;	0.999999999420915;	0.999999999639201;	0.999999999801841;	0.999999999866206;	0.999999999942077;	0.999999999962838;	0.999999999971425;	0.999999999978503;	0.999999999983821;	0.999999999986562;	0.999999999989283;	0.999999999991677;	0.999999999993248;	0.999999999994319;	0.999999999995216;	0.999999999995859;	0.999999999996323;	0.999999999996865;	0.999999999997232;	0.999999999997436;	0.999999999997669;	0.999999999997838;	0.999999999997920;	0.999999999998011;	0.999999999998106;	0.999999999998117;	0.999999999998116;	0.999999999998161;	0.999999999998168;	0.999999999998138;	0.999999999998092;	0.999999999998015;	0.999999999997922;	0.999999999997826;	0.999999999997769;	0.999999999997710;	0.999999999997603;	0.999999999997482;	0.999999999997384;	0.999999999997311;	0.999999999997168;	0.999999999996976;	0.999999999996847;	0.999999999996780;	0.999999999996675;	0.999999999996498;	0.999999999996346;	0.999999999996270;	0.999999999996183;	0.999999999996073;	0.999999999995921;	0.999999999995768;	0.999999999995625;	0.999999999995437;	0.999999999995255;	0.999999999995090;	0.999999999994955;	0.999999999994879;	0.999999999994785;	0.999999999994591;	0.999999999994353;	0.999999999994091;	0.999999999993789;	0.999999999993465;	0.999999999993137;	0.999999999992741;	0.999999999992319;	0.999999999991904;	0.999999999991413;	0.999999999990781;	0.999999999990448;	0.999999999990203;	0.999999999989662;	0.999999999989145;	0.999999999988501;	0.999999999987943;	0.999999999987356;	0.999999999986856;	0.999999999986018;	0.999999999985345;	0.999999999984248;	0.999999999982178;	0.999999999980033;	0.999999999977353;	0.999999999973872;	0.999999999969496;	0.999999999963085;	0.999999999957413;	0.999999999949804;	0.999999999937498;	0.999999999921229;	0.999999999898252;	0.999999999863963;	0.999999999809423;	0.999999999760400;	0.999999999604124;	0.999999999253035;	0.999999998710276;	0.999999997530296;	0.999999994651405;	0.999999990438296;	0.999999967298015;	0.999999960144047
0.999999783438345;	0.999999858267366;	0.999999904395290;	0.999999895296983;	0.999999885934719;	0.999999872319950;	0.999999432141457;	0.999999642055908;	0.999999921110683;	0.999999939576970;	0.999999706553708;	0.999999802008282;	0.999999993081346;	0.999999995085292;	0.999999996530640;	0.999999998108129;	0.999999999397675;	0.999999999556722;	0.999999999717988;	0.999999999838210;	0.999999999888267;	0.999999999948178;	0.999999999965706;	0.999999999973238;	0.999999999979498;	0.999999999984440;	0.999999999987002;	0.999999999989547;	0.999999999991849;	0.999999999993361;	0.999999999994401;	0.999999999995281;	0.999999999995911;	0.999999999996368;	0.999999999996903;	0.999999999997266;	0.999999999997466;	0.999999999997697;	0.999999999997863;	0.999999999997943;	0.999999999998033;	0.999999999998127;	0.999999999998138;	0.999999999998137;	0.999999999998180;	0.999999999998187;	0.999999999998158;	0.999999999998112;	0.999999999998036;	0.999999999997944;	0.999999999997848;	0.999999999997793;	0.999999999997734;	0.999999999997628;	0.999999999997508;	0.999999999997411;	0.999999999997338;	0.999999999997198;	0.999999999997007;	0.999999999996880;	0.999999999996813;	0.999999999996708;	0.999999999996534;	0.999999999996384;	0.999999999996308;	0.999999999996222;	0.999999999996113;	0.999999999995962;	0.999999999995810;	0.999999999995670;	0.999999999995482;	0.999999999995302;	0.999999999995140;	0.999999999995006;	0.999999999994930;	0.999999999994837;	0.999999999994646;	0.999999999994409;	0.999999999994150;	0.999999999993851;	0.999999999993531;	0.999999999993206;	0.999999999992813;	0.999999999992395;	0.999999999991984;	0.999999999991498;	0.999999999990872;	0.999999999990542;	0.999999999990300;	0.999999999989764;	0.999999999989252;	0.999999999988613;	0.999999999988060;	0.999999999987479;	0.999999999986984;	0.999999999986154;	0.999999999985488;	0.999999999984400;	0.999999999982350;	0.999999999980226;	0.999999999977571;	0.999999999974124;	0.999999999969789;	0.999999999963438;	0.999999999957819;	0.999999999950282;	0.999999999938093;	0.999999999921976;	0.999999999899216;	0.999999999865249;	0.999999999811221;	0.999999999762655;	0.999999999607838;	0.999999999260022;	0.999999998722312;	0.999999997553292;	0.999999994701112;	0.999999990527030;	0.999999967602985;	0.999999960502841
0.999999790362956;	0.999999864699947;	0.999999909529583;	0.999999900605213;	0.999999891400306;	0.999999877994113;	0.999999444726329;	0.999999651524103;	0.999999925751092;	0.999999943763497;	0.999999711914175;	0.999999805204236;	0.999999993574165;	0.999999995377903;	0.999999996753687;	0.999999998221692;	0.999999999421372;	0.999999999573792;	0.999999999727704;	0.999999999842774;	0.999999999891091;	0.999999999949125;	0.999999999966247;	0.999999999973632;	0.999999999979777;	0.999999999984645;	0.999999999987170;	0.999999999989679;	0.999999999991951;	0.999999999993444;	0.999999999994469;	0.999999999995338;	0.999999999995959;	0.999999999996410;	0.999999999996939;	0.999999999997297;	0.999999999997495;	0.999999999997723;	0.999999999997887;	0.999999999997966;	0.999999999998055;	0.999999999998147;	0.999999999998158;	0.999999999998157;	0.999999999998200;	0.999999999998207;	0.999999999998177;	0.999999999998132;	0.999999999998056;	0.999999999997965;	0.999999999997871;	0.999999999997816;	0.999999999997757;	0.999999999997652;	0.999999999997533;	0.999999999997437;	0.999999999997365;	0.999999999997226;	0.999999999997037;	0.999999999996912;	0.999999999996845;	0.999999999996742;	0.999999999996569;	0.999999999996420;	0.999999999996346;	0.999999999996261;	0.999999999996152;	0.999999999996002;	0.999999999995853;	0.999999999995714;	0.999999999995528;	0.999999999995349;	0.999999999995189;	0.999999999995056;	0.999999999994981;	0.999999999994889;	0.999999999994700;	0.999999999994465;	0.999999999994208;	0.999999999993913;	0.999999999993594;	0.999999999993273;	0.999999999992884;	0.999999999992470;	0.999999999992063;	0.999999999991581;	0.999999999990961;	0.999999999990634;	0.999999999990395;	0.999999999989864;	0.999999999989357;	0.999999999988725;	0.999999999988177;	0.999999999987600;	0.999999999987110;	0.999999999986288;	0.999999999985628;	0.999999999984551;	0.999999999982520;	0.999999999980415;	0.999999999977786;	0.999999999974371;	0.999999999970077;	0.999999999963787;	0.999999999958220;	0.999999999950754;	0.999999999938679;	0.999999999922714;	0.999999999900167;	0.999999999866518;	0.999999999812996;	0.999999999764883;	0.999999999611508;	0.999999999266926;	0.999999998734207;	0.999999997576021;	0.999999994750250;	0.999999990614754;	0.999999967904364;	0.999999960858019
0.999999793559120;	0.999999866951540;	0.999999911126011;	0.999999902324073;	0.999999893240603;	0.999999880009656;	0.999999452329943;	0.999999656500661;	0.999999927141359;	0.999999944905071;	0.999999715688961;	0.999999807690033;	0.999999993694774;	0.999999995457592;	0.999999996810880;	0.999999998251720;	0.999999999429592;	0.999999999579797;	0.999999999731448;	0.999999999844866;	0.999999999892523;	0.999999999949773;	0.999999999966671;	0.999999999973962;	0.999999999980028;	0.999999999984834;	0.999999999987327;	0.999999999989804;	0.999999999992047;	0.999999999993521;	0.999999999994534;	0.999999999995392;	0.999999999996006;	0.999999999996452;	0.999999999996974;	0.999999999997327;	0.999999999997523;	0.999999999997748;	0.999999999997910;	0.999999999997989;	0.999999999998076;	0.999999999998167;	0.999999999998178;	0.999999999998177;	0.999999999998218;	0.999999999998225;	0.999999999998196;	0.999999999998151;	0.999999999998077;	0.999999999997985;	0.999999999997892;	0.999999999997838;	0.999999999997780;	0.999999999997676;	0.999999999997558;	0.999999999997462;	0.999999999997392;	0.999999999997255;	0.999999999997067;	0.999999999996942;	0.999999999996877;	0.999999999996774;	0.999999999996603;	0.999999999996456;	0.999999999996382;	0.999999999996298;	0.999999999996190;	0.999999999996042;	0.999999999995894;	0.999999999995756;	0.999999999995572;	0.999999999995396;	0.999999999995238;	0.999999999995105;	0.999999999995031;	0.999999999994940;	0.999999999994753;	0.999999999994520;	0.999999999994265;	0.999999999993972;	0.999999999993657;	0.999999999993339;	0.999999999992954;	0.999999999992544;	0.999999999992141;	0.999999999991663;	0.999999999991049;	0.999999999990726;	0.999999999990488;	0.999999999989963;	0.999999999989460;	0.999999999988833;	0.999999999988291;	0.999999999987720;	0.999999999987234;	0.999999999986419;	0.999999999985766;	0.999999999984699;	0.999999999982687;	0.999999999980603;	0.999999999977997;	0.999999999974615;	0.999999999970362;	0.999999999964130;	0.999999999958616;	0.999999999951220;	0.999999999939258;	0.999999999923442;	0.999999999901106;	0.999999999867771;	0.999999999814749;	0.999999999767082;	0.999999999615133;	0.999999999273747;	0.999999998745961;	0.999999997598484;	0.999999994798818;	0.999999990701467;	0.999999968202149;	0.999999961209569
0.999999796169361;	0.999999868644055;	0.999999912258488;	0.999999903567986;	0.999999894598631;	0.999999881533700;	0.999999459080275;	0.999999660785003;	0.999999928090350;	0.999999945633627;	0.999999719147813;	0.999999810001833;	0.999999993777130;	0.999999995516522;	0.999999996852416;	0.999999998274419;	0.999999999436797;	0.999999999585099;	0.999999999734821;	0.999999999846795;	0.999999999893853;	0.999999999950382;	0.999999999967071;	0.999999999974273;	0.999999999980264;	0.999999999985013;	0.999999999987475;	0.999999999989923;	0.999999999992139;	0.999999999993596;	0.999999999994596;	0.999999999995444;	0.999999999996050;	0.999999999996491;	0.999999999997008;	0.999999999997357;	0.999999999997550;	0.999999999997773;	0.999999999997932;	0.999999999998010;	0.999999999998096;	0.999999999998187;	0.999999999998197;	0.999999999998197;	0.999999999998236;	0.999999999998244;	0.999999999998215;	0.999999999998170;	0.999999999998097;	0.999999999998006;	0.999999999997913;	0.999999999997860;	0.999999999997803;	0.999999999997699;	0.999999999997582;	0.999999999997488;	0.999999999997418;	0.999999999997282;	0.999999999997097;	0.999999999996972;	0.999999999996908;	0.999999999996807;	0.999999999996636;	0.999999999996491;	0.999999999996418;	0.999999999996335;	0.999999999996229;	0.999999999996080;	0.999999999995934;	0.999999999995798;	0.999999999995617;	0.999999999995440;	0.999999999995285;	0.999999999995153;	0.999999999995080;	0.999999999994989;	0.999999999994804;	0.999999999994574;	0.999999999994321;	0.999999999994031;	0.999999999993719;	0.999999999993404;	0.999999999993023;	0.999999999992616;	0.999999999992217;	0.999999999991743;	0.999999999991136;	0.999999999990815;	0.999999999990580;	0.999999999990059;	0.999999999989562;	0.999999999988941;	0.999999999988403;	0.999999999987839;	0.999999999987356;	0.999999999986550;	0.999999999985902;	0.999999999984845;	0.999999999982852;	0.999999999980787;	0.999999999978206;	0.999999999974856;	0.999999999970643;	0.999999999964469;	0.999999999959006;	0.999999999951679;	0.999999999939829;	0.999999999924160;	0.999999999902032;	0.999999999869008;	0.999999999816480;	0.999999999769255;	0.999999999618712;	0.999999999280485;	0.999999998757574;	0.999999997620681;	0.999999994846814;	0.999999990787168;	0.999999968496339;	0.999999961557481
0.999999798607178;	0.999999870218715;	0.999999913309878;	0.999999904723374;	0.999999895861006;	0.999999882951860;	0.999999465454206;	0.999999664811023;	0.999999928964176;	0.999999946299707;	0.999999722434398;	0.999999812208186;	0.999999993853226;	0.999999995571198;	0.999999996890916;	0.999999998295504;	0.999999999443556;	0.999999999590074;	0.999999999737993;	0.999999999848617;	0.999999999895112;	0.999999999950963;	0.999999999967453;	0.999999999974571;	0.999999999980491;	0.999999999985185;	0.999999999987619;	0.999999999990037;	0.999999999992228;	0.999999999993668;	0.999999999994656;	0.999999999995495;	0.999999999996095;	0.999999999996530;	0.999999999997040;	0.999999999997385;	0.999999999997576;	0.999999999997796;	0.999999999997954;	0.999999999998030;	0.999999999998116;	0.999999999998206;	0.999999999998216;	0.999999999998215;	0.999999999998254;	0.999999999998262;	0.999999999998233;	0.999999999998189;	0.999999999998116;	0.999999999998026;	0.999999999997935;	0.999999999997881;	0.999999999997825;	0.999999999997723;	0.999999999997607;	0.999999999997513;	0.999999999997444;	0.999999999997309;	0.999999999997126;	0.999999999997002;	0.999999999996939;	0.999999999996838;	0.999999999996670;	0.999999999996526;	0.999999999996453;	0.999999999996370;	0.999999999996265;	0.999999999996119;	0.999999999995974;	0.999999999995839;	0.999999999995659;	0.999999999995485;	0.999999999995330;	0.999999999995200;	0.999999999995128;	0.999999999995038;	0.999999999994855;	0.999999999994627;	0.999999999994376;	0.999999999994089;	0.999999999993780;	0.999999999993468;	0.999999999993090;	0.999999999992687;	0.999999999992292;	0.999999999991823;	0.999999999991221;	0.999999999990904;	0.999999999990671;	0.999999999990155;	0.999999999989661;	0.999999999989046;	0.999999999988514;	0.999999999987955;	0.999999999987477;	0.999999999986678;	0.999999999986035;	0.999999999984989;	0.999999999983014;	0.999999999980968;	0.999999999978413;	0.999999999975093;	0.999999999970919;	0.999999999964803;	0.999999999959391;	0.999999999952132;	0.999999999940392;	0.999999999924869;	0.999999999902947;	0.999999999870228;	0.999999999818189;	0.999999999771398;	0.999999999622247;	0.999999999287140;	0.999999998769045;	0.999999997642610;	0.999999994894238;	0.999999990871855;	0.999999968786929;	0.999999961901743
0.999999800931936;	0.999999871717709;	0.999999914309811;	0.999999905822559;	0.999999897062429;	0.999999884302200;	0.999999471559305;	0.999999668660710;	0.999999929792879;	0.999999946929954;	0.999999725588566;	0.999999814328843;	0.999999993925381;	0.999999995623139;	0.999999996927468;	0.999999998315542;	0.999999999450015;	0.999999999594830;	0.999999999741028;	0.999999999850361;	0.999999999896318;	0.999999999951521;	0.999999999967822;	0.999999999974857;	0.999999999980709;	0.999999999985351;	0.999999999987756;	0.999999999990148;	0.999999999992314;	0.999999999993737;	0.999999999994715;	0.999999999995544;	0.999999999996137;	0.999999999996567;	0.999999999997071;	0.999999999997413;	0.999999999997602;	0.999999999997819;	0.999999999997975;	0.999999999998051;	0.999999999998135;	0.999999999998224;	0.999999999998234;	0.999999999998234;	0.999999999998272;	0.999999999998280;	0.999999999998251;	0.999999999998207;	0.999999999998135;	0.999999999998046;	0.999999999997955;	0.999999999997903;	0.999999999997846;	0.999999999997745;	0.999999999997630;	0.999999999997537;	0.999999999997469;	0.999999999997335;	0.999999999997153;	0.999999999997031;	0.999999999996969;	0.999999999996869;	0.999999999996702;	0.999999999996560;	0.999999999996487;	0.999999999996406;	0.999999999996302;	0.999999999996157;	0.999999999996013;	0.999999999995878;	0.999999999995701;	0.999999999995528;	0.999999999995375;	0.999999999995246;	0.999999999995175;	0.999999999995086;	0.999999999994904;	0.999999999994678;	0.999999999994431;	0.999999999994145;	0.999999999993839;	0.999999999993531;	0.999999999993157;	0.999999999992757;	0.999999999992366;	0.999999999991901;	0.999999999991305;	0.999999999990990;	0.999999999990760;	0.999999999990249;	0.999999999989760;	0.999999999989150;	0.999999999988623;	0.999999999988068;	0.999999999987595;	0.999999999986804;	0.999999999986167;	0.999999999985130;	0.999999999983174;	0.999999999981148;	0.999999999978615;	0.999999999975326;	0.999999999971192;	0.999999999965133;	0.999999999959771;	0.999999999952578;	0.999999999940948;	0.999999999925568;	0.999999999903849;	0.999999999871433;	0.999999999819874;	0.999999999773515;	0.999999999625737;	0.999999999293712;	0.999999998780374;	0.999999997664271;	0.999999994941089;	0.999999990955525;	0.999999969073913;	0.999999962242344
0.999999803161407;	0.999999873154932;	0.999999915268668;	0.999999906876555;	0.999999898214469;	0.999999885597047;	0.999999477426988;	0.999999672357226;	0.999999930586064;	0.999999947532593;	0.999999728623267;	0.999999816371346;	0.999999993994396;	0.999999995672833;	0.999999996962425;	0.999999998334708;	0.999999999456207;	0.999999999599389;	0.999999999743938;	0.999999999852036;	0.999999999897477;	0.999999999952058;	0.999999999968176;	0.999999999975134;	0.999999999980920;	0.999999999985510;	0.999999999987890;	0.999999999990255;	0.999999999992398;	0.999999999993805;	0.999999999994771;	0.999999999995591;	0.999999999996178;	0.999999999996603;	0.999999999997102;	0.999999999997440;	0.999999999997626;	0.999999999997841;	0.999999999997996;	0.999999999998071;	0.999999999998154;	0.999999999998243;	0.999999999998252;	0.999999999998251;	0.999999999998289;	0.999999999998296;	0.999999999998268;	0.999999999998224;	0.999999999998154;	0.999999999998065;	0.999999999997975;	0.999999999997923;	0.999999999997867;	0.999999999997767;	0.999999999997654;	0.999999999997561;	0.999999999997494;	0.999999999997361;	0.999999999997181;	0.999999999997059;	0.999999999996998;	0.999999999996900;	0.999999999996734;	0.999999999996593;	0.999999999996522;	0.999999999996440;	0.999999999996337;	0.999999999996193;	0.999999999996051;	0.999999999995918;	0.999999999995742;	0.999999999995571;	0.999999999995420;	0.999999999995292;	0.999999999995221;	0.999999999995133;	0.999999999994953;	0.999999999994729;	0.999999999994484;	0.999999999994201;	0.999999999993898;	0.999999999993593;	0.999999999993221;	0.999999999992826;	0.999999999992438;	0.999999999991977;	0.999999999991387;	0.999999999991076;	0.999999999990847;	0.999999999990341;	0.999999999989856;	0.999999999989252;	0.999999999988730;	0.999999999988180;	0.999999999987712;	0.999999999986928;	0.999999999986297;	0.999999999985270;	0.999999999983332;	0.999999999981325;	0.999999999978815;	0.999999999975557;	0.999999999971460;	0.999999999965458;	0.999999999960144;	0.999999999953019;	0.999999999941496;	0.999999999926256;	0.999999999904739;	0.999999999872621;	0.999999999821537;	0.999999999775604;	0.999999999629181;	0.999999999300199;	0.999999998791561;	0.999999997685664;	0.999999994987364;	0.999999991038173;	0.999999969357285;	0.999999962579272
0.999999805304040;	0.999999874535906;	0.999999916190107;	0.999999907889395;	0.999999899321528;	0.999999886841348;	0.999999483076427;	0.999999675913380;	0.999999931347052;	0.999999948110273;	0.999999731547624;	0.999999818341380;	0.999999994060558;	0.999999995720484;	0.999999996995934;	0.999999998353082;	0.999999999462155;	0.999999999603770;	0.999999999746734;	0.999999999853647;	0.999999999898592;	0.999999999952575;	0.999999999968518;	0.999999999975400;	0.999999999981124;	0.999999999985665;	0.999999999988018;	0.999999999990358;	0.999999999992477;	0.999999999993871;	0.999999999994826;	0.999999999995637;	0.999999999996217;	0.999999999996638;	0.999999999997131;	0.999999999997466;	0.999999999997650;	0.999999999997863;	0.999999999998016;	0.999999999998090;	0.999999999998172;	0.999999999998260;	0.999999999998269;	0.999999999998269;	0.999999999998306;	0.999999999998312;	0.999999999998285;	0.999999999998242;	0.999999999998172;	0.999999999998084;	0.999999999997994;	0.999999999997944;	0.999999999997888;	0.999999999997789;	0.999999999997676;	0.999999999997584;	0.999999999997518;	0.999999999997386;	0.999999999997208;	0.999999999997087;	0.999999999997027;	0.999999999996929;	0.999999999996764;	0.999999999996626;	0.999999999996555;	0.999999999996475;	0.999999999996373;	0.999999999996229;	0.999999999996089;	0.999999999995957;	0.999999999995782;	0.999999999995614;	0.999999999995464;	0.999999999995337;	0.999999999995267;	0.999999999995180;	0.999999999995000;	0.999999999994780;	0.999999999994536;	0.999999999994256;	0.999999999993956;	0.999999999993653;	0.999999999993286;	0.999999999992893;	0.999999999992509;	0.999999999992053;	0.999999999991468;	0.999999999991160;	0.999999999990933;	0.999999999990431;	0.999999999989952;	0.999999999989353;	0.999999999988836;	0.999999999988291;	0.999999999987827;	0.999999999987049;	0.999999999986425;	0.999999999985408;	0.999999999983487;	0.999999999981498;	0.999999999979012;	0.999999999975783;	0.999999999971725;	0.999999999965777;	0.999999999960513;	0.999999999953453;	0.999999999942036;	0.999999999926937;	0.999999999905616;	0.999999999873793;	0.999999999823179;	0.999999999777665;	0.999999999632580;	0.999999999306603;	0.999999998802605;	0.999999997706787;	0.999999995033061;	0.999999991119797;	0.999999969637033;	0.999999962912518
0.999999807366837;	0.999999875865224;	0.999999917077183;	0.999999908864439;	0.999999900387279;	0.999999888039224;	0.999999488523834;	0.999999679339929;	0.999999932078612;	0.999999948665196;	0.999999734369502;	0.999999820243906;	0.999999994124117;	0.999999995766270;	0.999999997028121;	0.999999998370732;	0.999999999467879;	0.999999999607986;	0.999999999749427;	0.999999999855199;	0.999999999899665;	0.999999999953074;	0.999999999968848;	0.999999999975657;	0.999999999981321;	0.999999999985814;	0.999999999988143;	0.999999999990458;	0.999999999992555;	0.999999999993934;	0.999999999994879;	0.999999999995683;	0.999999999996255;	0.999999999996672;	0.999999999997160;	0.999999999997491;	0.999999999997673;	0.999999999997884;	0.999999999998036;	0.999999999998108;	0.999999999998191;	0.999999999998277;	0.999999999998286;	0.999999999998286;	0.999999999998322;	0.999999999998329;	0.999999999998301;	0.999999999998258;	0.999999999998189;	0.999999999998101;	0.999999999998013;	0.999999999997964;	0.999999999997908;	0.999999999997809;	0.999999999997698;	0.999999999997607;	0.999999999997542;	0.999999999997411;	0.999999999997235;	0.999999999997115;	0.999999999997054;	0.999999999996959;	0.999999999996795;	0.999999999996657;	0.999999999996588;	0.999999999996508;	0.999999999996407;	0.999999999996264;	0.999999999996125;	0.999999999995995;	0.999999999995822;	0.999999999995655;	0.999999999995506;	0.999999999995381;	0.999999999995312;	0.999999999995225;	0.999999999995048;	0.999999999994828;	0.999999999994588;	0.999999999994310;	0.999999999994012;	0.999999999993713;	0.999999999993349;	0.999999999992960;	0.999999999992579;	0.999999999992127;	0.999999999991548;	0.999999999991242;	0.999999999991018;	0.999999999990520;	0.999999999990045;	0.999999999989452;	0.999999999988940;	0.999999999988400;	0.999999999987941;	0.999999999987170;	0.999999999986551;	0.999999999985543;	0.999999999983640;	0.999999999981670;	0.999999999979206;	0.999999999976007;	0.999999999971987;	0.999999999966093;	0.999999999960876;	0.999999999953881;	0.999999999942569;	0.999999999927607;	0.999999999906482;	0.999999999874949;	0.999999999824797;	0.999999999779697;	0.999999999635934;	0.999999999312923;	0.999999998813507;	0.999999997727639;	0.999999995078176;	0.999999991200390;	0.999999969913147;	0.999999963242071
0.999999809355962;	0.999999877146923;	0.999999917932577;	0.999999909804640;	0.999999901414949;	0.999999889194302;	0.999999493783571;	0.999999682646367;	0.999999932783164;	0.999999949199278;	0.999999737095882;	0.999999822083346;	0.999999994185291;	0.999999995810344;	0.999999997059096;	0.999999998387718;	0.999999999473396;	0.999999999612049;	0.999999999752021;	0.999999999856696;	0.999999999900702;	0.999999999953556;	0.999999999969167;	0.999999999975906;	0.999999999981511;	0.999999999985959;	0.999999999988263;	0.999999999990554;	0.999999999992631;	0.999999999993995;	0.999999999994931;	0.999999999995726;	0.999999999996293;	0.999999999996705;	0.999999999997189;	0.999999999997516;	0.999999999997696;	0.999999999997904;	0.999999999998056;	0.999999999998126;	0.999999999998208;	0.999999999998293;	0.999999999998302;	0.999999999998302;	0.999999999998338;	0.999999999998345;	0.999999999998317;	0.999999999998275;	0.999999999998207;	0.999999999998119;	0.999999999998032;	0.999999999997983;	0.999999999997927;	0.999999999997830;	0.999999999997720;	0.999999999997629;	0.999999999997565;	0.999999999997435;	0.999999999997261;	0.999999999997142;	0.999999999997082;	0.999999999996987;	0.999999999996825;	0.999999999996689;	0.999999999996620;	0.999999999996541;	0.999999999996441;	0.999999999996299;	0.999999999996161;	0.999999999996032;	0.999999999995861;	0.999999999995696;	0.999999999995549;	0.999999999995424;	0.999999999995355;	0.999999999995270;	0.999999999995094;	0.999999999994876;	0.999999999994638;	0.999999999994362;	0.999999999994068;	0.999999999993772;	0.999999999993411;	0.999999999993025;	0.999999999992648;	0.999999999992200;	0.999999999991627;	0.999999999991323;	0.999999999991102;	0.999999999990609;	0.999999999990137;	0.999999999989550;	0.999999999989042;	0.999999999988507;	0.999999999988052;	0.999999999987288;	0.999999999986674;	0.999999999985677;	0.999999999983791;	0.999999999981838;	0.999999999979397;	0.999999999976227;	0.999999999972244;	0.999999999966404;	0.999999999961235;	0.999999999954303;	0.999999999943094;	0.999999999928268;	0.999999999907336;	0.999999999876089;	0.999999999826393;	0.999999999781702;	0.999999999639243;	0.999999999319158;	0.999999998824263;	0.999999997748218;	0.999999995122708;	0.999999991279946;	0.999999970185612;	0.999999963567919
0.999999811276851;	0.999999878384557;	0.999999918758653;	0.999999910712601;	0.999999902407379;	0.999999890309775;	0.999999498868409;	0.999999685841099;	0.999999933462817;	0.999999949714185;	0.999999739732989;	0.999999823863662;	0.999999994244268;	0.999999995852839;	0.999999997088954;	0.999999998404092;	0.999999999478721;	0.999999999615971;	0.999999999754526;	0.999999999858141;	0.999999999901703;	0.999999999954021;	0.999999999969476;	0.999999999976146;	0.999999999981695;	0.999999999986099;	0.999999999988379;	0.999999999990648;	0.999999999992704;	0.999999999994055;	0.999999999994980;	0.999999999995768;	0.999999999996329;	0.999999999996738;	0.999999999997216;	0.999999999997540;	0.999999999997718;	0.999999999997925;	0.999999999998074;	0.999999999998144;	0.999999999998225;	0.999999999998310;	0.999999999998318;	0.999999999998319;	0.999999999998354;	0.999999999998361;	0.999999999998333;	0.999999999998291;	0.999999999998224;	0.999999999998136;	0.999999999998050;	0.999999999998002;	0.999999999997947;	0.999999999997850;	0.999999999997741;	0.999999999997651;	0.999999999997587;	0.999999999997459;	0.999999999997286;	0.999999999997168;	0.999999999997110;	0.999999999997015;	0.999999999996855;	0.999999999996719;	0.999999999996652;	0.999999999996573;	0.999999999996474;	0.999999999996333;	0.999999999996197;	0.999999999996069;	0.999999999995900;	0.999999999995735;	0.999999999995590;	0.999999999995466;	0.999999999995399;	0.999999999995313;	0.999999999995139;	0.999999999994923;	0.999999999994687;	0.999999999994414;	0.999999999994122;	0.999999999993829;	0.999999999993471;	0.999999999993089;	0.999999999992716;	0.999999999992272;	0.999999999991704;	0.999999999991403;	0.999999999991183;	0.999999999990695;	0.999999999990228;	0.999999999989646;	0.999999999989143;	0.999999999988612;	0.999999999988161;	0.999999999987404;	0.999999999986796;	0.999999999985808;	0.999999999983939;	0.999999999982004;	0.999999999979585;	0.999999999976445;	0.999999999972496;	0.999999999966710;	0.999999999961587;	0.999999999954719;	0.999999999943611;	0.999999999928918;	0.999999999908177;	0.999999999877213;	0.999999999827966;	0.999999999783679;	0.999999999642506;	0.999999999325309;	0.999999998834875;	0.999999997768522;	0.999999995166650;	0.999999991358458;	0.999999970454413;	0.999999963890053
0.999999813134356;	0.999999879581294;	0.999999919557520;	0.999999911590643;	0.999999903367107;	0.999999891388492;	0.999999503789846;	0.999999688931673;	0.999999934119445;	0.999999950211390;	0.999999742286448;	0.999999825588444;	0.999999994301214;	0.999999995893872;	0.999999997117780;	0.999999998419900;	0.999999999483868;	0.999999999619761;	0.999999999756949;	0.999999999859539;	0.999999999902671;	0.999999999954472;	0.999999999969775;	0.999999999976379;	0.999999999981873;	0.999999999986234;	0.999999999988492;	0.999999999990739;	0.999999999992774;	0.999999999994113;	0.999999999995029;	0.999999999995809;	0.999999999996364;	0.999999999996769;	0.999999999997242;	0.999999999997564;	0.999999999997740;	0.999999999997944;	0.999999999998093;	0.999999999998161;	0.999999999998241;	0.999999999998327;	0.999999999998334;	0.999999999998334;	0.999999999998369;	0.999999999998376;	0.999999999998349;	0.999999999998306;	0.999999999998241;	0.999999999998153;	0.999999999998068;	0.999999999998020;	0.999999999997965;	0.999999999997869;	0.999999999997761;	0.999999999997673;	0.999999999997609;	0.999999999997482;	0.999999999997311;	0.999999999997193;	0.999999999997137;	0.999999999997043;	0.999999999996883;	0.999999999996749;	0.999999999996683;	0.999999999996604;	0.999999999996507;	0.999999999996366;	0.999999999996232;	0.999999999996105;	0.999999999995937;	0.999999999995774;	0.999999999995630;	0.999999999995508;	0.999999999995441;	0.999999999995356;	0.999999999995184;	0.999999999994970;	0.999999999994736;	0.999999999994465;	0.999999999994176;	0.999999999993886;	0.999999999993531;	0.999999999993152;	0.999999999992783;	0.999999999992342;	0.999999999991779;	0.999999999991482;	0.999999999991263;	0.999999999990780;	0.999999999990317;	0.999999999989740;	0.999999999989242;	0.999999999988715;	0.999999999988268;	0.999999999987518;	0.999999999986916;	0.999999999985937;	0.999999999984084;	0.999999999982167;	0.999999999979769;	0.999999999976658;	0.999999999972745;	0.999999999967011;	0.999999999961935;	0.999999999955128;	0.999999999944120;	0.999999999929559;	0.999999999909006;	0.999999999878320;	0.999999999829517;	0.999999999785627;	0.999999999645723;	0.999999999331374;	0.999999998845340;	0.999999997788551;	0.999999995210000;	0.999999991435918;	0.999999970719534;	0.999999964208464
0.999999814932863;	0.999999880739998;	0.999999920331085;	0.999999912440863;	0.999999904296425;	0.999999892433027;	0.999999508558353;	0.999999691924939;	0.999999934754730;	0.999999950692214;	0.999999744761398;	0.999999827260983;	0.999999994356279;	0.999999995933552;	0.999999997145650;	0.999999998435182;	0.999999999488848;	0.999999999623430;	0.999999999759293;	0.999999999860891;	0.999999999903608;	0.999999999954909;	0.999999999970065;	0.999999999976605;	0.999999999982046;	0.999999999986365;	0.999999999988602;	0.999999999990827;	0.999999999992843;	0.999999999994169;	0.999999999995076;	0.999999999995849;	0.999999999996398;	0.999999999996800;	0.999999999997268;	0.999999999997586;	0.999999999997761;	0.999999999997963;	0.999999999998110;	0.999999999998178;	0.999999999998257;	0.999999999998342;	0.999999999998349;	0.999999999998350;	0.999999999998384;	0.999999999998391;	0.999999999998363;	0.999999999998321;	0.999999999998257;	0.999999999998169;	0.999999999998085;	0.999999999998038;	0.999999999997985;	0.999999999997889;	0.999999999997781;	0.999999999997695;	0.999999999997630;	0.999999999997505;	0.999999999997335;	0.999999999997219;	0.999999999997162;	0.999999999997071;	0.999999999996911;	0.999999999996778;	0.999999999996713;	0.999999999996635;	0.999999999996539;	0.999999999996399;	0.999999999996266;	0.999999999996141;	0.999999999995974;	0.999999999995812;	0.999999999995670;	0.999999999995549;	0.999999999995483;	0.999999999995398;	0.999999999995228;	0.999999999995015;	0.999999999994784;	0.999999999994515;	0.999999999994229;	0.999999999993942;	0.999999999993589;	0.999999999993214;	0.999999999992848;	0.999999999992411;	0.999999999991855;	0.999999999991559;	0.999999999991343;	0.999999999990864;	0.999999999990405;	0.999999999989833;	0.999999999989339;	0.999999999988818;	0.999999999988375;	0.999999999987630;	0.999999999987034;	0.999999999986064;	0.999999999984227;	0.999999999982328;	0.999999999979952;	0.999999999976868;	0.999999999972991;	0.999999999967308;	0.999999999962277;	0.999999999955531;	0.999999999944622;	0.999999999930192;	0.999999999909822;	0.999999999879411;	0.999999999831045;	0.999999999787547;	0.999999999648895;	0.999999999337353;	0.999999998855658;	0.999999997808300;	0.999999995252753;	0.999999991512317;	0.999999970980953;	0.999999964523142
0.999999816676378;	0.999999881863281;	0.999999921081088;	0.999999913265177;	0.999999905197425;	0.999999893445733;	0.999999513183584;	0.999999694827205;	0.999999935370206;	0.999999951157859;	0.999999747162596;	0.999999828884337;	0.999999994409601;	0.999999995971976;	0.999999997172632;	0.999999998449977;	0.999999999493673;	0.999999999626984;	0.999999999761564;	0.999999999862203;	0.999999999904516;	0.999999999955333;	0.999999999970346;	0.999999999976824;	0.999999999982214;	0.999999999986493;	0.999999999988709;	0.999999999990914;	0.999999999992910;	0.999999999994224;	0.999999999995121;	0.999999999995888;	0.999999999996431;	0.999999999996829;	0.999999999997293;	0.999999999997609;	0.999999999997781;	0.999999999997981;	0.999999999998127;	0.999999999998194;	0.999999999998272;	0.999999999998358;	0.999999999998364;	0.999999999998364;	0.999999999998399;	0.999999999998405;	0.999999999998378;	0.999999999998337;	0.999999999998273;	0.999999999998186;	0.999999999998101;	0.999999999998056;	0.999999999998003;	0.999999999997908;	0.999999999997801;	0.999999999997715;	0.999999999997652;	0.999999999997527;	0.999999999997359;	0.999999999997243;	0.999999999997188;	0.999999999997097;	0.999999999996939;	0.999999999996808;	0.999999999996743;	0.999999999996666;	0.999999999996571;	0.999999999996431;	0.999999999996300;	0.999999999996175;	0.999999999996011;	0.999999999995849;	0.999999999995709;	0.999999999995589;	0.999999999995523;	0.999999999995439;	0.999999999995271;	0.999999999995060;	0.999999999994832;	0.999999999994564;	0.999999999994280;	0.999999999993997;	0.999999999993647;	0.999999999993274;	0.999999999992912;	0.999999999992480;	0.999999999991928;	0.999999999991635;	0.999999999991421;	0.999999999990945;	0.999999999990491;	0.999999999989925;	0.999999999989435;	0.999999999988918;	0.999999999988478;	0.999999999987740;	0.999999999987150;	0.999999999986189;	0.999999999984368;	0.999999999982487;	0.999999999980131;	0.999999999977075;	0.999999999973232;	0.999999999967600;	0.999999999962614;	0.999999999955927;	0.999999999945116;	0.999999999930814;	0.999999999910626;	0.999999999880485;	0.999999999832551;	0.999999999789438;	0.999999999652020;	0.999999999343245;	0.999999998865828;	0.999999997827769;	0.999999995294903;	0.999999991587647;	0.999999971238653;	0.999999964834082
0.999999818368616;	0.999999882953560;	0.999999921809143;	0.999999914065359;	0.999999906072046;	0.999999894428787;	0.999999517674575;	0.999999697644366;	0.999999935967288;	0.999999951609432;	0.999999749494520;	0.999999830461388;	0.999999994461304;	0.999999996009235;	0.999999997198792;	0.999999998464321;	0.999999999498353;	0.999999999630432;	0.999999999763768;	0.999999999863476;	0.999999999905398;	0.999999999955745;	0.999999999970620;	0.999999999977037;	0.999999999982377;	0.999999999986617;	0.999999999988812;	0.999999999990997;	0.999999999992976;	0.999999999994278;	0.999999999995165;	0.999999999995926;	0.999999999996463;	0.999999999996858;	0.999999999997317;	0.999999999997630;	0.999999999997801;	0.999999999997999;	0.999999999998144;	0.999999999998210;	0.999999999998287;	0.999999999998373;	0.999999999998379;	0.999999999998379;	0.999999999998413;	0.999999999998420;	0.999999999998392;	0.999999999998351;	0.999999999998289;	0.999999999998203;	0.999999999998117;	0.999999999998073;	0.999999999998022;	0.999999999997927;	0.999999999997821;	0.999999999997735;	0.999999999997672;	0.999999999997549;	0.999999999997382;	0.999999999997267;	0.999999999997213;	0.999999999997123;	0.999999999996966;	0.999999999996836;	0.999999999996772;	0.999999999996696;	0.999999999996601;	0.999999999996462;	0.999999999996333;	0.999999999996209;	0.999999999996046;	0.999999999995886;	0.999999999995747;	0.999999999995629;	0.999999999995563;	0.999999999995480;	0.999999999995314;	0.999999999995104;	0.999999999994877;	0.999999999994612;	0.999999999994331;	0.999999999994052;	0.999999999993704;	0.999999999993334;	0.999999999992975;	0.999999999992547;	0.999999999991999;	0.999999999991709;	0.999999999991498;	0.999999999991026;	0.999999999990576;	0.999999999990015;	0.999999999989530;	0.999999999989016;	0.999999999988580;	0.999999999987849;	0.999999999987264;	0.999999999986313;	0.999999999984507;	0.999999999982643;	0.999999999980307;	0.999999999977278;	0.999999999973470;	0.999999999967887;	0.999999999962945;	0.999999999956318;	0.999999999945602;	0.999999999931427;	0.999999999911418;	0.999999999881543;	0.999999999834033;	0.999999999791301;	0.999999999655098;	0.999999999349051;	0.999999998875850;	0.999999997846956;	0.999999995336446;	0.999999991661898;	0.999999971492611;	0.999999965141273
0.999999820012980;	0.999999884013048;	0.999999922516719;	0.999999914843026;	0.999999906922055;	0.999999895384172;	0.999999522039695;	0.999999700381887;	0.999999936547272;	0.999999952047951;	0.999999751761343;	0.999999831994829;	0.999999994511506;	0.999999996045411;	0.999999997224190;	0.999999998478246;	0.999999999502900;	0.999999999633780;	0.999999999765908;	0.999999999864713;	0.999999999906254;	0.999999999956145;	0.999999999970885;	0.999999999977244;	0.999999999982535;	0.999999999986737;	0.999999999988913;	0.999999999991078;	0.999999999993039;	0.999999999994330;	0.999999999995208;	0.999999999995963;	0.999999999996494;	0.999999999996886;	0.999999999997341;	0.999999999997650;	0.999999999997820;	0.999999999998017;	0.999999999998160;	0.999999999998226;	0.999999999998302;	0.999999999998387;	0.999999999998394;	0.999999999998393;	0.999999999998427;	0.999999999998433;	0.999999999998405;	0.999999999998365;	0.999999999998306;	0.999999999998219;	0.999999999998133;	0.999999999998089;	0.999999999998039;	0.999999999997944;	0.999999999997840;	0.999999999997754;	0.999999999997692;	0.999999999997569;	0.999999999997404;	0.999999999997291;	0.999999999997238;	0.999999999997149;	0.999999999996993;	0.999999999996864;	0.999999999996801;	0.999999999996725;	0.999999999996632;	0.999999999996493;	0.999999999996365;	0.999999999996242;	0.999999999996080;	0.999999999995922;	0.999999999995784;	0.999999999995668;	0.999999999995602;	0.999999999995520;	0.999999999995355;	0.999999999995146;	0.999999999994923;	0.999999999994659;	0.999999999994380;	0.999999999994105;	0.999999999993759;	0.999999999993392;	0.999999999993037;	0.999999999992612;	0.999999999992070;	0.999999999991782;	0.999999999991573;	0.999999999991105;	0.999999999990660;	0.999999999990102;	0.999999999989622;	0.999999999989113;	0.999999999988681;	0.999999999987955;	0.999999999987375;	0.999999999986434;	0.999999999984643;	0.999999999982796;	0.999999999980480;	0.999999999977478;	0.999999999973703;	0.999999999968170;	0.999999999963271;	0.999999999956702;	0.999999999946081;	0.999999999932029;	0.999999999912197;	0.999999999882585;	0.999999999835493;	0.999999999793136;	0.999999999658129;	0.999999999354769;	0.999999998885721;	0.999999997865857;	0.999999995377375;	0.999999991735059;	0.999999971742805;	0.999999965444716
0.999999821611778;	0.999999885043237;	0.999999923204805;	0.999999915599267;	0.999999907748642;	0.999999896313229;	0.999999526284582;	0.999999703043505;	0.999999937111053;	0.999999952474127;	0.999999753965880;	0.999999833486442;	0.999999994560291;	0.999999996080565;	0.999999997248868;	0.999999998491775;	0.999999999507317;	0.999999999637035;	0.999999999767988;	0.999999999865914;	0.999999999907087;	0.999999999956533;	0.999999999971144;	0.999999999977446;	0.999999999982688;	0.999999999986854;	0.999999999989011;	0.999999999991158;	0.999999999993101;	0.999999999994381;	0.999999999995250;	0.999999999995999;	0.999999999996525;	0.999999999996913;	0.999999999997364;	0.999999999997671;	0.999999999997838;	0.999999999998034;	0.999999999998177;	0.999999999998241;	0.999999999998316;	0.999999999998402;	0.999999999998408;	0.999999999998408;	0.999999999998441;	0.999999999998446;	0.999999999998419;	0.999999999998378;	0.999999999998322;	0.999999999998235;	0.999999999998149;	0.999999999998106;	0.999999999998057;	0.999999999997962;	0.999999999997859;	0.999999999997774;	0.999999999997711;	0.999999999997589;	0.999999999997426;	0.999999999997314;	0.999999999997262;	0.999999999997174;	0.999999999997018;	0.999999999996890;	0.999999999996830;	0.999999999996754;	0.999999999996662;	0.999999999996523;	0.999999999996397;	0.999999999996275;	0.999999999996115;	0.999999999995957;	0.999999999995821;	0.999999999995706;	0.999999999995640;	0.999999999995559;	0.999999999995396;	0.999999999995188;	0.999999999994967;	0.999999999994705;	0.999999999994429;	0.999999999994157;	0.999999999993814;	0.999999999993450;	0.999999999993097;	0.999999999992677;	0.999999999992140;	0.999999999991854;	0.999999999991647;	0.999999999991182;	0.999999999990742;	0.999999999990188;	0.999999999989713;	0.999999999989208;	0.999999999988780;	0.999999999988060;	0.999999999987485;	0.999999999986553;	0.999999999984776;	0.999999999982947;	0.999999999980650;	0.999999999977675;	0.999999999973933;	0.999999999968448;	0.999999999963592;	0.999999999957080;	0.999999999946552;	0.999999999932621;	0.999999999912964;	0.999999999883609;	0.999999999836928;	0.999999999794941;	0.999999999661112;	0.999999999360397;	0.999999998895438;	0.999999997884465;	0.999999995417672;	0.999999991807098;	0.999999971989142;	0.999999965744376
0.999999999999963;	0.999999999999963;	0.999999999999963;	0.999999999999963;	0.999999999999963;	0.999999999999963;	0.999999999999963;	0.999999999999963;	0.999999999999963;	0.999999999999963;	0.999999999999963;	0.999999999999963;	0.999999999999963;	0.999999999999963;	0.999999999999963;	0.999999999999963;	0.999999999999963;	0.999999999999963;	0.999999999999963;	0.999999999999963;	0.999999999999963;	0.999999999999963;	0.999999999999963;	0.999999999999963;	0.999999999999963;	0.999999999999963;	0.999999999999963;	0.999999999999963;	0.999999999999963;	0.999999999999963;	0.999999999999963;	0.999999999999963;	0.999999999999963;	0.999999999999963;	0.999999999999963;	0.999999999999963;	0.999999999999963;	0.999999999999963;	0.999999999999963;	0.999999999999963;	0.999999999999963;	0.999999999999963;	0.999999999999963;	0.999999999999963;	0.999999999999963;	0.999999999999963;	0.999999999999963;	0.999999999999963;	0.999999999999963;	0.999999999999963;	0.999999999999963;	0.999999999999963;	0.999999999999963;	0.999999999999963;	0.999999999999963;	0.999999999999963;	0.999999999999963;	0.999999999999963;	0.999999999999963;	0.999999999999963;	0.999999999999963;	0.999999999999963;	0.999999999999963;	0.999999999999963;	0.999999999999963;	0.999999999999963;	0.999999999999963;	0.999999999999963;	0.999999999999963;	0.999999999999963;	0.999999999999963;	0.999999999999963;	0.999999999999963;	0.999999999999963;	0.999999999999963;	0.999999999999963;	0.999999999999963;	0.999999999999963;	0.999999999999963;	0.999999999999963;	0.999999999999963;	0.999999999999963;	0.999999999999963;	0.999999999999963;	0.999999999999963;	0.999999999999963;	0.999999999999963;	0.999999999999963;	0.999999999999963;	0.999999999999963;	0.999999999999963;	0.999999999999963;	0.999999999999963;	0.999999999999963;	0.999999999999963;	0.999999999999963;	0.999999999999963;	0.999999999999963;	0.999999999999963;	0.999999999999963;	0.999999999999963;	0.999999999999963;	0.999999999999963;	0.999999999999963;	0.999999999999963;	0.999999999999963;	0.999999999999963;	0.999999999999963;	0.999999999999963;	0.999999999999963;	0.999999999999963;	0.999999999999963;	0.999999999999963;	0.999999999999963;	0.999999999999963;	0.999999999999963;	0.999999999999963;	0.999999999999963;	0.999999999999963;	0.999999999999963
