0.273703084706221;	0.000000789977737;	0.000001198871376;	0.000000828916081;	0.072641290684379;	0.149818566914016;	0.142939549046048;	0.000000005949319;	0.000000002257612;	0.000000000942423;	0.000000000483385;	0.000000000300177;	0.000000000204360;	0.016437891151254;	0.018245275314539;	0.019147635003073;	0.018351846780705;	0.020900851722911;	0.023113003398043;	0.024728431135491;	0.024876712969854;	0.024360994763084;	0.026629073982066;	0.028884658135036;	0.031116913550912;	0.033410249152827;	0.035359901125001;	0.037231273637075;	0.038703412924835;	0.040382220476326;	0.042353090554883;	0.044602779422924;	0.047136203985839;	0.048657359770948;	0.048392588855623;	0.050409469495336;	0.052536586323633;	0.055904015086097;	0.059702871610105;	0.061957983496391;	0.066033643859312;	0.073251099186602;	0.079294341938044;	0.088569824704937;	0.100522164585615;	0.115579084244389;	0.144887651066210;	0.173493693583145;	0.198936628286328;	0.179503665358548
0.273703144164088;	0.000000824792181;	0.000001228706127;	0.000000856298679;	0.072641315503104;	0.149818588394067;	0.142939565152459;	0.000000025769983;	0.000000020769273;	0.000000022064027;	0.000000020405413;	0.000000022720152;	0.000000021749986;	0.016437894676045;	0.018245279275645;	0.019147639226970;	0.018351850840178;	0.020900856298427;	0.023113008426789;	0.024728436500564;	0.024876718386215;	0.024361000030880;	0.026629079664901;	0.028884664212792;	0.031116919987879;	0.033410255949879;	0.035359908240434;	0.037231281045023;	0.038703420562088;	0.040382228343160;	0.042353098692920;	0.044602787844297;	0.047136212671930;	0.048657368631081;	0.048392597608729;	0.050409478466104;	0.052536595404801;	0.055904024472778;	0.059702881337837;	0.061957993322725;	0.066033654031372;	0.073251109861297;	0.079294353024587;	0.088569836273530;	0.100522176637477;	0.115579096617187;	0.144887663687985;	0.173493706135224;	0.198936640682689;	0.183558838413630
0.273703162964919;	0.000000835953902;	0.000108577562936;	0.000000864343704;	0.072641322331618;	0.149818594183436;	0.142939569692726;	0.000000031187311;	0.000000025673480;	0.000000027506688;	0.000000025418577;	0.000000028205795;	0.000000026887868;	0.016437900828832;	0.018245286074480;	0.019147646377921;	0.018351857604457;	0.020900863784104;	0.023113016523857;	0.024728445023160;	0.024876726886611;	0.024361008178511;	0.026629088310869;	0.028884673316700;	0.031116929486078;	0.033417613001306;	0.035383894017361;	0.037274608069238;	0.038767979904520;	0.040469684752991;	0.042464727420799;	0.044738869774924;	0.047295378484502;	0.048838443841007;	0.048590005657565;	0.050630944984408;	0.052780775685019;	0.056178237165792;	0.060011058901191;	0.062294472990995;	0.066410071813821;	0.073679199105629;	0.079777747935225;	0.089121922807574;	0.101156956586312;	0.116308420736328;	0.145739265052942;	0.174497255285681;	0.200152748719217;	0.185591681713886
0.279213686124950;	0.000636696461259;	0.000674500078156;	0.000682778309783;	0.073124995981753;	0.150241065501831;	0.143255131606082;	0.015815223807708;	0.000366348533689;	0.000420629228640;	0.000400389274288;	0.000454105098189;	0.000441054487402;	0.016603602945927;	0.018436872376273;	0.019358717543575;	0.018560250293399;	0.021141138906920;	0.023384605975065;	0.025027530607777;	0.025189028772200;	0.024673456098454;	0.026974972391831;	0.029265869200202;	0.031533898565702;	0.033872769381518;	0.035876131815892;	0.037804081257170;	0.039333452376230;	0.041074522865542;	0.043112498811752;	0.045435025647333;	0.048045300862843;	0.049639795060781;	0.049420892025455;	0.051525937337240;	0.053737265495099;	0.057230954729525;	0.061182727197109;	0.063569814713992;	0.067841973477657;	0.075323849582243;	0.081658104207341;	0.091289521136345;	0.103623344631069;	0.119036328334671;	0.148768973122226;	0.177902143603225;	0.203906738127305;	0.187595723494748
0.284649546474953;	0.001587743414348;	0.001509213992409;	0.001481662787667;	0.073973329994445;	0.150884815203066;	0.143753017969563;	0.016592677463786;	0.021226622304418;	0.001102514642163;	0.001053071484378;	0.001212555621233;	0.001182240586012;	0.017028354961343;	0.018921991904747;	0.019889912503872;	0.019080102488479;	0.021732869562701;	0.024048716961795;	0.025756856447407;	0.025950379140016;	0.025430811708762;	0.027806024454713;	0.030176810276421;	0.032526290179320;	0.034950902459076;	0.037033733413871;	0.039039137941541;	0.040644231151064;	0.042470009622813;	0.044594254510137;	0.047016155259938;	0.049740845260867;	0.051441375194346;	0.051270042608816;	0.053481567435325;	0.055772621436579;	0.059394002186871;	0.063467712098695;	0.065870759330966;	0.070185152402877;	0.077719069551807;	0.084056456659715;	0.093689359461734;	0.105993364247830;	0.121378698599740;	0.151102112530348;	0.180302928485564;	0.206371641419886;	0.192868306475784
0.291279020118282;	0.003124790731602;	0.003017126330147;	0.002950536508326;	0.075162097078720;	0.152102622924920;	0.144533638022575;	0.017677111056485;	0.022375891592392;	0.027473136037138;	0.031898644807505;	0.002235625640815;	0.002153976858573;	0.017810145386946;	0.019804646948959;	0.020851602762537;	0.019998296609797;	0.022760699348226;	0.025190397770876;	0.027003591118912;	0.027247213632767;	0.026705685536062;	0.029181007923139;	0.031662976310313;	0.034123057555296;	0.036664363835633;	0.038849004191657;	0.040941892650483;	0.042625706109828;	0.044533630677102;	0.046710651424251;	0.049186462544319;	0.051965591518485;	0.053691449327706;	0.053458297224038;	0.055664871811545;	0.057905048659210;	0.061550585430469;	0.065681534287870;	0.068072269958702;	0.072439010110928;	0.080074358954941;	0.086527183630732;	0.096333321553505;	0.108845590321798;	0.124463717381990;	0.154508990585003;	0.184197077237200;	0.210856905661568;	0.199646414398237
0.299035238942918;	0.018150246853839;	0.005192641582885;	0.005225935840943;	0.077153084939406;	0.153848485265942;	0.146151361979015;	0.029035619161975;	0.023887551403432;	0.029400743053714;	0.033812529631034;	0.037640300239439;	0.041129851406241;	0.018993920643337;	0.021130535242371;	0.022288944053522;	0.021503246437231;	0.024425972222773;	0.027026589231629;	0.028999769803185;	0.029320390167775;	0.028728519980995;	0.031338996233182;	0.033974182566010;	0.036585786841158;	0.039292937553892;	0.041629218505792;	0.043859761420602;	0.045680559930699;	0.047744524340871;	0.050057361539505;	0.052696340560051;	0.055678958606178;	0.057593639106375;	0.057431133616010;	0.059835606801700;	0.062145567127251;	0.066059410279356;	0.070488022649917;	0.073006466144161;	0.077609890514194;	0.085552373842176;	0.092277561106898;	0.102398384600315;	0.115167357178095;	0.130959449822457;	0.161221171208090;	0.191308357118743;	0.218316160967944;	0.209787121235463
0.315483699229247;	0.033854748786315;	0.022098922416415;	0.009403581809886;	0.081220534806560;	0.157322102103216;	0.148949967827290;	0.037229027088628;	0.045701945779417;	0.046410145828227;	0.053486753447565;	0.040815638057186;	0.044153661528167;	0.061146010991770;	0.068141057322397;	0.074820569290505;	0.024014777654752;	0.027191722022575;	0.030067689241742;	0.032307620308433;	0.032717222056623;	0.032012865391993;	0.034811771546966;	0.037667971460091;	0.040502807796704;	0.043454056817493;	0.046010135464205;	0.048434610154754;	0.050445886218240;	0.052720968049748;	0.055182137414252;	0.057988423550935;	0.061165461607758;	0.063228873921457;	0.063024378401822;	0.065518808258200;	0.067519290756952;	0.071583505790974;	0.076219671266868;	0.078753524193929;	0.083524337922725;	0.091732655187392;	0.098739669391026;	0.109239126148687;	0.122395424562862;	0.138536837009214;	0.169279541419066;	0.200166218478637;	0.228027489786006;	0.223056309060569
0.329247154423864;	0.056420388476051;	0.037041219282291;	0.031606603625367;	0.086346183623081;	0.162398134257634;	0.153212899676863;	0.050986292299811;	0.050276244055468;	0.061139920974940;	0.068603288544177;	0.076241969519179;	0.081653305627415;	0.066061325720114;	0.074038905688620;	0.081827951687806;	0.081311116641376;	0.087747297071277;	0.095214600767262;	0.101753767024823;	0.037738035084532;	0.036930626667631;	0.040029355398892;	0.043244432619509;	0.046438656232316;	0.049786513117978;	0.052704486397519;	0.055444185516882;	0.057771621326575;	0.060392744045912;	0.063105489554938;	0.066205446832577;	0.069735845415867;	0.072108878914634;	0.071958359854042;	0.074696575607312;	0.075836892386262;	0.080248188738137;	0.085287680144960;	0.087901425804133;	0.092956690885468;	0.101560241201943;	0.108945217677890;	0.119913313193669;	0.133485009306273;	0.149906896500130;	0.181091439244906;	0.212852482583387;	0.241585314065420;	0.240197034469832
0.350574639416856;	0.082901272638218;	0.063553677508670;	0.050386946671734;	0.112577627390351;	0.169959499674216;	0.159879777730334;	0.065338517722409;	0.074696651821891;	0.084250719619177;	0.094186795423856;	0.091290686343282;	0.097430981219269;	0.107130374047139;	0.119151668555492;	0.130157287734891;	0.104933419514050;	0.113726401432267;	0.124146090562621;	0.133651794407073;	0.113030580212237;	0.113421887763231;	0.118117278239187;	0.123645522188903;	0.128248513587401;	0.133689858741025;	0.138479340958838;	0.142135653441120;	0.145122314545011;	0.148107923629587;	0.150787074332587;	0.154120928942430;	0.157321284491615;	0.159463240298592;	0.158512501430252;	0.160389416631904;	0.087688706612783;	0.092495468381572;	0.098024153764819;	0.100692911388170;	0.106091106256137;	0.115181171771021;	0.123057076061804;	0.134630207935594;	0.148743866047506;	0.165450642006398;	0.197179984418719;	0.230061797894452;	0.259867633829019;	0.262125265765666
0.370498419996213;	0.116454503614446;	0.090677601924335;	0.082542916224429;	0.134568963575872;	0.200432981601580;	0.169423876564443;	0.085362460614568;	0.092147113259907;	0.108335417048220;	0.119421790234319;	0.125599220753943;	0.132771187438022;	0.134833471217268;	0.150227744712393;	0.164311536945268;	0.153460738462162;	0.164557809074503;	0.178229160687375;	0.190770729248081;	0.164914686576680;	0.166734993999387;	0.173545865687380;	0.181699485148746;	0.188412180058554;	0.196421080738802;	0.203621326705198;	0.209055988352021;	0.213666093689135;	0.218104887414611;	0.221854936832282;	0.226455454488730;	0.230580704838428;	0.233659220680215;	0.233020153855544;	0.235268435851754;	0.176165847341406;	0.180832154981633;	0.187374866315707;	0.190315291315779;	0.195993611322582;	0.206263794744685;	0.216318211606865;	0.230101745678316;	0.247052057750770;	0.266042427168532;	0.299649410978221;	0.340473138552114;	0.376816589686293;	0.288363744625628
0.394427872958162;	0.151968479853937;	0.126394727453640;	0.117321962667806;	0.167603479543213;	0.228529344792199;	0.208337507261953;	0.134353253811728;	0.119881362462637;	0.139621741372249;	0.150830495264080;	0.159125083360859;	0.166963236704276;	0.173369797396487;	0.192206329154034;	0.209462661665624;	0.200448335275158;	0.214143578796269;	0.231234367500354;	0.247014980319650;	0.228347483826444;	0.230660895976455;	0.238923736242249;	0.249101448132785;	0.257368993000302;	0.267370782459269;	0.276371415122735;	0.283006475821080;	0.288716454936265;	0.294170054750189;	0.298501467039874;	0.303913797895671;	0.308692555403077;	0.312403869348334;	0.311733709912643;	0.314172417404075;	0.265151934016425;	0.270689934187646;	0.279062402525226;	0.282823932926192;	0.289673179147087;	0.301940784907043;	0.314746006978757;	0.331429957738563;	0.351725126556190;	0.369532532748881;	0.405284853526961;	0.453513355119982;	0.495907866517657;	0.464263049083498
0.419832084002113;	0.190834060651598;	0.164012436187206;	0.155965411143021;	0.204930295145279;	0.264865331532533;	0.246408160293159;	0.183566697207584;	0.175847055391506;	0.199607764063769;	0.189646586764340;	0.202108003939697;	0.207242768819550;	0.215883873800022;	0.238296091732870;	0.259092515854707;	0.252194548888458;	0.268231287953885;	0.288448623871422;	0.307179879428579;	0.294835219753603;	0.296954981700438;	0.306590990172739;	0.318667153598538;	0.328464223605587;	0.340327558659723;	0.350964698765861;	0.358709357799135;	0.365457670296833;	0.371909417115296;	0.376762456471840;	0.382897557666182;	0.388366721658737;	0.392698733738992;	0.391920173765619;	0.394587581784035;	0.355072576400102;	0.361487615476573;	0.371485170547945;	0.375415867375736;	0.383285482520022;	0.397222727053732;	0.412206512094382;	0.431165658478238;	0.453894807917112;	0.474024880429592;	0.511873232604977;	0.564826744478348;	0.611241150151643;	0.637205551771331
0.447227460047891;	0.232335552046323;	0.204817702175534;	0.197612448847155;	0.245059154271840;	0.306324847634974;	0.291354967298740;	0.239486103132830;	0.234488879665055;	0.262025178673939;	0.255961172634524;	0.271877631879682;	0.256974383300651;	0.268262902061018;	0.294260779139810;	0.318643768202259;	0.308690853461557;	0.326895184385503;	0.349950503999493;	0.371334652454034;	0.365276936868435;	0.365275349330890;	0.376048930907097;	0.389725497523370;	0.400854848831640;	0.414281982334070;	0.426256702036742;	0.434912844286428;	0.442537307529764;	0.449855521119542;	0.455118707262537;	0.461819626810148;	0.467896060133691;	0.472763532497628;	0.471751096605259;	0.474630199416744;	0.443828623955699;	0.450933274397801;	0.462124187304966;	0.464990076192418;	0.473500509080571;	0.488453747743718;	0.504765456766265;	0.525006439680376;	0.548942241340838;	0.571339192932478;	0.609548440608904;	0.664185122753332;	0.711667655486232;	0.772769880914563
0.476377487029545;	0.276261021988021;	0.248367793150630;	0.242086975469113;	0.287933254641466;	0.350073315724597;	0.341410609838862;	0.300217930564411;	0.298543553810600;	0.329300045409479;	0.325507982554881;	0.344469570020881;	0.332417470911416;	0.346654650927854;	0.375007948785191;	0.401335534426582;	0.374621110441361;	0.394766594316943;	0.420111683818256;	0.443505582290937;	0.443119831620266;	0.436020501167974;	0.447675431683948;	0.462575197923725;	0.474739815260892;	0.489315763824948;	0.502239866728306;	0.511545743759541;	0.519808064744726;	0.527754488033826;	0.533298259110149;	0.540362300338840;	0.546850926570544;	0.552100410551665;	0.550701127548226;	0.553751153029000;	0.530660560539618;	0.538159017148730;	0.549983388072243;	0.549719071592149;	0.558474141991968;	0.573762093026731;	0.590562969614696;	0.611113756778467;	0.635089117593387;	0.658469613553715;	0.695495420196957;	0.748908788899262;	0.794678212978286;	0.864721076276173
0.507110864723524;	0.322295067118122;	0.294383453130467;	0.289083067028960;	0.333227883393246;	0.396038998008957;	0.393262141585896;	0.362331294110245;	0.366237343522593;	0.399469643455215;	0.398623806518362;	0.419916396315288;	0.410175207254169;	0.426707787541222;	0.456583001850124;	0.484164489459423;	0.462216691430587;	0.483583735578905;	0.509642336203696;	0.533221651940864;	0.536566786650207;	0.512847733033360;	0.525105843637140;	0.540674377166225;	0.553364887063827;	0.568414998329937;	0.581701866078414;	0.591263953210376;	0.599765138698499;	0.607898592500110;	0.613570267291886;	0.620723839813176;	0.627267023392693;	0.632636322568146;	0.630681028591054;	0.633870251735527;	0.617358114660476;	0.624865599592686;	0.636628912126359;	0.629822443980610;	0.638489972905960;	0.653461055960801;	0.669951861336237;	0.689839574080940;	0.712710035544388;	0.735571818831516;	0.769752052866173;	0.818923782729516;	0.860194566678486;	0.921927896044409
0.539228242931292;	0.370084585522177;	0.342519980770830;	0.338229583228132;	0.380579614445191;	0.443729340540522;	0.446498933185796;	0.425207454413337;	0.433962551301320;	0.468954852356120;	0.472935128985932;	0.495736717168315;	0.489067920632093;	0.506935324778376;	0.537323147925944;	0.565336916934561;	0.547913365242284;	0.569615065969482;	0.595407352413264;	0.618344734834343;	0.624413566477003;	0.604128714309722;	0.616538316717163;	0.631740110098490;	0.643936262467186;	0.658206253175699;	0.670828591536673;	0.679958823649483;	0.687968829049650;	0.695468747307618;	0.701047842572292;	0.707877154888793;	0.713843893661787;	0.718879289932076;	0.716195069200791;	0.719490342262977;	0.708362936270795;	0.715334667509317;	0.726112353600642;	0.707916887361255;	0.716179134694868;	0.730110899215878;	0.745439028969438;	0.763547758480966;	0.784076680153416;	0.804735010676301;	0.834046230045936;	0.875629928941733;	0.909542428254419;	0.955787642898303
0.572499008367396;	0.419230845650996;	0.392370040857224;	0.389088109869794;	0.429553429731322;	0.492620168244330;	0.500375582183181;	0.487889196927052;	0.500853498202503;	0.536801167417396;	0.544697072746383;	0.568280176170915;	0.566309638803845;	0.584601546100143;	0.614490628262609;	0.642047865451066;	0.629418956488796;	0.650464107212295;	0.675033241671253;	0.696589741917891;	0.704396099267329;	0.687814700105107;	0.699753088343745;	0.713943285616528;	0.725155956659913;	0.738116981617374;	0.749591569222660;	0.757917461794018;	0.765145261014248;	0.771783275614111;	0.776983518614109;	0.783191299153312;	0.788409819387768;	0.792944407988906;	0.789526730929151;	0.792736397249021;	0.785721169123349;	0.791918977909562;	0.801346658237311;	0.789126808910222;	0.796652754903897;	0.808681593783652;	0.821882661443849;	0.836861120565354;	0.853644734301271;	0.870172372997702;	0.892031131353249;	0.921983203046076;	0.945125190009784;	0.976170360606424
0.606659995335843;	0.469289562837240;	0.443463604033763;	0.441155853781402;	0.479649644002572;	0.542119142424301;	0.554144159527367;	0.549448232430041;	0.565803360763453;	0.601862183233892;	0.612866803042420;	0.636489949086944;	0.638222536733459;	0.656293025032479;	0.684863603248060;	0.711166074258564;	0.704047198357597;	0.723616611586510;	0.746167102666111;	0.765727914278582;	0.774326234700786;	0.761801222558598;	0.772658673229603;	0.785295899000242;	0.795143468060929;	0.806418289698741;	0.816394806444395;	0.823632353511671;	0.829880799362974;	0.835531362341014;	0.840100914121726;	0.845454993418266;	0.849833269503816;	0.853757714638471;	0.849986652133678;	0.852918291224140;	0.848849297170022;	0.854106798051569;	0.861970401842803;	0.854979087143594;	0.861422599617407;	0.871209393112735;	0.881900505412999;	0.893555208435340;	0.906414365675129;	0.918745783396833;	0.933968426765968;	0.954095613553056;	0.968802141894727;	0.993178378131785
0.641415607971778;	0.519773622456761;	0.495271637769009;	0.493870234797334;	0.530308467737661;	0.591584897660539;	0.607032159095930;	0.608971691601173;	0.627820643086630;	0.663149720569360;	0.676345126845437;	0.699308587984614;	0.703862771952889;	0.721123234822516;	0.747661521162274;	0.772010586573642;	0.769016117502208;	0.786620877357484;	0.806646518406353;	0.823809119285735;	0.832396728575402;	0.824442403834585;	0.833821241311022;	0.844571757695287;	0.852835686680963;	0.862224187618180;	0.870515782808629;	0.876512486937745;	0.881675576372951;	0.886283221157473;	0.890076434135084;	0.894456431091280;	0.897964475692735;	0.901205884631379;	0.898117024532992;	0.900631793510077;	0.898517401545204;	0.902751145942670;	0.908976478330645;	0.905521765997310;	0.910665171753101;	0.918105456617646;	0.926200571899464;	0.934675662059352;	0.943827493215595;	0.952339224367295;	0.962142527584306;	0.974780603356458;	0.983512834790714;	0.998715661226502
0.676436908989634;	0.570155667357000;	0.547212792206441;	0.546618526653914;	0.580918346927830;	0.640343596396279;	0.658279852880696;	0.665608185554570;	0.686017345505493;	0.719825922827800;	0.734298704613690;	0.755982312354353;	0.762433816584248;	0.778403544068334;	0.802357178285980;	0.824214269400547;	0.824145670269589;	0.839462194312494;	0.856656800074080;	0.871203253856836;	0.879171941622693;	0.874517450332241;	0.882294755589582;	0.891080198405304;	0.897741880038065;	0.905248846019439;	0.911853348324299;	0.916608527217777;	0.920688064454198;	0.924285541664223;	0.927286202372083;	0.930705618171922;	0.933399752978951;	0.935948737978335;	0.934360911844897;	0.936378714407769;	0.935450782612616;	0.938668936783088;	0.943321238245231;	0.941943617896292;	0.945771214852929;	0.951053583056006;	0.956772511010760;	0.962518365261256;	0.968558339224453;	0.973985626014379;	0.979803488663837;	0.987174365608171;	0.991984522566559;	0.999852737812113
0.711362471377835;	0.619873503854595;	0.598663725288676;	0.598751989611394;	0.630831422816806;	0.687712205528546;	0.707170006643544;	0.718602894942518;	0.739652945863324;	0.771243481200745;	0.786135173288865;	0.806033071730755;	0.813530862750382;	0.827851289787865;	0.848850300830509;	0.867863546638969;	0.869639546700829;	0.882524134653387;	0.896788840374007;	0.908686720009022;	0.915640784930235;	0.913242137131913;	0.919430052150290;	0.926319898236068;	0.931473645607954;	0.937229089878264;	0.942263578316416;	0.945867997207626;	0.948946504305638;	0.951631602157655;	0.953891912624827;	0.956435431940185;	0.958413845822445;	0.960319097268346;	0.959636025014735;	0.961165793751822;	0.960906864555252;	0.963229897724643;	0.966521320515707;	0.966234832455309;	0.968913655367432;	0.972448692031640;	0.976234475967899;	0.979886928499471;	0.983610945911709;	0.986836581199364;	0.990056380102024;	0.994029517890485;	0.996461825798164;	0.999991699719286
0.745801807117599;	0.668339952463039;	0.648975710120219;	0.649604063547468;	0.679381419279000;	0.733024313664566;	0.753057253548709;	0.767326324247541;	0.788161967899804;	0.816963837547707;	0.831521366924610;	0.849261566972008;	0.857072382374815;	0.869516435747857;	0.887377686138945;	0.903388016822256;	0.906131868236103;	0.916599279870885;	0.928015942826875;	0.937390894858354;	0.943131152783585;	0.942144442210732;	0.946863258145642;	0.952040001648734;	0.955859487846864;	0.960081025535837;	0.963745386917131;	0.966351128526462;	0.968564431864444;	0.970474806074200;	0.972092525565800;	0.973890146429606;	0.975274050836334;	0.976623432583771;	0.976435536251440;	0.977528908530581;	0.977591289025232;	0.979175863939943;	0.981368708911541;	0.981548755277196;	0.983302241019236;	0.985516440219104;	0.987847821069075;	0.990005984416939;	0.992130743054574;	0.993898588534325;	0.995540272686788;	0.997493403119217;	0.998605679352363;	0.999999779927464
0.779340954273360;	0.714955845451116;	0.697493281286323;	0.698511356578018;	0.725904405196984;	0.775656136516893;	0.795394010974645;	0.811296935826992;	0.831170280268160;	0.856764149247868;	0.870374277396085;	0.885726993467226;	0.893266855287087;	0.903735409331780;	0.918452410226587;	0.931481053093833;	0.934533749193121;	0.942730096196396;	0.951525618280623;	0.958624634224611;	0.963116027974606;	0.962924745613164;	0.966365091460184;	0.970080891629721;	0.972783931752434;	0.975736348439721;	0.978274304309788;	0.980064603344686;	0.981575128653027;	0.982865467782403;	0.983961453578969;	0.985163561552759;	0.986081177142749;	0.986982801912507;	0.987019145633557;	0.987752895871893;	0.987925559016609;	0.988940760831806;	0.990307755286787;	0.990606660831463;	0.991672666820786;	0.992959870612331;	0.994283722223827;	0.995456897570103;	0.996565926602079;	0.997447848693697;	0.998207986991254;	0.999069054165792;	0.999520205119207;	0.999999974910355
0.811550317735293;	0.759126529891402;	0.743576586968226;	0.744837598015026;	0.769765004962695;	0.815053441945900;	0.833749744777467;	0.850197615383360;	0.868498845198142;	0.890631902288470;	0.902839617282183;	0.915717302507251;	0.922562591623600;	0.931073878091118;	0.942794748844683;	0.953016975895688;	0.955929239399444;	0.962098750221303;	0.968602354092711;	0.973752102397083;	0.977082252676283;	0.977269556480527;	0.979659282840120;	0.982197665427479;	0.984016968732947;	0.985977346524125;	0.987642696884797;	0.988806421380710;	0.989780456092709;	0.990603687037513;	0.991303154193214;	0.992059790134536;	0.992633095940048;	0.993198243625541;	0.993304498641113;	0.993764119114534;	0.993937075749609;	0.994543227122780;	0.995333984930306;	0.995593249011065;	0.996189441441166;	0.996876353717635;	0.997561382102074;	0.998140179517371;	0.998661757749735;	0.999055381734708;	0.999368953451850;	0.999701929119151;	0.999860068933524;	0.999999977029042
0.841996981630898;	0.800283808980451;	0.786626539705430;	0.787998565955222;	0.810385626912305;	0.850758588307187;	0.867823298658721;	0.883881426107358;	0.900158807253567;	0.918747903657628;	0.929263273445499;	0.939709994763804;	0.945595054271852;	0.952266929818194;	0.961263574028833;	0.968973389962588;	0.971480580093014;	0.975929355166021;	0.980527779636478;	0.984092411931675;	0.986427317094494;	0.986737795615048;	0.988312297242932;	0.989954738726291;	0.991113408130843;	0.992342681290183;	0.993372301419882;	0.994083885983253;	0.994673820928723;	0.995166804521596;	0.995584725870445;	0.996030022404641;	0.996365075661903;	0.996694987909836;	0.996797131928893;	0.997063742319241;	0.997193695176832;	0.997527643125210;	0.997947582456566;	0.998121240895876;	0.998424172129611;	0.998755898024320;	0.999073909203602;	0.999328491877981;	0.999545110233067;	0.999698733328758;	0.999811021435055;	0.999920595371159;	0.999966787742740;	0.999999977552770
0.870263332168886;	0.837914735622054;	0.826112039407059;	0.827486105246189;	0.847274130550475;	0.882433452997533;	0.897450102044710;	0.912368567221002;	0.926339619416066;	0.941462515130622;	0.950155815256806;	0.958328220328684;	0.963131767656438;	0.968158093121496;	0.974789840691004;	0.980358591448199;	0.982345407708048;	0.985405429148608;	0.988500162697889;	0.990843085525620;	0.992385423826237;	0.992683164838068;	0.993661647197406;	0.994662250866553;	0.995356118861953;	0.996079242907305;	0.996674895802491;	0.997081296145125;	0.997414412127816;	0.997689349639376;	0.997921270784819;	0.998164240352526;	0.998345734337528;	0.998523437501941;	0.998596172291679;	0.998737898925896;	0.998819220029233;	0.998986819504505;	0.999188705652804;	0.999285252428976;	0.999422763792086;	0.999565003178933;	0.999694682950286;	0.999792131489594;	0.999869414955083;	0.999920214312706;	0.999953867552551;	0.999983258380847;	0.999993909803496;	0.999999978037415
0.895971269779870;	0.871595409057859;	0.861597399263182;	0.862891147497123;	0.880049414678795;	0.909875439631118;	0.922605591111777;	0.935838193775055;	0.947388997474249;	0.959266594763257;	0.966150933868977;	0.972293651752159;	0.976015084212177;	0.979639650726665;	0.984313472336035;	0.988147429269906;	0.989607555035619;	0.991604491348568;	0.993575639657708;	0.995028919963746;	0.995983535565153;	0.996212831823276;	0.996782359737335;	0.997351998208841;	0.997739626026798;	0.998135384469043;	0.998455040180801;	0.998669865273691;	0.998843578119307;	0.998984965234179;	0.999103299648594;	0.999224893106007;	0.999314965205562;	0.999402217943515;	0.999444967962046;	0.999513056554946;	0.999556548711197;	0.999631884942464;	0.999718116149897;	0.999763252439123;	0.999817751267268;	0.999870510237957;	0.999915612372399;	0.999946988610113;	0.999969759975847;	0.999983363558307;	0.999991366261201;	0.999997391008382;	0.999999152642017;	0.999999978513066
0.918812747867793;	0.901028495109524;	0.892768003059926;	0.893925220653133;	0.908464265087090;	0.933027125474675;	0.943403111328065;	0.954614339355238;	0.963786217839627;	0.972755639624529;	0.977960791740510;	0.982376700371449;	0.985106621015109;	0.987595826219651;	0.990727705024265;	0.993228919286419;	0.994225046753868;	0.995453220903113;	0.996632915061188;	0.997477115927949;	0.998026686471169;	0.998178893612994;	0.998486585124050;	0.998786768425442;	0.998986769785734;	0.999186153216300;	0.999343515378176;	0.999447410417170;	0.999530064366648;	0.999596259618464;	0.999651043635842;	0.999706071894361;	0.999746412626787;	0.999784845054106;	0.999806110677949;	0.999835123578076;	0.999854972292489;	0.999884607999993;	0.999916495698781;	0.999934020168136;	0.999952275269870;	0.999968586018393;	0.999981405773171;	0.999989490889470;	0.999994718850145;	0.999997473760059;	0.999998865225637;	0.999999713916014;	0.999999859985413;	0.999999978979905
0.938578652247264;	0.926070992301597;	0.919451410631651;	0.920439555438553;	0.932423859030323;	0.951980284390410;	0.960085919246975;	0.969143899706063;	0.976109865628870;	0.982588904368388;	0.986329010352602;	0.989347573288566;	0.991235556791325;	0.992853100635633;	0.994834683203954;	0.996369361938515;	0.996998179346374;	0.997704022046398;	0.998361402438013;	0.998816195276299;	0.999107583941752;	0.999196491345446;	0.999349027134402;	0.999493666999289;	0.999587746140549;	0.999678962999090;	0.999749010858285;	0.999794289509743;	0.999829605264295;	0.999857353308692;	0.999879968789061;	0.999902071726685;	0.999918050204591;	0.999932908532418;	0.999941823765658;	0.999952506623072;	0.999960094304393;	0.999969969069482;	0.999979807130762;	0.999985274525991;	0.999990200603318;	0.999994176973531;	0.999996968647595;	0.999998513770486;	0.999999369364073;	0.999999749176270;	0.999999903991738;	0.999999964491943;	0.999999920455023;	0.999999979438413
0.955176845980500;	0.946743167599919;	0.941630065124428;	0.942436879059869;	0.951994865709855;	0.966970894739110;	0.973012394296666;	0.979966391643225;	0.984999117562626;	0.989446982141375;	0.991984979205791;	0.993932591461754;	0.995155516937327;	0.996141997959914;	0.997315360546323;	0.998192593595151;	0.998557276108601;	0.998932215332210;	0.999269327273684;	0.999493686304294;	0.999634132730629;	0.999679902542075;	0.999748245745847;	0.999810954560323;	0.999850623514230;	0.999887839691520;	0.999915497622698;	0.999932925270686;	0.999946191569480;	0.999956374242620;	0.999964503077626;	0.999972182531914;	0.999977626203730;	0.999982516719030;	0.999985594539149;	0.999988867732391;	0.999991210648506;	0.999993866317981;	0.999996262463711;	0.999997555158112;	0.999998549701086;	0.999999250915819;	0.999999671971967;	0.999999866816911;	0.999999954366361;	0.999999985015497;	0.999999992001359;	0.999999980433037;	0.999999925204546;	0.999999979888786
0.968640911776425;	0.963225837667079;	0.959446381714293;	0.960075877721247;	0.967403682753201;	0.978363711318710;	0.982633988735805;	0.987678552396925;	0.991112568699671;	0.993990592968768;	0.995603429619595;	0.996778390719400;	0.997513542361103;	0.998072189482193;	0.998714981337301;	0.999176353350298;	0.999368487841262;	0.999549965069394;	0.999706606051292;	0.999806286077177;	0.999866747731407;	0.999887300922384;	0.999914425119421;	0.999938365046016;	0.999953017312655;	0.999966231204886;	0.999975668906719;	0.999981431467068;	0.999985685943807;	0.999988856913185;	0.999991317870281;	0.999993543403138;	0.999995075866238;	0.999996386415343;	0.999997223765183;	0.999998012231657;	0.999998561888212;	0.999999096763754;	0.999999519174040;	0.999999729081203;	0.999999862806887;	0.999999941234033;	0.999999979317576;	0.999999993221116;	0.999999997903811;	0.999999998785257;	0.999999996065550;	0.999999981453500;	0.999999927251355;	0.999999980331177
0.979130951526918;	0.975848760001171;	0.973198693891545;	0.973666375181355;	0.979023432238025;	0.986626450641236;	0.989465559248422;	0.992895818500885;	0.995087591187851;	0.996824093020383;	0.997773171646525;	0.998427691774421;	0.998832723803800;	0.999122347667149;	0.999443225287270;	0.999662808943137;	0.999753289501778;	0.999831792550278;	0.999896381520153;	0.999935371664285;	0.999958058707733;	0.999965947019261;	0.999975219815619;	0.999983028782073;	0.999987621146503;	0.999991566513803;	0.999994248943391;	0.999995823060479;	0.999996940383670;	0.999997741627788;	0.999998339392134;	0.999998849197581;	0.999999184908733;	0.999999452017528;	0.999999618593774;	0.999999755024746;	0.999999843453704;	0.999999915090511;	0.999999962264834;	0.999999982491290;	0.999999992730577;	0.999999997455687;	0.999999999205416;	0.999999999634325;	0.999999999593359;	0.999999999201634;	0.999999996258576;	0.999999981950422;	0.999999929026541;	0.999999980765662
0.986923254667808;	0.985066568129595;	0.983323347205439;	0.983652256375913;	0.987348258245752;	0.992294335335577;	0.994050614337575;	0.996212800038811;	0.997504549398696;	0.998467577407281;	0.998976913986778;	0.999307945645647;	0.999508924399194;	0.999643771075701;	0.999786718874217;	0.999879161620100;	0.999916356783823;	0.999945903342887;	0.999968856811216;	0.999981860089759;	0.999989028136742;	0.999991529594347;	0.999994152849886;	0.999996237475702;	0.999997403613680;	0.999998346044638;	0.999998948032639;	0.999999283473653;	0.999999509390334;	0.999999663057218;	0.999999771320036;	0.999999856309148;	0.999999908374911;	0.999999945533137;	0.999999966970967;	0.999999981728093;	0.999999990105165;	0.999999995534346;	0.999999998368207;	0.999999999351555;	0.999999999730499;	0.999999999839668;	0.999999999850903;	0.999999999794845;	0.999999999633129;	0.999999999229822;	0.999999996358490;	0.999999982394045;	0.999999930742734;	0.999999981192282
0.992388739039289;	0.991423481954154;	0.990363285749400;	0.990580274248110;	0.992954440942987;	0.995928764353113;	0.996924498054099;	0.998168248731358;	0.998858799457343;	0.999340023571400;	0.999584024955645;	0.999732502632599;	0.999820103989550;	0.999874987191342;	0.999930157929735;	0.999963478325149;	0.999976365970503;	0.999985672676602;	0.999992407679010;	0.999995935749063;	0.999997746995595;	0.999998368374735;	0.999998946910521;	0.999999373778492;	0.999999597625478;	0.999999764804580;	0.999999863259036;	0.999999914442575;	0.999999946515254;	0.999999966735455;	0.999999979798662;	0.999999988887797;	0.999999993847637;	0.999999996873471;	0.999999998392409;	0.999999999236935;	0.999999999630280;	0.999999999824999;	0.999999999897608;	0.999999999912318;	0.999999999912767;	0.999999999888820;	0.999999999863943;	0.999999999802492;	0.999999999643851;	0.999999999249967;	0.999999996449016;	0.999999982824196;	0.999999932413818;	0.999999981611042
0.995961543154786;	0.995510537353021;	0.994926130823303;	0.995058499623941;	0.996452064889950;	0.998072568531097;	0.998579115938779;	0.999217420475161;	0.999543874565451;	0.999754485472187;	0.999855625223801;	0.999912693327299;	0.999945013569066;	0.999963765016334;	0.999981412673066;	0.999991199175162;	0.999994766168362;	0.999997077082609;	0.999998604793986;	0.999999328820986;	0.999999666690506;	0.999999777757070;	0.999999868456326;	0.999999929237862;	0.999999958521658;	0.999999978260611;	0.999999988723216;	0.999999993677637;	0.999999996485703;	0.999999998071471;	0.999999998972465;	0.999999999501906;	0.999999999743776;	0.999999999864365;	0.999999999914753;	0.999999999934645;	0.999999999937582;	0.999999999935321;	0.999999999929117;	0.999999999922729;	0.999999999917293;	0.999999999892594;	0.999999999867969;	0.999999999807855;	0.999999999653060;	0.999999999268909;	0.999999996536876;	0.999999983242615;	0.999999934041850;	0.999999982021927
0.998098502832305;	0.997915196410310;	0.997631487450091;	0.997704604100134;	0.998432682176393;	0.999209784997572;	0.999433904917674;	0.999716457919007;	0.999847727923472;	0.999925004254171;	0.999959554598146;	0.999977364635889;	0.999986887427155;	0.999991932740489;	0.999996292478005;	0.999998455018970;	0.999999176637231;	0.999999586731884;	0.999999827329498;	0.999999927371842;	0.999999968514510;	0.999999981075441;	0.999999989940251;	0.999999995204284;	0.999999997482605;	0.999999998833718;	0.999999999461175;	0.999999999723071;	0.999999999852154;	0.999999999913416;	0.999999999940828;	0.999999999951512;	0.999999999951416;	0.999999999950767;	0.999999999950781;	0.999999999948695;	0.999999999943619;	0.999999999938478;	0.999999999931597;	0.999999999925142;	0.999999999919694;	0.999999999895538;	0.999999999871474;	0.999999999812857;	0.999999999661939;	0.999999999287284;	0.999999996622222;	0.999999983649804;	0.999999935627634;	0.999999982424914
0.999237912585495;	0.999177007750369;	0.999060936513094;	0.999096231579676;	0.999420878241673;	0.999734134062379;	0.999816260873810;	0.999918364891347;	0.999960543205142;	0.999982698804986;	0.999991682811369;	0.999995804696598;	0.999997828785399;	0.999998783811943;	0.999999516637225;	0.999999829073624;	0.999999920726752;	0.999999965182030;	0.999999987589015;	0.999999995531197;	0.999999998333702;	0.999999999107084;	0.999999999573479;	0.999999999812986;	0.999999999903174;	0.999999999947885;	0.999999999964598;	0.999999999968906;	0.999999999969607;	0.999999999968041;	0.999999999965194;	0.999999999961416;	0.999999999956023;	0.999999999953352;	0.999999999952697;	0.999999999950438;	0.999999999945388;	0.999999999940291;	0.999999999933523;	0.999999999927193;	0.999999999921859;	0.999999999898317;	0.999999999874850;	0.999999999817691;	0.999999999670524;	0.999999999305093;	0.999999996705160;	0.999999984045972;	0.999999937171954;	0.999999982819962
0.999756725490289;	0.999741975691887;	0.999704662083274;	0.999718728523376;	0.999834396239122;	0.999933065703029;	0.999956041454365;	0.999983474208418;	0.999993123751799;	0.999997441209918;	0.999998950713203;	0.999999539920304;	0.999999794461884;	0.999999898077500;	0.999999966008221;	0.999999990037521;	0.999999996045703;	0.999999998497410;	0.999999999540234;	0.999999999850835;	0.999999999943372;	0.999999999965485;	0.999999999976313;	0.999999999979948;	0.999999999979779;	0.999999999978276;	0.999999999976596;	0.999999999974325;	0.999999999972321;	0.999999999969733;	0.999999999966566;	0.999999999962735;	0.999999999957412;	0.999999999954747;	0.999999999954067;	0.999999999951839;	0.999999999946907;	0.999999999941932;	0.999999999935329;	0.999999999929153;	0.999999999923946;	0.999999999900992;	0.999999999878097;	0.999999999822359;	0.999999999678836;	0.999999999322365;	0.999999996785745;	0.999999984431346;	0.999999938675489;	0.999999983207036
0.999945570993057;	0.999944115689390;	0.999936017148157;	0.999940243207110;	0.999968933398582;	0.999989655814006;	0.999993819865182;	0.999998180841508;	0.999999382268811;	0.999999813207301;	0.999999936556076;	0.999999976273905;	0.999999990965638;	0.999999996075249;	0.999999998895982;	0.999999999720632;	0.999999999896906;	0.999999999957880;	0.999999999979716;	0.999999999984782;	0.999999999985745;	0.999999999985336;	0.999999999984642;	0.999999999983247;	0.999999999981474;	0.999999999979334;	0.999999999977479;	0.999999999975195;	0.999999999973198;	0.999999999970643;	0.999999999967536;	0.999999999963788;	0.999999999958597;	0.999999999955996;	0.999999999955331;	0.999999999953160;	0.999999999948354;	0.999999999943504;	0.999999999937061;	0.999999999931032;	0.999999999925946;	0.999999999903564;	0.999999999881231;	0.999999999826869;	0.999999999686879;	0.999999999339110;	0.999999996864026;	0.999999984806122;	0.999999940138877;	0.999999983586091
0.999993083140346;	0.999993732371878;	0.999992677342132;	0.999993414941286;	0.999996853331977;	0.999999170599505;	0.999999621295801;	0.999999917003695;	0.999999977173831;	0.999999994312517;	0.999999998346008;	0.999999999438105;	0.999999999794087;	0.999999999907930;	0.999999999963719;	0.999999999979854;	0.999999999984498;	0.999999999986476;	0.999999999987228;	0.999999999987049;	0.999999999986702;	0.999999999986031;	0.999999999985235;	0.999999999983824;	0.999999999982068;	0.999999999979960;	0.999999999978134;	0.999999999975895;	0.999999999973944;	0.999999999971456;	0.999999999968429;	0.999999999964779;	0.999999999959724;	0.999999999957191;	0.999999999956538;	0.999999999954423;	0.999999999949737;	0.999999999945006;	0.999999999938722;	0.999999999932837;	0.999999999927871;	0.999999999906043;	0.999999999884252;	0.999999999831223;	0.999999999694661;	0.999999999355343;	0.999999996940056;	0.999999985170484;	0.999999941562712;	0.999999983957087
0.999999028874948;	0.999999482967938;	0.999999301266344;	0.999999449097601;	0.999999493324005;	0.999999860911223;	0.999999983319181;	0.999999996788662;	0.999999999041497;	0.999999999683309;	0.999999999862457;	0.999999999923591;	0.999999999952259;	0.999999999968132;	0.999999999978311;	0.999999999983300;	0.999999999985853;	0.999999999987193;	0.999999999987735;	0.999999999987502;	0.999999999987131;	0.999999999986461;	0.999999999985676;	0.999999999984291;	0.999999999982577;	0.999999999980518;	0.999999999978738;	0.999999999976558;	0.999999999974657;	0.999999999972232;	0.999999999969283;	0.999999999965724;	0.999999999960800;	0.999999999958332;	0.999999999957692;	0.999999999955629;	0.999999999951063;	0.999999999946449;	0.999999999940316;	0.999999999934570;	0.999999999929719;	0.999999999908430;	0.999999999887168;	0.999999999835432;	0.999999999702193;	0.999999999371078;	0.999999997013873;	0.999999985524597;	0.999999942947544;	0.999999984319978
0.999999345849255;	0.999999737750660;	0.999999612937699;	0.999999724121116;	0.999999609421361;	0.999999886258030;	0.999999992222554;	0.999999998219907;	0.999999999367149;	0.999999999753872;	0.999999999881758;	0.999999999930557;	0.999999999955283;	0.999999999969774;	0.999999999979221;	0.999999999983921;	0.999999999986343;	0.999999999987610;	0.999999999988110;	0.999999999987873;	0.999999999987503;	0.999999999986847;	0.999999999986080;	0.999999999984729;	0.999999999983056;	0.999999999981048;	0.999999999979310;	0.999999999977189;	0.999999999975334;	0.999999999972970;	0.999999999970097;	0.999999999966628;	0.999999999961829;	0.999999999959421;	0.999999999958798;	0.999999999956787;	0.999999999952331;	0.999999999947831;	0.999999999941844;	0.999999999936235;	0.999999999931500;	0.999999999910730;	0.999999999889981;	0.999999999839500;	0.999999999709481;	0.999999999386325;	0.999999997085517;	0.999999985868608;	0.999999944293863;	0.999999984674710
0.999999381667579;	0.999999754485809;	0.999999636478996;	0.999999741911539;	0.999999628266143;	0.999999891410263;	0.999999992679443;	0.999999998309837;	0.999999999396161;	0.999999999764296;	0.999999999886457;	0.999999999933186;	0.999999999956898;	0.999999999970830;	0.999999999979913;	0.999999999984429;	0.999999999986760;	0.999999999987980;	0.999999999988458;	0.999999999988218;	0.999999999987853;	0.999999999987213;	0.999999999986460;	0.999999999985142;	0.999999999983511;	0.999999999981554;	0.999999999979859;	0.999999999977786;	0.999999999975979;	0.999999999973674;	0.999999999970875;	0.999999999967491;	0.999999999962814;	0.999999999960464;	0.999999999959854;	0.999999999957891;	0.999999999953547;	0.999999999949154;	0.999999999943314;	0.999999999937836;	0.999999999933213;	0.999999999912946;	0.999999999892693;	0.999999999843424;	0.999999999716531;	0.999999999401092;	0.999999997155014;	0.999999986202638;	0.999999945602088;	0.999999985021218
0.999999404840549;	0.999999764003851;	0.999999650410633;	0.999999751920409;	0.999999641660346;	0.999999895233315;	0.999999992960288;	0.999999998372343;	0.999999999417772;	0.999999999772435;	0.999999999890255;	0.999999999935368;	0.999999999958276;	0.999999999971746;	0.999999999980524;	0.999999999984893;	0.999999999987149;	0.999999999988326;	0.999999999988783;	0.999999999988544;	0.999999999988185;	0.999999999987556;	0.999999999986823;	0.999999999985536;	0.999999999983946;	0.999999999982035;	0.999999999980379;	0.999999999978360;	0.999999999976596;	0.999999999974348;	0.999999999971616;	0.999999999968316;	0.999999999963755;	0.999999999961464;	0.999999999960866;	0.999999999958950;	0.999999999954710;	0.999999999950425;	0.999999999944722;	0.999999999939376;	0.999999999934859;	0.999999999915080;	0.999999999895309;	0.999999999847218;	0.999999999723345;	0.999999999415385;	0.999999997222384;	0.999999986526774;	0.999999946872502;	0.999999985359411
0.999999424432212;	0.999999771904255;	0.999999662039755;	0.999999760230553;	0.999999653226058;	0.999999898575476;	0.999999993195133;	0.999999998425533;	0.999999999436487;	0.999999999779617;	0.999999999893657;	0.999999999937341;	0.999999999959529;	0.999999999972585;	0.999999999981092;	0.999999999985322;	0.999999999987506;	0.999999999988646;	0.999999999989085;	0.999999999988850;	0.999999999988497;	0.999999999987883;	0.999999999987166;	0.999999999985910;	0.999999999984357;	0.999999999982493;	0.999999999980875;	0.999999999978905;	0.999999999977187;	0.999999999974991;	0.999999999972325;	0.999999999969107;	0.999999999964656;	0.999999999962419;	0.999999999961834;	0.999999999959965;	0.999999999955828;	0.999999999951644;	0.999999999946076;	0.999999999940854;	0.999999999936441;	0.999999999917134;	0.999999999897828;	0.999999999850874;	0.999999999729925;	0.999999999429208;	0.999999997287633;	0.999999986841031;	0.999999948105175;	0.999999985689146
0.999999441798501;	0.999999778888725;	0.999999672324933;	0.999999767557719;	0.999999663530501;	0.999999901561486;	0.999999993402423;	0.999999998472794;	0.999999999453184;	0.999999999786056;	0.999999999896720;	0.999999999939126;	0.999999999960666;	0.999999999973350;	0.999999999981612;	0.999999999985723;	0.999999999987840;	0.999999999988945;	0.999999999989370;	0.999999999989136;	0.999999999988791;	0.999999999988192;	0.999999999987490;	0.999999999986263;	0.999999999984750;	0.999999999982929;	0.999999999981348;	0.999999999979425;	0.999999999977748;	0.999999999975605;	0.999999999973004;	0.999999999969860;	0.999999999965520;	0.999999999963332;	0.999999999962762;	0.999999999960935;	0.999999999956897;	0.999999999952811;	0.999999999947373;	0.999999999942271;	0.999999999937962;	0.999999999919106;	0.999999999900251;	0.999999999854394;	0.999999999736273;	0.999999999442557;	0.999999997350729;	0.999999987145299;	0.999999949299702;	0.999999986010180
0.999999457263419;	0.999999785071742;	0.999999681450997;	0.999999774046088;	0.999999672766271;	0.999999904248003;	0.999999993586117;	0.999999998514936;	0.999999999468153;	0.999999999791866;	0.999999999899501;	0.999999999940754;	0.999999999961710;	0.999999999974052;	0.999999999982090;	0.999999999986089;	0.999999999988152;	0.999999999989225;	0.999999999989637;	0.999999999989407;	0.999999999989066;	0.999999999988481;	0.999999999987797;	0.999999999986598;	0.999999999985118;	0.999999999983341;	0.999999999981799;	0.999999999979923;	0.999999999978285;	0.999999999976189;	0.999999999973649;	0.999999999970580;	0.999999999966340;	0.999999999964205;	0.999999999963645;	0.999999999961862;	0.999999999957917;	0.999999999953928;	0.999999999948612;	0.999999999943626;	0.999999999939416;	0.999999999920997;	0.999999999902576;	0.999999999857776;	0.999999999742376;	0.999999999455414;	0.999999997411577;	0.999999987439145;	0.999999950454507;	0.999999986322043
0.999999471032183;	0.999999790553250;	0.999999689555607;	0.999999779800286;	0.999999681023660;	0.999999906656159;	0.999999993749117;	0.999999998552490;	0.999999999481539;	0.999999999797079;	0.999999999902007;	0.999999999942222;	0.999999999962655;	0.999999999974690;	0.999999999982530;	0.999999999986427;	0.999999999988438;	0.999999999989482;	0.999999999989885;	0.999999999989657;	0.999999999989327;	0.999999999988753;	0.999999999988084;	0.999999999986913;	0.999999999985467;	0.999999999983729;	0.999999999982225;	0.999999999980391;	0.999999999978789;	0.999999999976743;	0.999999999974258;	0.999999999971259;	0.999999999967118;	0.999999999965029;	0.999999999964482;	0.999999999962740;	0.999999999958885;	0.999999999954985;	0.999999999949789;	0.999999999944916;	0.999999999940799;	0.999999999922796;	0.999999999904794;	0.999999999861005;	0.999999999748210;	0.999999999467717;	0.999999997469905;	0.999999987721318;	0.999999951564865;	0.999999986623783
0.999999999999963;	0.999999999999963;	0.999999999999963;	0.999999999999963;	0.999999999999963;	0.999999999999963;	0.999999999999963;	0.999999999999963;	0.999999999999963;	0.999999999999963;	0.999999999999963;	0.999999999999963;	0.999999999999963;	0.999999999999963;	0.999999999999963;	0.999999999999963;	0.999999999999963;	0.999999999999963;	0.999999999999963;	0.999999999999963;	0.999999999999963;	0.999999999999963;	0.999999999999963;	0.999999999999963;	0.999999999999963;	0.999999999999963;	0.999999999999963;	0.999999999999963;	0.999999999999963;	0.999999999999963;	0.999999999999963;	0.999999999999963;	0.999999999999963;	0.999999999999963;	0.999999999999963;	0.999999999999963;	0.999999999999963;	0.999999999999963;	0.999999999999963;	0.999999999999963;	0.999999999999963;	0.999999999999963;	0.999999999999963;	0.999999999999963;	0.999999999999963;	0.999999999999963;	0.999999999999963;	0.999999999999963;	0.999999999999963;	0.999999999999963
