0.811033899739259;	0.372216723427803;	0.000000157923146;	0.000000069897904;	0.000022208726314;	0.000015399905053;	0.000003178637007;	0.004735234680054;	0.005560234573899;	0.002882190421170;	0.004497092719614;	0.000054811770929;	0.000022273212489;	0.000022779501521;	0.000026915997558;	0.000042440614499;	0.000113710360998;	0.000137302381333;	0.000176251405221;	0.000234689617192;	0.000246665069404;	0.000431729290926;	0.000650403233410;	0.000575157738051;	0.000687939756830;	0.001377590095052;	0.002005360544897;	0.001842433771235;	0.002390220771214;	0.003657988717811;	0.004767185073748;	0.007160119024338;	0.007718159736195;	0.007997902543234;	0.010785304138348;	0.015413037335303;	0.020100454626124;	0.026938196728944;	0.033356274073275;	0.039536434535731;	0.046167777777010;	0.051619585534590;	0.053663975560631;	0.061358116538584;	0.071119461159234;	0.083010755086532;	0.097380490641073;	0.109917474265621;	0.126307510453015;	0.139235203264382;	0.152041198298881;	0.167825288805692;	0.186089172493167;	0.205443837474737;	0.224426669566767;	0.244174113791132;	0.262582339383852;	0.281189838090624;	0.311293179786847;	0.325500541368801;	0.344744367669443;	0.364946377947638;	0.382611367447671;	0.398233172658316;	0.416778604078934;	0.429494398206065;	0.448164715619090;	0.468651892558283;	0.487720403907618;	0.507902050282364;	0.528265179850665;	0.548783797536353;	0.569857963371704;	0.594428053176046;	0.626280095257734;	0.659708224023004;	0.695961195112373;	0.723803054759418;	0.936191446929335;	0.008943626093208
0.813663727700989;	0.380607238770433;	0.000000558439766;	0.000000246898234;	0.000077631524361;	0.000051408127400;	0.000010891223310;	0.004744096587618;	0.005570280676150;	0.002890868279317;	0.004511820526351;	0.000115001075184;	0.000049937635983;	0.000049413106450;	0.000055854537510;	0.000084549395232;	0.000201704517771;	0.000234363158142;	0.000294817398964;	0.000380323708267;	0.000398895782464;	0.000661650377518;	0.000974027124016;	0.000860631356640;	0.001006081973934;	0.001938269753053;	0.002758264337259;	0.002530122527504;	0.003227469448819;	0.004836776617072;	0.006223440142582;	0.009164768357449;	0.009812829145375;	0.010105654097235;	0.013444794913064;	0.018905940049074;	0.024362960115393;	0.032223161186131;	0.039531565754096;	0.046507188163292;	0.053938292897236;	0.060015216471801;	0.062059642611896;	0.070468563623484;	0.081150384141121;	0.094070580906781;	0.109582396226668;	0.123062247985515;	0.140547811539256;	0.154284537507517;	0.167836739553128;	0.184457517241505;	0.203587768840610;	0.223747055463517;	0.243432258890071;	0.263826116561226;	0.282763847612119;	0.301839951799568;	0.318198971603475;	0.332487138216986;	0.351881167050264;	0.372223212439533;	0.390004198333367;	0.405735284461148;	0.424380934698171;	0.437121515859922;	0.455872748510279;	0.476438606409438;	0.495585693185212;	0.515816857988034;	0.536210427222568;	0.556751415748878;	0.577824721107497;	0.602343905649932;	0.634033075641440;	0.667202378134504;	0.703035047716511;	0.730385840429750;	0.937624638850813;	0.010666229732421
0.819725183229641;	0.390460952180537;	0.000001998729115;	0.000000846659407;	0.000254384364191;	0.000156873403278;	0.000033228614761;	0.004766479676830;	0.005591774542467;	0.002909714272198;	0.004538816997294;	0.000213640389845;	0.000097270109727;	0.000092979690894;	0.000100736443436;	0.000146787764613;	0.000317896393267;	0.000356977156136;	0.000440200946934;	0.000552635803070;	0.000576802998762;	0.000915632183697;	0.001321781571334;	0.001163986112611;	0.001334203090402;	0.002493473143205;	0.003483761694653;	0.003185248512645;	0.004006282712998;	0.005904514297952;	0.007516351089725;	0.010901183652264;	0.011598840337942;	0.011874722295148;	0.015630749638002;	0.021711633737492;	0.027719375951422;	0.036299536920221;	0.044210947102311;	0.051704415630977;	0.059641063821832;	0.066087450634573;	0.068038564456524;	0.076846801491316;	0.088056853620939;	0.101557629661686;	0.117701993865589;	0.131669449636306;	0.149712649404799;	0.163813131176542;	0.177676473972599;	0.194645361730033;	0.214124771064219;	0.234580987453519;	0.254491258261883;	0.275065282232138;	0.294107564272640;	0.313244452532543;	0.333221286631422;	0.347501248951486;	0.367025726117728;	0.387465585968780;	0.405286520733910;	0.421034000970218;	0.439660990864232;	0.452217518521768;	0.470878389464532;	0.491328149967066;	0.510337041103175;	0.530353811264310;	0.550482386163059;	0.570743851262331;	0.591503999506207;	0.615637299199692;	0.646781976047576;	0.679300375941603;	0.714274962455207;	0.740701409374612;	0.939837451897129;	0.012361313210238
0.831925867067115;	0.401524867974888;	0.000007280246556;	0.000002969633965;	0.000853227795903;	0.000493312147488;	0.000104955590069;	0.004830307600988;	0.005644602088503;	0.002957433538147;	0.004597503289837;	0.000409115861393;	0.000195974534866;	0.000181057032226;	0.000187894065815;	0.000263454442246;	0.000515425045220;	0.000558945511365;	0.000675470105528;	0.000825019121208;	0.000857725732415;	0.001299835587974;	0.001839742905828;	0.001615938703427;	0.001814629518743;	0.003284454012916;	0.004502498087860;	0.004105732864615;	0.005088771458001;	0.007369244979111;	0.009278041379413;	0.013241802304800;	0.014000909333610;	0.014249236415962;	0.018545946893743;	0.025423344458417;	0.032137946843503;	0.041637622401631;	0.050324786937194;	0.058491005353705;	0.067088879415660;	0.074030010594920;	0.075867559168103;	0.085199077265930;	0.097107640998210;	0.111378223281648;	0.128363985958595;	0.142999276888831;	0.161811738042913;	0.176453797814135;	0.190800496615256;	0.208302654702433;	0.228318060437112;	0.249249325197941;	0.269550634949894;	0.290465011735543;	0.309756607416185;	0.329092175758620;	0.348886057957850;	0.363098624825374;	0.382698956160892;	0.403181738047364;	0.420992946891710;	0.436713084910020;	0.455279727201963;	0.467619601460294;	0.486168186646395;	0.506491821948243;	0.525369481429531;	0.545193616622613;	0.565090252742116;	0.585105156334683;	0.605579200356134;	0.629338989025281;	0.659924065624301;	0.691744580945001;	0.725788085059709;	0.751204654895977;	0.942073114079085;	0.014385330679424
0.858147397017478;	0.414011667296007;	0.000026804692060;	0.000010547505278;	0.002995521641538;	0.001561643480554;	0.000335796681963;	0.005011649881808;	0.005773287529125;	0.003076849834634;	0.004722910958268;	0.000780201058236;	0.000397441246797;	0.000354202776693;	0.000352073618397;	0.000474920930690;	0.000838756508452;	0.000878257775798;	0.001039822611979;	0.001235866213913;	0.001279850944742;	0.001851046145930;	0.002569278289751;	0.002250882227975;	0.002475889605345;	0.004340298098691;	0.005838563400880;	0.005309995895185;	0.006485102670383;	0.009227616749846;	0.011490529957939;	0.016139402591220;	0.016957287412907;	0.017155104356024;	0.022076795743732;	0.029864888384965;	0.037377896567204;	0.047907932695117;	0.057459126481730;	0.066371000575632;	0.075698662568504;	0.083183148365465;	0.084856063627237;	0.094740698218187;	0.107401637913755;	0.122498497604753;	0.140383911979011;	0.155731131882125;	0.175334540503175;	0.190511298299280;	0.205329668409274;	0.223357082737521;	0.243907819941781;	0.265310828219707;	0.285997481802591;	0.307244712696310;	0.326776391821532;	0.346301006113036;	0.365956673315953;	0.380083231679567;	0.399754589485323;	0.420275524919618;	0.438075251907860;	0.453768426667681;	0.472265614071745;	0.484361016414905;	0.502768271571996;	0.522922943127176;	0.541613666160958;	0.561171228094697;	0.580751348876474;	0.600443780553305;	0.620569674534406;	0.643907829757846;	0.673900854891636;	0.705017510708181;	0.738145717641577;	0.762581512134147;	0.944515761920367;	0.017073545166352
0.912598572115780;	0.428089444887761;	0.000099533071842;	0.000037866845935;	0.003067793823726;	0.005225950812786;	0.001075938035800;	0.005531796277495;	0.006088727840062;	0.003377434298971;	0.004992177684699;	0.001558991646822;	0.000804228508795;	0.000697045597792;	0.000661909673730;	0.000858521999421;	0.001368277571546;	0.001383080214179;	0.001603831692112;	0.001854714520910;	0.001913039985249;	0.002639977530390;	0.003593661561921;	0.003139979160622;	0.003382633534911;	0.005743230746464;	0.007581616393286;	0.006876897362878;	0.008275556347855;	0.011569909524887;	0.014249565097238;	0.019698764522148;	0.020566607624896;	0.020681679361419;	0.026315780436258;	0.035130319166129;	0.043531471009458;	0.055198157557322;	0.065696191088123;	0.075420504905710;	0.085539506820077;	0.093609583239385;	0.095053944602349;	0.105509016964587;	0.118964082684743;	0.134929487971827;	0.153756316603237;	0.169845173546089;	0.190268464160592;	0.205998042825372;	0.221299842566163;	0.239858365200664;	0.260943646653648;	0.282810616247997;	0.303870636796447;	0.325434289449306;	0.345185020182379;	0.364872781529790;	0.384397247656227;	0.398385059530969;	0.418080846649105;	0.438586441048579;	0.456320455838831;	0.471934686429042;	0.490309074197893;	0.502112162241250;	0.520347019089661;	0.540315703314168;	0.558822909433885;	0.578130143381915;	0.597414582600754;	0.616786811547977;	0.636537395690903;	0.659384092609875;	0.688658157941275;	0.718898137917159;	0.750891891137039;	0.774112889528722;	0.946940246615487;	0.019783044457640
0.927374494316415;	0.443731173344322;	0.000372073136498;	0.000137191770356;	0.003314935931585;	0.005509744416184;	0.003688759197359;	0.007011157853280;	0.006867968626381;	0.004140704227086;	0.005572136668864;	0.002178395344835;	0.001679600662346;	0.001361006854718;	0.001248773566141;	0.001557459531672;	0.002235311254430;	0.002180151455623;	0.002475649842313;	0.002785868321164;	0.002861840190132;	0.003767271184650;	0.005029248242671;	0.004382398025307;	0.004623565158961;	0.007603175691502;	0.009850011405536;	0.008910463430603;	0.010565062561080;	0.014513460537643;	0.017679416312700;	0.024055998043191;	0.024957083283512;	0.024945299361894;	0.031384010380194;	0.041344539314135;	0.050723094220885;	0.063629740590712;	0.075152460226631;	0.085749336887634;	0.096712950398266;	0.105402180232448;	0.106536528450981;	0.117564059540496;	0.131839945434078;	0.148698502275051;	0.168487958273989;	0.185328927150113;	0.206577060408978;	0.222858618130593;	0.238638400910068;	0.257714230431105;	0.279310256255581;	0.301609091213031;	0.323006255957153;	0.344845584091687;	0.364773279509855;	0.384581560985675;	0.403983149407167;	0.417787872765727;	0.437476465764316;	0.457937404117671;	0.475581992856556;	0.491094049453790;	0.509304353119119;	0.520744903422844;	0.538718068422209;	0.558380642405177;	0.576554230474930;	0.595430816647602;	0.614225814449891;	0.633107552962589;	0.652344531585048;	0.674595762701923;	0.703091786680378;	0.732448492263181;	0.763347836289705;	0.785427389282429;	0.949323641316109;	0.023551511443571
0.948659625964360;	0.461116036918665;	0.001398433497381;	0.000500932853770;	0.003938425161613;	0.006276546438503;	0.003979673877155;	0.011688478984100;	0.008774066504484;	0.006040496292548;	0.006831436499752;	0.003137779011899;	0.002735968392051;	0.002779450541443;	0.002345170475252;	0.002805143892524;	0.003654578676099;	0.003442488778789;	0.003827633727649;	0.004186205360674;	0.004281965620378;	0.005378153752527;	0.007040181196785;	0.006117893133244;	0.006319672665034;	0.010064395840452;	0.012795091602721;	0.011543101415262;	0.013485446379344;	0.018202148462198;	0.021930054289538;	0.029371031441316;	0.030278278653253;	0.030080663480405;	0.037419334797308;	0.048646535004179;	0.059088868379076;	0.073332531649137;	0.085950289144414;	0.097470938559617;	0.109321993581919;	0.118654058039611;	0.119378819785408;	0.130964983225655;	0.146072772873814;	0.163830422154491;	0.184582057452240;	0.202166438797011;	0.224221316974112;	0.241035778420333;	0.257271206251974;	0.276833114674691;	0.298899300579885;	0.321582247954658;	0.343265800259461;	0.365323955336213;	0.385366917303649;	0.405224502069423;	0.424483816460921;	0.438006464963951;	0.457581456921128;	0.477876750109757;	0.495306576133707;	0.510593042551490;	0.528521831712680;	0.539514423492508;	0.557160187910653;	0.576476115712802;	0.594309889347830;	0.612778001292172;	0.631129564758109;	0.649564967047265;	0.668325376431147;	0.690009391267718;	0.717737633218141;	0.746206467817968;	0.775992281746652;	0.796924453930599;	0.951738232316829;	0.027237114490270
0.958726814759321;	0.480221878399591;	0.005279916627034;	0.001841507481973;	0.006077940787108;	0.008528735118104;	0.004645162066261;	0.012407695936100;	0.013944051483465;	0.011463874149515;	0.009512581452788;	0.004761791426712;	0.004256485796141;	0.004081399336824;	0.004523997919051;	0.005204640448483;	0.005994898687345;	0.005427882574957;	0.005906068669753;	0.006301695177672;	0.006419297942902;	0.007677658175730;	0.009852126801472;	0.008536053320873;	0.008638047613618;	0.013319736854678;	0.016615366795664;	0.014948451174872;	0.017203760028235;	0.022814612158304;	0.027185093865778;	0.035835210723727;	0.036707474288297;	0.036247568802161;	0.044582735807203;	0.057195611992260;	0.068782599481974;	0.084450584450828;	0.098223063854618;	0.110706344622951;	0.123473614525300;	0.133459557489144;	0.133655508802243;	0.145769779918169;	0.161703613018859;	0.180346544780877;	0.202037257737035;	0.220336549699669;	0.243154943298710;	0.260460508548526;	0.277104389386905;	0.297090463308150;	0.319548580871595;	0.342526901229843;	0.364404189772153;	0.386583987417724;	0.406651264712852;	0.426473721206010;	0.445557302834318;	0.458738972264234;	0.478159901752167;	0.498264213313585;	0.515473409166070;	0.530544412357142;	0.548201536498691;	0.558751271700080;	0.576073382676381;	0.595039876531290;	0.612527771415608;	0.630572186404391;	0.648459492420825;	0.666424508499377;	0.684681910131193;	0.705767889337783;	0.732690149809491;	0.760232470304406;	0.788864308669146;	0.808604953197607;	0.954185421215375;	0.032445199729061
0.964303238172653;	0.501051697174134;	0.020002701711773;	0.006810989421229;	0.008011586104709;	0.009924257621482;	0.006774906199592;	0.014018267346787;	0.015222942752899;	0.012707840242489;	0.016010845221619;	0.007793700916971;	0.006958366806290;	0.005888725239854;	0.006761498722930;	0.007206446529676;	0.009537987706899;	0.008655021307086;	0.009224455757516;	0.009449569976934;	0.009573002797029;	0.010981034506996;	0.013808641129724;	0.011933542002937;	0.011802609364244;	0.017618179454921;	0.021560069485799;	0.019341884817043;	0.021937321279865;	0.028579703070032;	0.033677556623144;	0.043687720593415;	0.044465927832199;	0.043640956335182;	0.053069201233529;	0.067183549016600;	0.079989213219204;	0.097157322303653;	0.112132027606686;	0.125602796012877;	0.139299262705389;	0.149936391364267;	0.149463211370178;	0.162059278176736;	0.178798222589163;	0.198294133708639;	0.220880375039996;	0.239851740474622;	0.263374684016465;	0.281121534515556;	0.298124554934548;	0.318480688571471;	0.341275378314665;	0.364495310164243;	0.386520297593189;	0.408780589993593;	0.428842218878534;	0.448603620399505;	0.467485416209567;	0.480291747034640;	0.499529678507152;	0.519410384949949;	0.536367985775161;	0.551194173751245;	0.568543049733632;	0.578612327448584;	0.595574042511137;	0.614152145962918;	0.631259075669516;	0.648843755898627;	0.666232940364200;	0.683694781892030;	0.701416386144841;	0.721868271282023;	0.747940449390125;	0.774510627878259;	0.801940782545309;	0.820487484763591;	0.956666605437847;	0.037471731519246
0.968749454659970;	0.522348800229969;	0.073467422015690;	0.025318710961664;	0.014744661412598;	0.012954800829584;	0.007802850253197;	0.016281024775789;	0.018130649945463;	0.015593493756067;	0.017809243869338;	0.014261107236256;	0.013037738258099;	0.009058129758069;	0.010112754857284;	0.009740470177105;	0.013033507277203;	0.012753662820539;	0.013294360036306;	0.014429416444260;	0.014583852486080;	0.015627764731388;	0.019254080954657;	0.016566158795174;	0.016154569164740;	0.023331180292816;	0.028001437290087;	0.025051743614326;	0.027955528952105;	0.035775743541712;	0.041687721233970;	0.053211745593656;	0.053813285212059;	0.052503926914407;	0.063121590848950;	0.078850374650508;	0.092942990110934;	0.111677929131044;	0.127893710405690;	0.142366624652785;	0.156994656284911;	0.168272857339100;	0.166972044156813;	0.179998908246152;	0.197521181649007;	0.217840850041162;	0.241286377494013;	0.260899993443629;	0.285081885385628;	0.303234005828969;	0.320560212687311;	0.341241511399185;	0.364318210030538;	0.387720762367507;	0.409835186881918;	0.432115332073704;	0.452114869404446;	0.471758652971164;	0.490392539555094;	0.502762693305241;	0.521765322919358;	0.541370145216904;	0.558030535310065;	0.572572892629381;	0.589570657250196;	0.599118022938468;	0.615680512358909;	0.633829807071609;	0.650519569304840;	0.667607051134681;	0.684462511272767;	0.701387322479704;	0.718540252834818;	0.738322554481413;	0.763501766130249;	0.789056455526895;	0.815239070123052;	0.832536953680962;	0.959178710707960;	0.044644296879488
0.973136658597061;	0.543922216220371;	0.098393060656297;	0.091531328101740;	0.035477095199422;	0.020057873209734;	0.011051459237109;	0.018112742668965;	0.019726603227882;	0.016945231599299;	0.021362407681204;	0.017229655902981;	0.015754482968658;	0.015997184922268;	0.016948553587782;	0.014099754145146;	0.017875217659553;	0.016908536388947;	0.017464804647457;	0.019728764901730;	0.019621906198680;	0.022709186864128;	0.027371398499538;	0.023562198633446;	0.021997885178719;	0.030765476639727;	0.036215032449660;	0.032296619127069;	0.035650946403222;	0.044805235017279;	0.051618603733995;	0.064812687639417;	0.065125349375769;	0.063133279432727;	0.075035879749788;	0.092488746124307;	0.107930563402550;	0.128290371335055;	0.145778803683286;	0.161262463310211;	0.176819202694619;	0.188725379725604;	0.186415110980676;	0.199812011473510;	0.218091832520737;	0.239198055194133;	0.263456282359442;	0.283671037020922;	0.308451490149409;	0.326957959923041;	0.344555065073665;	0.365499011781076;	0.388786259120469;	0.412295649425611;	0.434425981512253;	0.456651816006382;	0.476522126443146;	0.495983156562637;	0.514311235918695;	0.526177799713600;	0.544887594765780;	0.564159138753047;	0.580471859890209;	0.594686444149944;	0.611285009480108;	0.620264602296543;	0.636384673050599;	0.654059933001489;	0.670291589884662;	0.686839889794013;	0.703121352572860;	0.719469447100987;	0.736013926863055;	0.755083350166240;	0.779317802626913;	0.803803974289014;	0.828684969774315;	0.844768837233578;	0.961720887977067;	0.051487433365876
0.978341603944749;	0.565781255295127;	0.115872867078794;	0.110085228350616;	0.107354511065700;	0.042385183837309;	0.017647889504523;	0.021911598294567;	0.023045722853248;	0.019808355882473;	0.023533534118358;	0.021872687526556;	0.019867437009251;	0.019458305899162;	0.020829976155330;	0.021072509292269;	0.026409913745809;	0.023036937298870;	0.023582394550772;	0.025639070029566;	0.025025704113983;	0.029455251488275;	0.035141493560570;	0.029663527536583;	0.030537235900460;	0.041177008145799;	0.047468761024109;	0.042232715106970;	0.045336618908579;	0.055977449324901;	0.063777223410241;	0.078791191700896;	0.078665571966943;	0.075909160323468;	0.089185129466388;	0.108462070658301;	0.125303184567134;	0.147330936920860;	0.166110236726579;	0.182596747156194;	0.199060948317041;	0.211563621779964;	0.208022397769548;	0.221729926849235;	0.240725098133085;	0.262563505222459;	0.287569782840184;	0.308329357884275;	0.333630518949227;	0.352426266514787;	0.370228933015003;	0.391359940430246;	0.414773508046916;	0.438302020377679;	0.460364125829085;	0.482451682410856;	0.502117223629918;	0.521322502243649;	0.539280538757341;	0.550568965589484;	0.568922324249755;	0.587797316855174;	0.603706591973498;	0.617544525952690;	0.633690649143356;	0.642052489686579;	0.657682787105191;	0.674834541665825;	0.690563613695025;	0.706527994391497;	0.722193074157165;	0.737924535922256;	0.753822651508380;	0.772139021502086;	0.795381098313592;	0.818751102252906;	0.842280523101818;	0.857077715799156;	0.964279394543764;	0.061365733156062
0.983230876445781;	0.588013557567119;	0.163884905073065;	0.124295046273374;	0.122326397857176;	0.114950473008426;	0.039671668011008;	0.030591860447881;	0.028511663694024;	0.024318871177550;	0.027499954669605;	0.026398250716988;	0.023571986885405;	0.023563060700852;	0.025396103195438;	0.025597623008191;	0.032541485802473;	0.032409241049517;	0.032673049281464;	0.034595105710068;	0.033221750406883;	0.038082822323439;	0.044980284032730;	0.037398633473058;	0.038576833583067;	0.051344221456514;	0.058474424317179;	0.051799241574138;	0.058196394650966;	0.070458181986399;	0.079276303513483;	0.096208026310884;	0.095395683335612;	0.091213982888108;	0.105944536223338;	0.127128554089731;	0.145399214644637;	0.169108306711819;	0.189166122508570;	0.206614830752558;	0.223929199796755;	0.236965194026311;	0.231920208300420;	0.245934951184151;	0.265580528480208;	0.288071727886529;	0.313734574773971;	0.334959538059248;	0.360678612854275;	0.379678179461374;	0.397602103066841;	0.418825416774850;	0.442262089956949;	0.465704092195203;	0.487597478785945;	0.509447501633963;	0.528819671218621;	0.547684286725312;	0.565200482966643;	0.575826593608189;	0.593751609064054;	0.612159155840044;	0.627602756870502;	0.641009067057307;	0.656644340509446;	0.664336063032070;	0.679426419146936;	0.696001351584234;	0.711179244240014;	0.726512023972051;	0.741515949051994;	0.756587132060688;	0.771796279150816;	0.789314599333812;	0.811511798782578;	0.833712914063297;	0.855839866923141;	0.869479815395319;	0.966851267598128;	0.070641219545394
0.984182740483369;	0.610377364407661;	0.344369440564363;	0.172125520276730;	0.136971803807418;	0.127902490016775;	0.112603159206737;	0.055806466976970;	0.041637529051407;	0.035345082040319;	0.034435460808776;	0.033170292671144;	0.028613435827255;	0.028038253871404;	0.030693259117383;	0.031192940015845;	0.039736347251729;	0.040304825067241;	0.040562282261631;	0.045513566811353;	0.042634343825135;	0.051162023373793;	0.059550513016798;	0.048516198012879;	0.049516559794761;	0.064780851623239;	0.072839169732052;	0.064271481024142;	0.071452564415137;	0.085512586743174;	0.095517620557149;	0.114462135620658;	0.112752523850900;	0.109511753167010;	0.125675419659990;	0.148740702834072;	0.168380841629761;	0.193685328433326;	0.214918342626688;	0.233210563142707;	0.251248279144374;	0.264705763862705;	0.257853866089698;	0.272520695530746;	0.292732483727897;	0.315774733362617;	0.341977940955817;	0.363569179999467;	0.389583817175523;	0.408688897203174;	0.426639479012037;	0.447850702374675;	0.471198550043278;	0.494441304186042;	0.516060590854902;	0.537570661199876;	0.556560084082916;	0.574999469239711;	0.592001597284970;	0.601882990749100;	0.619310618723464;	0.637183011256669;	0.652102385695446;	0.665025916165923;	0.680095583249142;	0.687070628096544;	0.701575973264607;	0.717525479005628;	0.732108826263902;	0.746768095694892;	0.761070978227774;	0.775444906457661;	0.789931439906495;	0.806616039997379;	0.827725409313587;	0.848715034354928;	0.869394203194751;	0.881765360588286;	0.969410794339551;	0.084275876459893
0.984662649336802;	0.622889998964545;	0.975993801469735;	0.351967919975212;	0.186669977531298;	0.143913537980181;	0.122545396283008;	0.132130131718691;	0.074843315732993;	0.063961669832512;	0.049324070897922;	0.044886739526911;	0.037123048318322;	0.033439440309442;	0.037284576974173;	0.036642182374982;	0.049098195383021;	0.049985160197991;	0.050153876924649;	0.057613452483021;	0.052714905343544;	0.063101088789614;	0.073038048180532;	0.061042571284838;	0.064114633841057;	0.082048553567891;	0.090475143366477;	0.079352227315333;	0.088403746080628;	0.104384034865618;	0.115612328634616;	0.136625577192296;	0.133731551473401;	0.129164745025526;	0.146901826425935;	0.171919310017151;	0.193009424579396;	0.219914684232187;	0.242295731287841;	0.261410751642305;	0.280132932631757;	0.293990073355029;	0.285076129708242;	0.301180108287277;	0.321872364355413;	0.345354671942598;	0.371963697912523;	0.393802531023569;	0.419974135566053;	0.439075585594255;	0.456949948266334;	0.478036865131579;	0.501177269854928;	0.524103551115450;	0.545340331966893;	0.566405900541146;	0.584923007444773;	0.602852786196798;	0.619271477821141;	0.628327034504099;	0.645189889892165;	0.662460602907980;	0.676798469488403;	0.689187209705245;	0.703636927759472;	0.709853557401647;	0.723731440859344;	0.739006339988600;	0.752949462051422;	0.766893996230552;	0.780458210190082;	0.794097202191013;	0.807824992359598;	0.823638551532051;	0.843616972810028;	0.863352960902689;	0.882549705936209;	0.893991129442913;	0.971956194133827;	0.096758609365640
0.985185336051216;	0.635167668088749;	0.977676595573317;	0.980362102788240;	0.367983816518173;	0.197374120828197;	0.137950667253152;	0.140777892088397;	0.162098722956675;	0.142970737262928;	0.082669936176324;	0.067604545606338;	0.054001974340441;	0.043043477715531;	0.048567082634440;	0.044650172304471;	0.061208882958634;	0.061710316408975;	0.061610537411694;	0.071997268321612;	0.063865419701936;	0.077673835231469;	0.089449500999884;	0.075459104789523;	0.079341410747128;	0.100349109835084;	0.111795409093128;	0.097491871532026;	0.108355076354992;	0.126345846912000;	0.138856505702986;	0.161919735918869;	0.157263924273554;	0.152517347693069;	0.171815154733708;	0.198738925199305;	0.221205937365076;	0.249591473087155;	0.272987978746081;	0.292781340052949;	0.312032139254044;	0.326155053346195;	0.314913097179237;	0.331544966315984;	0.352686448591267;	0.376537508630584;	0.403443780489652;	0.425433040133110;	0.451643191412986;	0.470654526197030;	0.488372096689091;	0.509242244586411;	0.532074707682338;	0.554583854391964;	0.575346154278853;	0.595878915763512;	0.613849877712522;	0.631200605023668;	0.646980490179177;	0.655141861771752;	0.671385428868230;	0.688000574134567;	0.701712160365169;	0.713526810138293;	0.727313380953382;	0.732744164132083;	0.745963724119435;	0.760526663010550;	0.773796612661507;	0.786997012287571;	0.799793154196629;	0.812671578966344;	0.825620583798311;	0.840540814064641;	0.859358946339981;	0.877812814891704;	0.895493760013511;	0.905722362137376;	0.974437957435100;	0.115655542295111
0.985743525033970;	0.647501782375462;	0.978570563729890;	0.981389429601860;	0.991915778375825;	0.382848776061068;	0.189780270923087;	0.160695960119319;	0.191163698161019;	0.153004576601779;	0.160936352740789;	0.112952219700524;	0.088891915038792;	0.061237862443303;	0.069037541103116;	0.057334623271629;	0.080312648078984;	0.078421632317754;	0.077630592377224;	0.090604205635153;	0.077451134098126;	0.094881445292556;	0.108572042726363;	0.091129797655608;	0.097495451168112;	0.121884518242949;	0.136541095467984;	0.118143365371552;	0.130842547367068;	0.151031266484375;	0.164940377940937;	0.190126850916619;	0.185300256674464;	0.179034227546563;	0.199931280368986;	0.228718651594875;	0.252531736201021;	0.282280703576727;	0.306565765862948;	0.326914806337802;	0.346557055193919;	0.360840777116707;	0.346707316306333;	0.364458229694245;	0.385905694029714;	0.409954248200738;	0.436961730014750;	0.458934499965075;	0.484992936387376;	0.503765597997268;	0.521186601185058;	0.541689460718052;	0.564056766166918;	0.585997265497795;	0.606145427766437;	0.626010547978712;	0.643321137207922;	0.659986178770262;	0.675038616761623;	0.682206695661079;	0.697747747179131;	0.713625326667264;	0.726640031021987;	0.737816501544346;	0.750875277033738;	0.755479806998206;	0.767988480933009;	0.781780328718936;	0.794321971773416;	0.806729216403250;	0.818716796987477;	0.830791179481276;	0.842916878328715;	0.856900395650292;	0.874512104930069;	0.891641380688113;	0.907784332030812;	0.917217581060375;	0.976870600349072;	0.132210209082758
0.986314096074009;	0.660082235539038;	0.979539781766632;	0.982209061177156;	0.992792965748003;	0.993305405448299;	0.372839882006804;	0.221797656750372;	0.267015456015536;	0.179341053144543;	0.177739096911517;	0.207878045097456;	0.167080128406688;	0.098186884219145;	0.108472934373508;	0.080041263228360;	0.110674649488096;	0.103508266585346;	0.101063517336257;	0.116926731506109;	0.095805006207638;	0.117936457681778;	0.133734177468844;	0.110769497890145;	0.119149296860414;	0.147273471126033;	0.165134417638941;	0.141535342245491;	0.156271508625794;	0.178755353640729;	0.194108424731191;	0.221371675778414;	0.216099967592288;	0.208760860302452;	0.231187623917085;	0.261735403244083;	0.286774377530682;	0.317715951589745;	0.342704576500668;	0.363433780556665;	0.383293566263933;	0.397626297553960;	0.381581039628582;	0.399775279921205;	0.421428379096023;	0.445530812535391;	0.472460700891942;	0.494268658594688;	0.519998571112227;	0.538403026068318;	0.555408633336912;	0.575413387510930;	0.597177740538666;	0.618413091185572;	0.637824686706368;	0.656907735835068;	0.673462130317111;	0.689352869162811;	0.703606512595882;	0.709696740826800;	0.724468379577919;	0.739544356068265;	0.751809874161682;	0.762304143257477;	0.774586040757493;	0.778345560380582;	0.790109401533394;	0.803090827002678;	0.814871048592867;	0.826455170823237;	0.837600867916973;	0.848846008138259;	0.860132950982256;	0.873160758102839;	0.889539137572460;	0.905318732728039;	0.919886205860034;	0.927893282773220;	0.979194612806187;	0.158010391963542
0.986918342848487;	0.672935238336100;	0.980481676540231;	0.983100318072759;	0.993593362363255;	0.993806854172254;	0.991700131381009;	0.414602108403852;	0.469559609336436;	0.251042015960660;	0.216388207311539;	0.255664002778370;	0.186803275306515;	0.175424768107164;	0.186682367777638;	0.121808824423597;	0.161533020902337;	0.143309341676812;	0.137359969587423;	0.155523709451995;	0.121930036567641;	0.149302956397080;	0.167070678158102;	0.135744578692713;	0.147244661574269;	0.179293046590182;	0.200126192651842;	0.169652179939860;	0.186419402214287;	0.211250574432186;	0.228044896019099;	0.257235119005885;	0.250901013455228;	0.241519435392921;	0.265395373344510;	0.297557856080866;	0.323689174978549;	0.355614802176577;	0.381093987654350;	0.402012939479271;	0.421902544520228;	0.436171522280729;	0.417922354234443;	0.436806869129043;	0.458478516659092;	0.482434402964735;	0.509056927240671;	0.530507579473811;	0.555712991854803;	0.573606001024000;	0.590060327271494;	0.609416898045429;	0.630419167658622;	0.650812624307835;	0.669359243325794;	0.687528192852492;	0.703225375837354;	0.718249091107022;	0.731628865702144;	0.736560291509273;	0.750495749300977;	0.764699737844764;	0.776157969372375;	0.785915167091820;	0.797372346559063;	0.800287689481891;	0.811263440006887;	0.823382578820378;	0.834351244425066;	0.845074211700249;	0.855365924007212;	0.865751205084239;	0.876155112006001;	0.888191839724772;	0.903307612326356;	0.917717398455590;	0.930747713693222;	0.938448431043678;	0.981458107112744;	0.179687209422822
0.987531813752912;	0.686080893112553;	0.981503463212278;	0.983970630986953;	0.994195661017215;	0.994361622490344;	0.992488863777727;	0.997723702753904;	0.998635157976327;	0.450902114650605;	0.305252158931736;	0.354958043552295;	0.229643395097768;	0.197314146004735;	0.211849346600355;	0.197346180629707;	0.243250228329552;	0.206967876190539;	0.193814049534801;	0.213148930680989;	0.160703066205014;	0.194012497768900;	0.213257730336434;	0.169679233563642;	0.184064225691804;	0.219969465326780;	0.243369847088203;	0.203982724849914;	0.222837099103254;	0.249895647666490;	0.267996505364286;	0.298739958201298;	0.290611940051701;	0.278945423714306;	0.304070699770750;	0.337567157706122;	0.364537040013091;	0.397106932194475;	0.422760651649372;	0.443576675828753;	0.463211413773842;	0.477218342359336;	0.456165918804030;	0.475351005749823;	0.496852541376883;	0.520453537208716;	0.546527265842921;	0.567422277562278;	0.591899588764509;	0.609137026074278;	0.624905199299375;	0.643463818859797;	0.663545344526759;	0.682961285598914;	0.700517482767878;	0.717644515935880;	0.732388622898611;	0.746458285391884;	0.758895131506920;	0.762592202210744;	0.775631649710442;	0.788900708069076;	0.799501952617233;	0.808476413600156;	0.819069927938988;	0.821166253038738;	0.831319317212033;	0.842534145575487;	0.852652251538857;	0.862487705281539;	0.871923526545266;	0.881431982384192;	0.890927092027955;	0.901958159529401;	0.915805577337518;	0.928851001950885;	0.940396603713079;	0.947436774396194;	0.983546199310069;	0.216015108775382
0.988172436963852;	0.699476055140602;	0.982498165612926;	0.984896748381539;	0.994782639362228;	0.994717924573359;	0.993185051336141;	0.998149994548554;	0.998924960906936;	0.996205223950454;	0.513651611486023;	0.561879072674923;	0.322926998432170;	0.243017460129489;	0.261908824174302;	0.225539887804262;	0.280974488948236;	0.302983170464581;	0.276572032607187;	0.291556492647918;	0.217850489667240;	0.256591666885634;	0.275488704540076;	0.215900621914989;	0.233734537675202;	0.272761709303618;	0.297782395861701;	0.247092387835838;	0.267826018533740;	0.296759678704296;	0.315855852693725;	0.347489401204825;	0.336897628180446;	0.321885951906925;	0.347965920011137;	0.382387020790496;	0.409855958569214;	0.442620309551330;	0.468054173439226;	0.488409639521065;	0.507446076992092;	0.520949335932424;	0.496541266408669;	0.515926680491973;	0.537012024995402;	0.559989480484989;	0.585218986253306;	0.605322515449564;	0.628822155823217;	0.645225353497868;	0.660143730598377;	0.677727797639456;	0.696706133947390;	0.714983547692097;	0.731404945436139;	0.747350103098845;	0.761033469599200;	0.774052779539781;	0.785471422170876;	0.787850114796003;	0.799929794861527;	0.812200639810289;	0.821897348440439;	0.830048953011946;	0.839742532284863;	0.841081262031021;	0.850382864952176;	0.860660058808329;	0.869900184460266;	0.878832206522145;	0.887412776982478;	0.896039383260075;	0.904619493262111;	0.914644800918653;	0.927228942098001;	0.938929600118397;	0.949047912180536;	0.955163445765080;	0.985467140701602;	0.242591994365223
0.988820539463973;	0.713112866952233;	0.983543763980697;	0.985807893704789;	0.995238694238519;	0.995133819330715;	0.993762733428423;	0.998435864774760;	0.999193131704471;	0.996669757304567;	0.994595585945219;	0.995829245149200;	0.530766121056997;	0.339622291730115;	0.362610592047645;	0.279537147965448;	0.345416247794400;	0.370834148531072;	0.319393741983328;	0.337914076151910;	0.292571269530584;	0.335589833812780;	0.350733466207090;	0.278102406071590;	0.298801526527850;	0.339110088581559;	0.364108297851897;	0.301093137600092;	0.323287302529137;	0.353346371121811;	0.372849283723966;	0.404305144364175;	0.391087451299528;	0.371749191142940;	0.398295557425329;	0.433017961291819;	0.460482154507489;	0.492816595737871;	0.517508897521142;	0.536938394724114;	0.554940777326472;	0.567627043485052;	0.539491616319864;	0.558755687137809;	0.579147949025467;	0.601196968073128;	0.625254003978485;	0.644311199361401;	0.666556998200875;	0.681931386503025;	0.695825455362001;	0.712248016143313;	0.729932597111182;	0.746900249674197;	0.762037841020596;	0.776662352657999;	0.789177363572670;	0.801051508436358;	0.811380099823269;	0.812357200900770;	0.823417307058992;	0.834633349515152;	0.843386596280587;	0.850686320879533;	0.859451461697074;	0.860126371931956;	0.868554565522938;	0.877869943747944;	0.886215599347573;	0.894237561709052;	0.901965173255538;	0.909714376348447;	0.917391065478688;	0.926428230255469;	0.937773769885838;	0.948171377631919;	0.956924186762589;	0.962121658629960;	0.987249028896756;	0.279235204272492
0.989484905207795;	0.726942862995327;	0.984575649452901;	0.986744824515641;	0.995671575047559;	0.995461269783225;	0.994280956074428;	0.998694408783564;	0.999354869997599;	0.997016210835956;	0.995185952479472;	0.996512926043918;	0.996057138574984;	0.547178208393126;	0.568103364660348;	0.383871786680974;	0.456539742904598;	0.483496507654834;	0.388479080586233;	0.410047506545149;	0.339050983570882;	0.386124233828163;	0.403604878077612;	0.351408129469271;	0.374648299518508;	0.413764655993998;	0.437034888086380;	0.366755456808279;	0.389562851011372;	0.419546790292452;	0.438582205493197;	0.468470000979051;	0.454269523249507;	0.429101107074670;	0.455428351636521;	0.489615353909640;	0.516424513241932;	0.547557018282223;	0.570895339380693;	0.588875584056123;	0.605370520248547;	0.616905695298126;	0.585110133776521;	0.603934214320830;	0.623308582611229;	0.644078763563865;	0.666598241225039;	0.684332331322418;	0.705022009242649;	0.719158542487563;	0.731845318398624;	0.746911290376404;	0.763106426298547;	0.778587842571795;	0.792293463957308;	0.805465124822196;	0.816709028332561;	0.827349350755867;	0.836524168459268;	0.836019075205145;	0.846007259998779;	0.856121620111841;	0.863904757848699;	0.870337629139066;	0.878156385661023;	0.878360053194803;	0.885900417446305;	0.894239298678000;	0.901684609424821;	0.908799666476652;	0.915681289276031;	0.922566519422622;	0.929361062615416;	0.937428707432977;	0.947552924997716;	0.956675234650153;	0.964107110120349;	0.968416369173284;	0.988899722720930;	0.314247874824689
0.990154897025538;	0.740939316874711;	0.985623246596831;	0.987674547342942;	0.996039821073295;	0.995804919931144;	0.994741687791261;	0.998897900221792;	0.999499795008825;	0.997354004342539;	0.995703782109035;	0.997136625993657;	0.996772594751639;	0.997537926839243;	0.997812676400862;	0.588079088856647;	0.649654934934228;	0.670515132705387;	0.500663212518233;	0.522974378709442;	0.411330695875222;	0.460706851727310;	0.479653684904661;	0.404274616148901;	0.428905285171610;	0.469918671365195;	0.494258249156777;	0.438252113413566;	0.460848040800091;	0.489684859128229;	0.507587580653936;	0.535006875147628;	0.525738304614743;	0.492885952278721;	0.518144533862628;	0.550799420287810;	0.576197258353463;	0.605285983325247;	0.626652154450835;	0.642703716832913;	0.657284604140678;	0.667392931475994;	0.633064705814193;	0.651062931124673;	0.669072734695139;	0.688200903885343;	0.708815781255970;	0.724957105082177;	0.743794365889780;	0.756498397734419;	0.767814040281220;	0.781345756220883;	0.795875464963366;	0.809714191462979;	0.821864214423307;	0.833479016471236;	0.843373162591262;	0.852714753727542;	0.860695994643568;	0.858649979875071;	0.867534877846412;	0.876522237987372;	0.883331413352562;	0.888905052154628;	0.895778570198790;	0.895732866857407;	0.902378712895076;	0.909735231207584;	0.916281976880292;	0.922499208935342;	0.928542099254688;	0.934574828427754;	0.940503316652992;	0.947610425339211;	0.956523091270320;	0.964399517111509;	0.970571398523560;	0.974040057223235;	0.990416980174317;	0.366332188270703
0.990830458316163;	0.755054589614119;	0.986662855296015;	0.988604927341717;	0.996381054307797;	0.996122273076422;	0.995168538362348;	0.999079805388499;	0.999609846201306;	0.997650515777524;	0.996193094412099;	0.997643364369312;	0.997374896511364;	0.998109394422973;	0.998375181788447;	0.998459245415686;	0.998541642588357;	0.998292963786527;	0.683854741084438;	0.700484921305549;	0.524333669099429;	0.571304888724471;	0.589441633207327;	0.480279653462093;	0.505031485864268;	0.545779634289739;	0.569693709223162;	0.495402605312608;	0.518039151962071;	0.546595019210318;	0.564189572053184;	0.590904397349493;	0.600924660292492;	0.558145106044150;	0.581726004776810;	0.612102080042083;	0.635543543813782;	0.662039999930806;	0.681132496484098;	0.695132520523184;	0.707742286885522;	0.716421425613004;	0.681966766122917;	0.698735641174488;	0.715055646979337;	0.732223947989249;	0.750628118881683;	0.764961057281167;	0.781706070957069;	0.792840089570317;	0.802680713523977;	0.814553336951542;	0.827295590336628;	0.839389207930899;	0.849917686423848;	0.859931534769773;	0.868446801180070;	0.876471470373441;	0.883265161542124;	0.879645140180001;	0.887431456534741;	0.895302032070433;	0.901172105290616;	0.905930965915451;	0.911891348047521;	0.912130536019484;	0.917886817027609;	0.924266598607672;	0.929925374063806;	0.935261407033436;	0.940477674983295;	0.945673928022013;	0.950757545883941;	0.956918912681867;	0.964640609842283;	0.971317125044468;	0.976311079838902;	0.979002901549669;	0.991800126641001;	0.410715883823860
0.991506164536484;	0.769244673900948;	0.987695471538037;	0.989524632797256;	0.996692766188759;	0.996433620959489;	0.995567624570447;	0.999236564997053;	0.999700680761516;	0.997929551019291;	0.996641907592880;	0.998080719221923;	0.997874546189028;	0.998563336199754;	0.998804607619676;	0.998941696698871;	0.999022952335756;	0.998864310161923;	0.998836119520455;	0.998549632213418;	0.701717948742709;	0.735552979319128;	0.747933491524966;	0.590022738896250;	0.612350381136163;	0.648665869326161;	0.669547232504066;	0.570740339825179;	0.592140098799311;	0.618814490583863;	0.635062782692076;	0.659527796095332;	0.668314561340872;	0.612823117819941;	0.635038233021690;	0.663308594256841;	0.684888732547221;	0.709086930671912;	0.726397221839011;	0.739058153877167;	0.750417317788153;	0.758221218653485;	0.729236867062431;	0.744467211656131;	0.758929505417442;	0.774009659951672;	0.790096852551330;	0.802569791609178;	0.817147275578890;	0.826720238420725;	0.835121802840474;	0.845336036277195;	0.856289728353261;	0.866651024598174;	0.875602375178692;	0.884075823579553;	0.891270814475486;	0.898039852890868;	0.903724078704957;	0.898580370662469;	0.905330933182217;	0.912148126172387;	0.917163569621215;	0.921195658889272;	0.926312719655516;	0.927144274319519;	0.932036991393487;	0.937468464384066;	0.942271072465610;	0.946767115605628;	0.951189186432451;	0.955586128054957;	0.959869629799226;	0.965119765471937;	0.971695935375839;	0.977259983208326;	0.981223648957199;	0.983259176927871;	0.993046155229042;	0.486753016362612
0.992178339618413;	0.783457535915833;	0.988712417018239;	0.990429475499996;	0.996984105048080;	0.996733288386098;	0.995945802766177;	0.999373083379402;	0.999773186653536;	0.998186895509547;	0.997058893466610;	0.998452273013798;	0.998293442109230;	0.998912229363997;	0.999121711812326;	0.999278673955286;	0.999351893169558;	0.999256480687475;	0.999269910252072;	0.999075781839353;	0.998825585785343;	0.998670237342775;	0.998125380188847;	0.748572128132180;	0.763370197646527;	0.787661381416157;	0.800960531122388;	0.670451682167032;	0.688555195325303;	0.710860427776972;	0.724223563702414;	0.744196398672196;	0.751337774744219;	0.679112575110807;	0.698808285430011;	0.723595361565042;	0.742285779248167;	0.763083408996066;	0.777846027860535;	0.788582638557414;	0.798172305556123;	0.804729749109100;	0.769562651517154;	0.783067459369256;	0.795768889967387;	0.808971142039330;	0.822995892156131;	0.833829772474358;	0.846444310210302;	0.854704128935717;	0.861932247783135;	0.870690591920024;	0.880051629095291;	0.888883997826942;	0.896491021575720;	0.903669128839780;	0.909752556445689;	0.915465237370580;	0.920249864861172;	0.913669311460967;	0.919548668966578;	0.925474763253823;	0.929825169785547;	0.933317441814105;	0.937749457569137;	0.940537955200921;	0.944625002349929;	0.949169413506813;	0.953177812519431;	0.956904340888317;	0.960590748371674;	0.964250322479993;	0.967801182016632;	0.972196592067317;	0.977696917193076;	0.982256378549900;	0.985347741708516;	0.986850012269278;	0.994157521627600;	0.537795398941318
0.992842534484273;	0.797638722855884;	0.989707952254606;	0.991313073108544;	0.997257981551080;	0.997022079357551;	0.996305809574812;	0.999490549992712;	0.999830704459059;	0.998423796806626;	0.997442401187183;	0.998766173231064;	0.998644800197082;	0.999185895731950;	0.999361746366817;	0.999506943841474;	0.999568963258832;	0.999512801380688;	0.999544443720617;	0.999419518477811;	0.999288910676816;	0.999168373599972;	0.998767532090243;	0.998260048183844;	0.997624675390281;	0.996958194734551;	0.996027465471606;	0.801827572764944;	0.813103453086332;	0.827031182335473;	0.834982580521281;	0.847095111221799;	0.851007639392923;	0.759956705259747;	0.775579028976599;	0.795072932126810;	0.809565261696961;	0.825585251865838;	0.836879750657740;	0.845009763400038;	0.852240375681613;	0.857154370877372;	0.814288231001542;	0.825506453388525;	0.835974760280847;	0.846827029603553;	0.858327311692606;	0.867192030310354;	0.877468208673965;	0.884171900808638;	0.890019382949826;	0.897090125953276;	0.904625599960769;	0.911715865806882;	0.917804123608395;	0.923533762238777;	0.928380699324961;	0.932927059917611;	0.936727815206552;	0.928715835260169;	0.933655433578861;	0.938626885926637;	0.942271626031192;	0.945198190411349;	0.948908850627392;	0.951223996910461;	0.954636667441317;	0.958432030128461;	0.961779033866953;	0.964882513849131;	0.967953192825890;	0.970996913790412;	0.973943276009793;	0.977587495903098;	0.982136689477570;	0.985891439590368;	0.988415193980819;	0.989635554979788;	0.995128027687317;	0.651564259536791
0.993494346765137;	0.811730154496528;	0.990675731941564;	0.992169666123679;	0.997516701334787;	0.997298854903793;	0.996648870932373;	0.999590606414575;	0.999875590556245;	0.998640053011207;	0.997792595548759;	0.999028178786781;	0.998936709533734;	0.999399427343125;	0.999543047843662;	0.999666673545132;	0.999716389663510;	0.999684208449185;	0.999713409081606;	0.999633954010003;	0.999573077537135;	0.999485443910286;	0.999203039553264;	0.998878148870924;	0.998396759814143;	0.997878895897001;	0.997166761416607;	0.995968656400560;	0.995488375792436;	0.994980285463711;	0.994305614881555;	0.993417992878436;	0.992694352226628;	0.857015366083554;	0.866291282563520;	0.878008628696528;	0.886501952313103;	0.895950296243732;	0.902541769728183;	0.907117002393645;	0.911163362187195;	0.913812914590192;	0.864512995886100;	0.872800211873907;	0.880497476314792;	0.888465201194520;	0.896919736362147;	0.903459316443480;	0.910979363693567;	0.915875091509902;	0.920132542943032;	0.925267895937577;	0.930720478400117;	0.935831454040475;	0.940208889661570;	0.944318475678469;	0.947791759511951;	0.951049369234188;	0.953775702712559;	0.943670071977197;	0.947593473800054;	0.951540160674102;	0.954431510384877;	0.956758949689628;	0.959707096347266;	0.961552090360041;	0.964255529880930;	0.967269596207375;	0.969931464605694;	0.972392368810371;	0.974830631436050;	0.977247077706303;	0.979582566470409;	0.982469760905728;	0.986068657634963;	0.989034058668019;	0.991021188424755;	0.991977063513949;	0.995979080156541;	0.685442677713528
0.994129298997914;	0.825670705620013;	0.991609721689576;	0.992993606372323;	0.997761301105187;	0.997562724951622;	0.996975107737596;	0.999674831069809;	0.999910056078119;	0.998835870447504;	0.998109752285918;	0.999244140084727;	0.999176337815753;	0.999563885126414;	0.999678338261966;	0.999778449802709;	0.999816570248434;	0.999798770522454;	0.999821076367969;	0.999771362147309;	0.999741385032306;	0.999680357661490;	0.999485270853849;	0.999284927019669;	0.998931697927484;	0.998543895027896;	0.998011829005730;	0.997112908214633;	0.996723726412653;	0.996321563965221;	0.995778417492876;	0.995074749079073;	0.994535632423488;	0.993631813386068;	0.993195210613393;	0.993023868917614;	0.992671429111251;	0.992451279891616;	0.992404055662127;	0.992078540804551;	0.991787484775967;	0.991503774407856;	0.918845306058408;	0.923404877261516;	0.927665200991924;	0.932123825509621;	0.936960980713776;	0.940757216145005;	0.945097125278317;	0.947887512585119;	0.950300354071238;	0.953252445701681;	0.956399943517722;	0.959344844829894;	0.961863133388649;	0.964233391618001;	0.966237245483914;	0.968129655922575;	0.969720673192051;	0.959149652599021;	0.961961466178351;	0.964790786839522;	0.966871268902999;	0.968565498383257;	0.970696228525636;	0.972008606079264;	0.973954219383450;	0.976133960174761;	0.978070515323847;	0.979850546200504;	0.981617284865755;	0.983368822518964;	0.985056683015747;	0.987126403032564;	0.989689596086327;	0.991807435553732;	0.993247863312414;	0.993936392306174;	0.996716938349317;	0.733311736574336
0.994742952191616;	0.839397012123793;	0.992504179357114;	0.993779587527554;	0.997992139028508;	0.997812869797446;	0.997284133032650;	0.999744863592321;	0.999936073433893;	0.999011687004852;	0.998394594808554;	0.999419818089549;	0.999370464374045;	0.999688549413291;	0.999777643044925;	0.999855666048762;	0.999883804266185;	0.999874425204338;	0.999890134724771;	0.999859609409263;	0.999844605956959;	0.999803590196368;	0.999671912536320;	0.999543707424375;	0.999289369206243;	0.999005670883813;	0.998613461969547;	0.997961320565452;	0.997655622078581;	0.997344749229021;	0.996916806012719;	0.996369612673794;	0.995971567034785;	0.995271073940476;	0.994915535539996;	0.994785208724995;	0.994500408666105;	0.994331269044970;	0.994301136574818;	0.994044034893235;	0.993816135575311;	0.993594080519561;	0.992536803743853;	0.991889423047000;	0.991430470786057;	0.991047880059497;	0.990900087387384;	0.991037065497646;	0.991018972246290;	0.991026183893337;	0.991018644790565;	0.991027085326942;	0.991022894286033;	0.990989110921493;	0.990963780289392;	0.990948881287491;	0.990949613172938;	0.990978077356954;	0.991041232415479;	0.973704010229325;	0.975359813551022;	0.977043589114425;	0.978286955783799;	0.979322897963217;	0.980629475324699;	0.981382495336539;	0.982580143248476;	0.983951928120797;	0.985190021464068;	0.986321912515156;	0.987457096492904;	0.988592344044087;	0.989688872460929;	0.991029742812723;	0.992690141074314;	0.994079059740029;	0.995055619554196;	0.995519463462130;	0.997347142411958;	0.774119276298851
0.995330990969232;	0.852844010191997;	0.993353777651677;	0.994522733838090;	0.998209187098184;	0.998048609468258;	0.997575385897267;	0.999802356804745;	0.999955369136786;	0.999168176953789;	0.998648209629435;	0.999560779177721;	0.999525555242294;	0.999781439163688;	0.999849199260786;	0.999907997637246;	0.999928060004458;	0.999923441831505;	0.999933998674298;	0.999915662793125;	0.999908272818386;	0.999881558783864;	0.999794805314245;	0.999712505098991;	0.999533189627921;	0.999330435097886;	0.999046029118422;	0.998570009604097;	0.998336107966072;	0.998100545022480;	0.997769620680664;	0.997350876245502;	0.997059970784775;	0.996537426331914;	0.996255322856684;	0.996158722550966;	0.995933702663649;	0.995806250896391;	0.995788818066873;	0.995589439864838;	0.995413966778309;	0.995242459687009;	0.994430257318600;	0.993917101834724;	0.993540780794852;	0.993229825281062;	0.993111610522638;	0.993225160547614;	0.993213589947923;	0.993221800831972;	0.993217269146581;	0.993225108308001;	0.993222003316437;	0.993195467197843;	0.993174912521219;	0.993161507108738;	0.993161140189516;	0.993182949940712;	0.993231203209735;	0.993152833178702;	0.993237978965842;	0.993352915786177;	0.993479025395285;	0.993668984371583;	0.993860584993224;	0.993817804120996;	0.993986347092891;	0.994236222354862;	0.994516071513636;	0.994746284830121;	0.994994819258811;	0.995259914057904;	0.995512776334389;	0.995770328093891;	0.996058913260829;	0.996366656640420;	0.996713585151838;	0.996874391021280;	0.997881233999713;	0.845636453070256
0.995889334167129;	0.865945944094610;	0.994153732306782;	0.995218728872201;	0.998412260872704;	0.998269423190695;	0.997848329879460;	0.999848933744776;	0.999969418363299;	0.999306211539629;	0.998872002401526;	0.999672278913419;	0.999647674205078;	0.999849416048131;	0.999899760031748;	0.999942693606792;	0.999956533003367;	0.999954477808951;	0.999961325481514;	0.999950578822157;	0.999947114792698;	0.999930230332090;	0.999874514560835;	0.999822326777090;	0.999698811356739;	0.999557167498355;	0.999354741089450;	0.999011142739216;	0.998836332978732;	0.998661232100940;	0.998410142139814;	0.998095025201619;	0.997885266887806;	0.997492435463130;	0.997274019323021;	0.997204828144368;	0.997031220190545;	0.996937655188677;	0.996929752919566;	0.996778339299381;	0.996646009037328;	0.996516080685935;	0.995911935964189;	0.995512848434453;	0.995211762560504;	0.994964550214637;	0.994872465004879;	0.994965753148173;	0.994959303445574;	0.994968262481883;	0.994966515040676;	0.994973969591043;	0.994972025202204;	0.994951721624276;	0.994935578773087;	0.994924148132387;	0.994923406957577;	0.994940081511588;	0.994976646210530;	0.994911326785380;	0.994978033223824;	0.995067837022811;	0.995166702128239;	0.995316491936590;	0.995466926231136;	0.995443518055628;	0.995574229492789;	0.995768454754616;	0.995986135268236;	0.996163621955435;	0.996355599296996;	0.996559399973581;	0.996752328942130;	0.996947677831102;	0.997164017828990;	0.997392621840798;	0.997647770858038;	0.997765459582928;	0.998317784689392;	0.883958716432167
0.996414252163678;	0.878637407791046;	0.994899961421059;	0.995863957832692;	0.998601166451669;	0.998474954870082;	0.998102551641337;	0.999886149086123;	0.999979452740677;	0.999426828708559;	0.999067646553028;	0.999759169614614;	0.999742385167023;	0.999898233395354;	0.999934759112428;	0.999965162019280;	0.999974403634256;	0.999973638341584;	0.999977939703272;	0.999971806644877;	0.999970318189277;	0.999959963215454;	0.999925127550558;	0.999892707801796;	0.999809745555581;	0.999713056821651;	0.999571919762362;	0.999328094355329;	0.999200274585671;	0.999072598970704;	0.998885740044283;	0.998652732185711;	0.998503902822708;	0.998212076831893;	0.998046431807852;	0.997998117812276;	0.997866804340252;	0.997799523336419;	0.997797815518629;	0.997684980446930;	0.997587060163195;	0.997490451748629;	0.997045579994834;	0.996741075631099;	0.996505427502641;	0.996313007917691;	0.996243114791211;	0.996318816582978;	0.996316315334518;	0.996325585554274;	0.996326054947150;	0.996333228998892;	0.996332539138318;	0.996317691512688;	0.996305668840222;	0.996296639627864;	0.996296189412751;	0.996309193404249;	0.996336925368341;	0.996291729632176;	0.996343059512823;	0.996411947316658;	0.996488171882354;	0.996604271173863;	0.996720272352230;	0.996709821603245;	0.996809470898507;	0.996957681850805;	0.997123866377306;	0.997258254798534;	0.997403796403318;	0.997557520584770;	0.997701953250112;	0.997847219433653;	0.998006095399065;	0.998172481463524;	0.998356308350082;	0.998440921301629;	0.998673531316749;	0.999999999999999
0.996902466099011;	0.890854374734237;	0.995589176341161;	0.996455624018727;	0.998775787249517;	0.998665014626220;	0.998337811634918;	0.999915458162192;	0.999986476940523;	0.999531199715557;	0.999237027527758;	0.999825836409884;	0.999814684458903;	0.999932607562061;	0.999958470041933;	0.999979356026577;	0.999985329771996;	0.999985153593865;	0.999987770599391;	0.999984368519100;	0.999983818904828;	0.999977662055327;	0.999956485923225;	0.999936835679327;	0.999882580511634;	0.999818141740807;	0.999721896982819;	0.999552320404044;	0.999460860237729;	0.999369601945460;	0.999233313545007;	0.999064187692703;	0.998960469573951;	0.998747257106782;	0.998624069908755;	0.998591115590917;	0.998493674163596;	0.998446253001386;	0.998448126466194;	0.998365624334164;	0.998294546190614;	0.998224086162844;	0.997902125239424;	0.997674061120013;	0.997493336511242;	0.997346491079138;	0.997294584184181;	0.997354925199113;	0.997355064557461;	0.997364056442130;	0.997366005048079;	0.997372755529535;	0.997373124637662;	0.997362790296076;	0.997354347726093;	0.997347738652472;	0.997347879513013;	0.997358236432047;	0.997379319021311;	0.997348645162148;	0.997387855045899;	0.997440178172789;	0.997498294755259;	0.997586959844481;	0.997675102027683;	0.997673097959621;	0.997748065093566;	0.997859344142990;	0.997984021579480;	0.998084114908334;	0.998192518371293;	0.998306362020260;	0.998412518629964;	0.998518519831640;	0.998632933344704;	0.998751597791613;	0.998881186773950;	0.998940882070806;	0.998958090159720;	0.999999999999999
0.997351275624066;	0.902535705371881;	0.996219000492153;	0.996991852434137;	0.998936123573134;	0.998839576962511;	0.998554060083648;	0.999938194304945;	0.999991291484197;	0.999620595640023;	0.999382187923467;	0.999876159104191;	0.999868966677837;	0.999956316565334;	0.999974174751374;	0.999988092404215;	0.999991828496566;	0.999991880865687;	0.999993421711095;	0.999991590510922;	0.999991447433038;	0.999987902796262;	0.999975405212519;	0.999963811023491;	0.999929309436056;	0.999887427422620;	0.999823324990597;	0.999707942630526;	0.999643937709334;	0.999580060473018;	0.999482731352754;	0.999362364294298;	0.999291473381088;	0.999138610924355;	0.999048806690206;	0.999026864584067;	0.998955968256021;	0.998923234765058;	0.998926854246836;	0.998867724106600;	0.998817169123395;	0.998766823663277;	0.998538133527349;	0.998370622036262;	0.998234902731640;	0.998125127835497;	0.998087457803946;	0.998134646967908;	0.998136391452889;	0.998144684554472;	0.998147489463581;	0.998153671312664;	0.998154823630449;	0.998148051737441;	0.998142529223081;	0.998138081215942;	0.998138832055851;	0.998147195204965;	0.998163229473802;	0.998143392971423;	0.998173073419472;	0.998212345440702;	0.998256075813146;	0.998322665066374;	0.998388519216912;	0.998391498802396;	0.998447021634124;	0.998529038055699;	0.998620747604699;	0.998693906232577;	0.998773042155441;	0.998855615038360;	0.998932025090615;	0.999007729818693;	0.999088316672499;	0.999171030006585;	0.999260180974409;	0.999301392004806;	0.999181134865496;	1.000000000000000
0.997758679403183;	0.913624400837701;	0.996788074924303;	0.997471790694132;	0.999082308119143;	0.998998775316994;	0.998751440680349;	0.999955554204818;	0.999994519275352;	0.999696352334323;	0.999505274838061;	0.999913499433652;	0.999909017243756;	0.999972317781204;	0.999984332541536;	0.999993324381384;	0.999995583495821;	0.999995695520436;	0.999996572353851;	0.999995617624194;	0.999995625027886;	0.999993652024694;	0.999986502395085;	0.999979855035964;	0.999958548746224;	0.999932037122621;	0.999890393983890;	0.999813695130861;	0.999769933847862;	0.999726201848156;	0.999658222801190;	0.999574327711780;	0.999526870793153;	0.999419479265546;	0.999355366364604;	0.999341133692400;	0.999290614704340;	0.999268522231116;	0.999272698181353;	0.999231213082229;	0.999196030195685;	0.999160840115656;	0.999001632509594;	0.998881130328521;	0.998781438616300;	0.998701151555388;	0.998674485480448;	0.998710652842387;	0.998713221665797;	0.998720548127558;	0.998723711137932;	0.998729202900438;	0.998730843525999;	0.998726747783255;	0.998723467565183;	0.998720784532042;	0.998722016640715;	0.998728806562620;	0.998740976557219;	0.998728849615500;	0.998751063556922;	0.998780137347509;	0.998812548542849;	0.998861635717540;	0.998909925202956;	0.998915387995187;	0.998955795184699;	0.999015020372436;	0.999081027331967;	0.999133392010368;	0.999189888334030;	0.999248412088944;	0.999302145602235;	0.999354936426199;	0.999410317532546;	0.999466516476706;	0.999526186710976;	0.999553921058751;	0.999352136477461;	1.000000000000000
0.998123531268425;	0.924069162004190;	0.997296189431664;	0.997895697858114;	0.999214606897483;	0.999142892498290;	0.998930281292693;	0.999968590209886;	0.999996633459563;	0.999759835407201;	0.999608485509937;	0.999940711280378;	0.999938029817474;	0.999982872527518;	0.999990740275186;	0.999996368572886;	0.999997687909475;	0.999997791642350;	0.999998273177537;	0.999997791948850;	0.999997838234672;	0.999996778325052;	0.999992820312936;	0.999989123601748;	0.999976364425515;	0.999960044048863;	0.999933695674382;	0.999883956859663;	0.999854761666124;	0.999825516742378;	0.999779139838775;	0.999721950686676;	0.999690879544117;	0.999617049918012;	0.999572283632452;	0.999563316560709;	0.999528108327114;	0.999513557062414;	0.999517580282462;	0.999489133266278;	0.999465216372240;	0.999441194627878;	0.999332724189487;	0.999247945745371;	0.999176413511624;	0.999119045683956;	0.999100673879675;	0.999127807124649;	0.999130644234896;	0.999136869614805;	0.999140020994368;	0.999144744587494;	0.999146604035993;	0.999144409913941;	0.999142743112947;	0.999141386721976;	0.999142908802689;	0.999148399609364;	0.999157583641709;	0.999150725612092;	0.999167123877019;	0.999188307602435;	0.999211915434553;	0.999247356867336;	0.999282033327553;	0.999288279667132;	0.999317106054739;	0.999358907954356;	0.999405278357843;	0.999441888284102;	0.999481225858364;	0.999521643403165;	0.999558452490502;	0.999594288534244;	0.999631306086513;	0.999668399613666;	0.999707101469159;	0.999725195454829;	0.999480122516754;	1.000000000000000
0.998445622356899;	0.933825861507725;	0.997744339746784;	0.998265023074020;	0.999333412819846;	0.999272349352208;	0.999091078730248;	0.999978208986365;	0.999997984634630;	0.999812409299264;	0.999694017516775;	0.999960168218309;	0.999958643259646;	0.999989668490637;	0.999994677021450;	0.999998086671899;	0.999998829844872;	0.999998905808480;	0.999999160575417;	0.999998926554993;	0.999998970377564;	0.999998421898835;	0.999996305565447;	0.999994315396786;	0.999986917838847;	0.999977163632796;	0.999960952630144;	0.999929533749026;	0.999910555918826;	0.999891481844357;	0.999860620504790;	0.999822548640992;	0.999802684907471;	0.999753090137341;	0.999722562720470;	0.999717095136685;	0.999693133006280;	0.999683801259381;	0.999687302650662;	0.999668269011082;	0.999652416297014;	0.999636431318268;	0.999564225596561;	0.999505986824065;	0.999455923918924;	0.999415941187366;	0.999403653977694;	0.999423550452085;	0.999426288663629;	0.999431387610276;	0.999434279386641;	0.999438208131683;	0.999440069240818;	0.999439139018877;	0.999438547238488;	0.999438102822755;	0.999439720830289;	0.999444104814122;	0.999450964872563;	0.999447522407731;	0.999459426714534;	0.999474578398741;	0.999491433302383;	0.999516435049990;	0.999540759108193;	0.999546731465959;	0.999566834530159;	0.999595594380544;	0.999627300331959;	0.999652225750770;	0.999678855640075;	0.999705965218605;	0.999730443358977;	0.999754041410004;	0.999778014248986;	0.999801696577205;	0.999825890334680;	0.999837236545119;	0.999573461662401;	0.999999999999999
0.998725741047993;	0.942858863738726;	0.998134719081902;	0.998582368903990;	0.999439234121362;	0.999387692259831;	0.999234484094601;	0.999985175874556;	0.999998826032246;	0.999855410052032;	0.999764024414742;	0.999973803385874;	0.999972992128653;	0.999993933805874;	0.999997028954501;	0.999999025560927;	0.999999428687230;	0.999999477553946;	0.999999607152452;	0.999999497611556;	0.999999528400853;	0.999999255587466;	0.999998164934081;	0.999997129913300;	0.999992984976404;	0.999987335305728;	0.999977653746793;	0.999958354845350;	0.999946354719424;	0.999934241512637;	0.999914241680096;	0.999889530165951;	0.999877152371204;	0.999844652610598;	0.999824354488084;	0.999821143432141;	0.999805244419263;	0.999799432206822;	0.999802269383752;	0.999789866774482;	0.999779642905650;	0.999769295687893;	0.999722420383368;	0.999683427020086;	0.999649311084476;	0.999622180547323;	0.999614228002363;	0.999628465598438;	0.999630889205187;	0.999634918244105;	0.999637407731344;	0.999640563783100;	0.999642272459503;	0.999642111765550;	0.999642166891249;	0.999642282814432;	0.999643835710850;	0.999647265283971;	0.999652311866648;	0.999650939288244;	0.999659409486857;	0.999670016158630;	0.999681775964932;	0.999698960146838;	0.999715578838615;	0.999720708087718;	0.999734368423078;	0.999753594567878;	0.999774625123964;	0.999791092278315;	0.999808553525436;	0.999826143993467;	0.999841880214606;	0.999856889038155;	0.999871855904691;	0.999886398663364;	0.999900861164465;	0.999907602372289;	0.999639687595753;	0.999999999999999
0.998965706263946;	0.951142380393499;	0.998470675846699;	0.998851423958938;	0.999532681406105;	0.999489579419659;	0.999361288371720;	0.999990123814957;	0.999999335760381;	0.999890121214299;	0.999820576454625;	0.999983157256265;	0.999982765608115;	0.999996539166357;	0.999998392979250;	0.999999521360804;	0.999999731540819;	0.999999760192474;	0.999999823437885;	0.999999774211571;	0.999999792806000;	0.999999662691750;	0.999999122221179;	0.999998603464319;	0.999996363600703;	0.999993198860112;	0.999987597407418;	0.999976092188922;	0.999968724351426;	0.999961248052390;	0.999948648283031;	0.999933037710668;	0.999925534505570;	0.999904795999088;	0.999891659566190;	0.999889854476401;	0.999879589500373;	0.999876084580290;	0.999878256085934;	0.999870402253851;	0.999864001700781;	0.999857501884761;	0.999827885800686;	0.999802491598286;	0.999779898599398;	0.999762012398826;	0.999757050390282;	0.999766974179119;	0.999768982624253;	0.999772053922940;	0.999774083270222;	0.999776528812140;	0.999777993149179;	0.999778242554073;	0.999778628598321;	0.999779033488780;	0.999780409435088;	0.999783021323595;	0.999786658499553;	0.999786426425470;	0.999792311366152;	0.999799553496698;	0.999807544166368;	0.999819014762077;	0.999830036687159;	0.999834101864814;	0.999843111938456;	0.999855553592567;	0.999869032973231;	0.999879544483723;	0.999890584023940;	0.999901572633601;	0.999911301998468;	0.999920471524202;	0.999929419733327;	0.999937940853154;	0.999946102982289;	0.999949794807912;	0.999685371998542;	1.000000000000000
0.999168331500976;	0.958661669686472;	0.998756590706668;	0.999076825424529;	0.999614453760548;	0.999578766487544;	0.999472403114434;	0.999993565340871;	0.999999635658152;	0.999917752807451;	0.999865626969843;	0.999989430346322;	0.999989270604269;	0.999998085290570;	0.999999159460954;	0.999999773805875;	0.999999878905456;	0.999999894465840;	0.999999924001865;	0.999999902823548;	0.999999912934611;	0.999999853592643;	0.999999596727000;	0.999999346817788;	0.999998182164920;	0.999996471609585;	0.999993338932785;	0.999986696066969;	0.999982312612028;	0.999977837185679;	0.999970135874540;	0.999960557672311;	0.999956143009576;	0.999943282775395;	0.999935024559414;	0.999934061901140;	0.999927626700419;	0.999925587905435;	0.999927169070042;	0.999922347767724;	0.999918468716959;	0.999914517375420;	0.999896349430917;	0.999880300636406;	0.999865793316547;	0.999854364346468;	0.999851393905298;	0.999858117071641;	0.999859690919866;	0.999861947688335;	0.999863521317946;	0.999865346350019;	0.999866528239844;	0.999866945658737;	0.999867448639743;	0.999867952661117;	0.999869091102848;	0.999871016847763;	0.999873571270434;	0.999873876628118;	0.999877852591755;	0.999882656777469;	0.999887923787230;	0.999895332055235;	0.999902400280189;	0.999905407697995;	0.999911150129203;	0.999918908777129;	0.999927217830919;	0.999933666866093;	0.999940358548147;	0.999946927350858;	0.999952674614367;	0.999958016573055;	0.999963090566249;	0.999967795620204;	0.999972041810810;	0.999973786736192;	0.999716053626412;	1.000000000000000
0.999337329691023;	0.965413865761040;	0.998997682337863;	0.999263897983605;	0.999685322061172;	0.999656087900478;	0.999568839416823;	0.999995906488576;	0.999999806687260;	0.999939424732677;	0.999900986143754;	0.999993536901901;	0.999993494783740;	0.999998974981569;	0.999999575891437;	0.999999897438922;	0.999999947717989;	0.999999955605039;	0.999999968767779;	0.999999960072645;	0.999999965119311;	0.999999939317266;	0.999999822580018;	0.999999707202154;	0.999999126033548;	0.999998236209051;	0.999996546865473;	0.999992841096858;	0.999990319807606;	0.999987727452448;	0.999983170715293;	0.999977475481610;	0.999974960676529;	0.999967228556926;	0.999962197190616;	0.999961716733270;	0.999957808764129;	0.999956669844013;	0.999957769051537;	0.999954907860136;	0.999952639197004;	0.999950322003658;	0.999939529517013;	0.999929712688495;	0.999920703758122;	0.999913645072137;	0.999911949624614;	0.999916366018445;	0.999917537834250;	0.999919133967501;	0.999920296952037;	0.999921606033434;	0.999922508295681;	0.999922946043081;	0.999923436415099;	0.999923921941673;	0.999924806634785;	0.999926174361017;	0.999927912969497;	0.999928395320252;	0.999930995335399;	0.999934077708707;	0.999937430190766;	0.999942039245323;	0.999946401704073;	0.999948487105276;	0.999952004275515;	0.999956641089148;	0.999961538561646;	0.999965315995658;	0.999969176285966;	0.999972903867663;	0.999976118158768;	0.999979054952361;	0.999981741633467;	0.999984135370936;	0.999986061145184;	0.999986617799076;	0.999736226067013;	1.000000000000000
0.999476979310655;	0.971408150897448;	0.999199578379129;	0.999418240370682;	0.999746113072917;	0.999722438138422;	0.999651685028100;	0.999997461725903;	0.999999901026458;	0.999956155246050;	0.999928302084637;	0.999996156591745;	0.999996166487798;	0.999999470335500;	0.999999794120343;	0.999999955518992;	0.999999978464782;	0.999999982208148;	0.999999987787791;	0.999999984393287;	0.999999986724990;	0.999999976066284;	0.999999925500649;	0.999999874620398;	0.999999597126788;	0.999999152922060;	0.999998276945607;	0.999996284894142;	0.999994886511497;	0.999993437330417;	0.999990833994596;	0.999987560663334;	0.999986177729394;	0.999981681950555;	0.999978718794242;	0.999978499624501;	0.999976207028955;	0.999975599480583;	0.999976329901797;	0.999974693649751;	0.999973417975633;	0.999972112069497;	0.999965922630469;	0.999960128198976;	0.999954733989215;	0.999950533777586;	0.999949618941991;	0.999952423932353;	0.999953254406561;	0.999954338730739;	0.999955158003293;	0.999956058336027;	0.999956710862765;	0.999957091568554;	0.999957503719813;	0.999957910240381;	0.999958557479509;	0.999959488664813;	0.999960628975330;	0.999961097538248;	0.999962734608906;	0.999964637435151;	0.999966687054882;	0.999969434903710;	0.999972011665952;	0.999973366656224;	0.999975422934708;	0.999978060149211;	0.999980799840857;	0.999982893242206;	0.999984990809954;	0.999986975888885;	0.999988654333639;	0.999990152656814;	0.999991441882960;	0.999992508545548;	0.999993135341860;	0.999993006705769;	0.999749381893846;	1.000000000000000
0.999591579976853;	0.976665437662196;	0.999367639527088;	0.999544994578476;	0.999797690793363;	0.999778753540890;	0.999722081945473;	0.999998468922152;	0.999999951236521;	0.999968853764706;	0.999949048827944;	0.999997782072684;	0.999997809137833;	0.999999736544300;	0.999999904136319;	0.999999981611359;	0.999999991568096;	0.999999993232698;	0.999999995474212;	0.999999994219167;	0.999999995219725;	0.999999991052652;	0.999999970254093;	0.999999948901924;	0.999999822547885;	0.999999610446228;	0.999999175066930;	0.999998146336179;	0.999997400683811;	0.999996621156133;	0.999995189182079;	0.999993375954282;	0.999992644223925;	0.999990123687038;	0.999988441792400;	0.999988354745921;	0.999987059572298;	0.999986752395598;	0.999987216248768;	0.999986317852868;	0.999985631155110;	0.999984927015080;	0.999981512198700;	0.999978223338484;	0.999975119955159;	0.999972721030303;	0.999972260133539;	0.999973977037538;	0.999974537193404;	0.999975242805085;	0.999975792234924;	0.999976384132049;	0.999976831025658;	0.999977125188272;	0.999977437339459;	0.999977744791465;	0.999978190555362;	0.999978795180475;	0.999979511517278;	0.999979885352853;	0.999980871859203;	0.999981995142547;	0.999983191086645;	0.999984750934691;	0.999986197368920;	0.999987019152759;	0.999988156614281;	0.999989570792162;	0.999991010731393;	0.999992093803562;	0.999993150041689;	0.999994123561402;	0.999994921614340;	0.999995608551873;	0.999996128274846;	0.999996480389544;	0.999996428763454;	0.999995932871150;	0.999758105885806;	1.000000000000000
0.999684936554183;	0.981217327856046;	0.999506491250033;	0.999648417662255;	0.999840939937710;	0.999825993633055;	0.999781204440055;	0.999999103594744;	0.999999976951597;	0.999978317851527;	0.999964520843729;	0.999998761008203;	0.999998788773758;	0.999999874254566;	0.999999957330822;	0.999999992782076;	0.999999996874700;	0.999999997567365;	0.999999998417260;	0.999999997979760;	0.999999998378656;	0.999999996843570;	0.999999988754250;	0.999999980262955;	0.999999925606531;	0.999999829098349;	0.999999622427399;	0.999999113828711;	0.999998732861923;	0.999998330753889;	0.999997574917742;	0.999996610077122;	0.999996238983599;	0.999994880991333;	0.999993964053080;	0.999993937827622;	0.999993235771114;	0.999993090091738;	0.999993371222478;	0.999992899700009;	0.999992547685135;	0.999992186378926;	0.999990381255410;	0.999988593472621;	0.999986884978495;	0.999985575709424;	0.999985363169036;	0.999986372068383;	0.999986731065446;	0.999987169375643;	0.999987519292253;	0.999987889853560;	0.999988179122235;	0.999988386240004;	0.999988603002260;	0.999988816274830;	0.999989104694841;	0.999989476975527;	0.999989905088927;	0.999990167323896;	0.999990732234817;	0.999991361612895;	0.999992022377099;	0.999992858715799;	0.999993623332762;	0.999994084925840;	0.999994672908625;	0.999995378145055;	0.999996078399637;	0.999996589578568;	0.999997067508276;	0.999997490586508;	0.999997816629925;	0.999998076986639;	0.999998203282119;	0.999998199894304;	0.999997823820822;	0.999997149930131;	0.999764204836259;	1.000000000000000
0.999760261609387;	0.985104459801584;	0.999620079451036;	0.999732009445849;	0.999876749386823;	0.999865123084865;	0.999830235896264;	0.999999491885304;	0.999999989585673;	0.999985233972675;	0.999975833756562;	0.999999331856601;	0.999999354068224;	0.999999942613317;	0.999999981915525;	0.999999997321800;	0.999999998908499;	0.999999999177526;	0.999999999480241;	0.999999999337187;	0.999999999484672;	0.999999998954472;	0.999999995993652;	0.999999992809008;	0.999999970447704;	0.999999928781386;	0.999999835470571;	0.999999595699122;	0.999999409924891;	0.999999211791444;	0.999998830417906;	0.999998339130233;	0.999998159556536;	0.999997459181334;	0.999996980919906;	0.999996978917456;	0.999996615317977;	0.999996551514956;	0.999996713742359;	0.999996478400072;	0.999996307669920;	0.999996132420076;	0.999995222518694;	0.999994296202457;	0.999993400480623;	0.999992721263718;	0.999992634787907;	0.999993201396694;	0.999993419368230;	0.999993678148725;	0.999993889011727;	0.999994108907735;	0.999994285268254;	0.999994419460345;	0.999994558346480;	0.999994694760034;	0.999994869390279;	0.999995085301017;	0.999995326824721;	0.999995492262315;	0.999995796990079;	0.999996128546528;	0.999996470686246;	0.999996889714360;	0.999997265486072;	0.999997502263404;	0.999997780649048;	0.999998100092730;	0.999998406622692;	0.999998615756893;	0.999998795377055;	0.999998941215889;	0.999999033927801;	0.999999088512049;	0.999999031467396;	0.999998868243147;	0.999998354638431;	0.999997606839969;	0.999768858017625;	1.000000000000000
0.999820329354575;	0.988374712537252;	0.999711904231308;	0.999798785701574;	0.999905996155865;	0.999897094589290;	0.999870347795029;	0.999999721954237;	0.999999995519539;	0.999990181622687;	0.999983930557392;	0.999999653288209;	0.999999668808563;	0.999999975059721;	0.999999992733868;	0.999999999065339;	0.999999999642706;	0.999999999739873;	0.999999999840616;	0.999999999796996;	0.999999999847398;	0.999999999676680;	0.999999998662405;	0.999999997542159;	0.999999988933075;	0.999999971948166;	0.999999932067782;	0.999999824773313;	0.999999738699154;	0.999999645863639;	0.999999462725519;	0.999999224402809;	0.999999141927456;	0.999998797711356;	0.999998560150111;	0.999998565344092;	0.999998386313933;	0.999998361176121;	0.999998450006220;	0.999998339001896;	0.999998261296835;	0.999998181622955;	0.999997746740474;	0.999997291829899;	0.999996847184283;	0.999996514369139;	0.999996485892986;	0.999996788395082;	0.999996913247591;	0.999997057692965;	0.999997177337284;	0.999997300313259;	0.999997401088937;	0.999997481267438;	0.999997563400798;	0.999997643822208;	0.999997742178983;	0.999997859160973;	0.999997986572332;	0.999998080947282;	0.999998234042350;	0.999998396161476;	0.999998559763930;	0.999998752906984;	0.999998921056753;	0.999999028946011;	0.999999144864163;	0.999999269582870;	0.999999382629808;	0.999999445078080;	0.999999484026862;	0.999999502852748;	0.999999491333582;	0.999999456888859;	0.999999324221624;	0.999999098501260;	0.999998536886585;	0.999997766889767;	0.999772772531159;	1.000000000000000
0.999867588055507;	0.991081619305300;	0.999785142769339;	0.999851422564684;	0.999929531516857;	0.999922833288269;	0.999902680395420;	0.999999853604011;	0.999999998173099;	0.999993640041194;	0.999989592186894;	0.999999827504750;	0.999999837344156;	0.999999989726121;	0.999999997246425;	0.999999999694970;	0.999999999891038;	0.999999999923517;	0.999999999954650;	0.999999999942330;	0.999999999958174;	0.999999999907263;	0.999999999584109;	0.999999999216835;	0.999999996116049;	0.999999989615987;	0.999999973570150;	0.999999928238653;	0.999999890544930;	0.999999849399760;	0.999999766134359;	0.999999656564118;	0.999999620839959;	0.999999460478407;	0.999999348709970;	0.999999354300343;	0.999999270984584;	0.999999262534075;	0.999999308485130;	0.999999259384622;	0.999999226550951;	0.999999192978344;	0.999998997232050;	0.999998786916105;	0.999998579370179;	0.999998426534086;	0.999998421193537;	0.999998573722700;	0.999998640806617;	0.999998716532421;	0.999998780045684;	0.999998844397212;	0.999998898008942;	0.999998942071947;	0.999998986727333;	0.999999030225230;	0.999999081324493;	0.999999139910423;	0.999999201995479;	0.999999250430967;	0.999999320911363;	0.999999393039264;	0.999999463525125;	0.999999543244000;	0.999999608893425;	0.999999649605609;	0.999999687294371;	0.999999722301517;	0.999999749097339;	0.999999747365367;	0.999999727028297;	0.999999694286236;	0.999999641972119;	0.999999574220102;	0.999999415494945;	0.999999170442966;	0.999998598745463;	0.999997829059980;	0.999776330272870;	1.000000000000000
0.999904210726052;	0.993282767773610;	0.999842684199615;	0.999892295035459;	0.999948167174467;	0.999943222232716;	0.999928324911144;	0.999999926118260;	0.999999999297736;	0.999995997047668;	0.999993451498372;	0.999999918067418;	0.999999923815244;	0.999999996010091;	0.999999999021560;	0.999999999907523;	0.999999999969256;	0.999999999979242;	0.999999999988114;	0.999999999984915;	0.999999999989469;	0.999999999975512;	0.999999999880447;	0.999999999769038;	0.999999998731331;	0.999999996411501;	0.999999990372928;	0.999999972402573;	0.999999956896792;	0.999999939754145;	0.999999904128649;	0.999999856675940;	0.999999842194786;	0.999999771819412;	0.999999722331363;	0.999999726332903;	0.999999689944689;	0.999999687857673;	0.999999710187523;	0.999999690015224;	0.999999677324330;	0.999999664414788;	0.999999582117085;	0.999999491329876;	0.999999401011343;	0.999999335870711;	0.999999337677174;	0.999999409742063;	0.999999443299806;	0.999999480277995;	0.999999511565009;	0.999999542792863;	0.999999569112326;	0.999999591239592;	0.999999613389284;	0.999999634786610;	0.999999658983746;	0.999999685710660;	0.999999713171662;	0.999999735168917;	0.999999764092424;	0.999999792191712;	0.999999818111126;	0.999999845784774;	0.999999865411864;	0.999999874791880;	0.999999878618259;	0.999999876743336;	0.999999869530371;	0.999999843268697;	0.999999801409404;	0.999999750933613;	0.999999685450658;	0.999999607768954;	0.999999442840221;	0.999999194915130;	0.999998626709835;	0.999997865372525;	0.999779712158367;	1.000000000000000
0.999932115612676;	0.995038081747190;	0.999887141197153;	0.999923504620751;	0.999962664072026;	0.999959089862929;	0.999948307756252;	0.999999964420462;	0.999999999747070;	0.999997559339438;	0.999996009593106;	0.999999963029130;	0.999999966141451;	0.999999998548377;	0.999999999676223;	0.999999999974153;	0.999999999992038;	0.999999999994841;	0.999999999997154;	0.999999999996397;	0.999999999997585;	0.999999999994097;	0.999999999968492;	0.999999999937488;	0.999999999617382;	0.999999998851292;	0.999999996741828;	0.999999990106710;	0.999999984158690;	0.999999977493760;	0.999999963253445;	0.999999944035336;	0.999999938594034;	0.999999909717369;	0.999999889254790;	0.999999891610932;	0.999999876823008;	0.999999876725635;	0.999999886847846;	0.999999879245365;	0.999999874855470;	0.999999870430091;	0.999999838436868;	0.999999802214365;	0.999999765955534;	0.999999740504515;	0.999999743238423;	0.999999774832556;	0.999999790313094;	0.999999806957472;	0.999999821106448;	0.999999834999447;	0.999999846785496;	0.999999856831978;	0.999999866734609;	0.999999876174509;	0.999999886433058;	0.999999897290174;	0.999999907994493;	0.999999916481947;	0.999999926413562;	0.999999935011743;	0.999999941723773;	0.999999948015390;	0.999999949276957;	0.999999945894857;	0.999999936939116;	0.999999921999484;	0.999999903403395;	0.999999869420941;	0.999999821369872;	0.999999766290918;	0.999999697917406;	0.999999618567154;	0.999999454024465;	0.999999208301547;	0.999998647326126;	0.999997896353569;	0.999782991019504;	1.000000000000000
0.999952981024938;	0.996408080547679;	0.999920853361525;	0.999946893921672;	0.999973723341758;	0.999971200052339;	0.999963577666729;	0.999999983735601;	0.999999999915263;	0.999998563527717;	0.999997653485789;	0.999999984243504;	0.999999985807065;	0.999999999508863;	0.999999999901017;	0.999999999993399;	0.999999999998125;	0.999999999998837;	0.999999999999383;	0.999999999999222;	0.999999999999500;	0.999999999998714;	0.999999999992461;	0.999999999984623;	0.999999999894457;	0.999999999662520;	0.999999998984636;	0.999999996722766;	0.999999994613596;	0.999999992216736;	0.999999986944889;	0.999999979729800;	0.999999977857292;	0.999999966878440;	0.999999959051030;	0.999999960255400;	0.999999954722139;	0.999999955016381;	0.999999959258962;	0.999999956673932;	0.999999955363689;	0.999999954064094;	0.999999942708619;	0.999999929519469;	0.999999916269118;	0.999999907300041;	0.999999909204081;	0.999999921900382;	0.999999928405340;	0.999999935219787;	0.999999941013354;	0.999999946595703;	0.999999951335308;	0.999999955394810;	0.999999959312249;	0.999999962961892;	0.999999966736751;	0.999999970492044;	0.999999973924265;	0.999999976357381;	0.999999978572721;	0.999999979537371;	0.999999978991938;	0.999999977646023;	0.999999972617658;	0.999999964880153;	0.999999951943439;	0.999999933290498;	0.999999911743932;	0.999999876096101;	0.999999827067845;	0.999999771586248;	0.999999703414454;	0.999999624691041;	0.999999462166705;	0.999999219721604;	0.999998666560854;	0.999997926154398;	0.999786192120259;	1.000000000000000
0.999968257755505;	0.997452171294560;	0.999945889723312;	0.999964059645507;	0.999981979524361;	0.999980244593836;	0.999974995922892;	0.999999992986321;	0.999999999973816;	0.999999187306243;	0.999998674104542;	0.999999993701190;	0.999999994428237;	0.999999999846813;	0.999999999972305;	0.999999999998475;	0.999999999999602;	0.999999999999765;	0.999999999999880;	0.999999999999850;	0.999999999999908;	0.999999999999750;	0.999999999998381;	0.999999999996601;	0.999999999973667;	0.999999999909995;	0.999999999711754;	0.999999999007323;	0.999999998323203;	0.999999997534366;	0.999999995745793;	0.999999993261314;	0.999999992680386;	0.999999988855177;	0.999999986117041;	0.999999986660248;	0.999999984779051;	0.999999985014763;	0.999999986640805;	0.999999985866273;	0.999999985553056;	0.999999985252692;	0.999999981631795;	0.999999977319638;	0.999999972987158;	0.999999970198279;	0.999999971193576;	0.999999975797397;	0.999999978247398;	0.999999980741417;	0.999999982850467;	0.999999984836558;	0.999999986511614;	0.999999987936263;	0.999999989265488;	0.999999990445821;	0.999999991565109;	0.999999992528109;	0.999999993199873;	0.999999993307678;	0.999999992821382;	0.999999991238760;	0.999999988389468;	0.999999984785334;	0.999999978029498;	0.999999969160473;	0.999999955347779;	0.999999936039144;	0.999999914115232;	0.999999878558496;	0.999999829944125;	0.999999775070575;	0.999999707758058;	0.999999630079280;	0.999999469804291;	0.999999230746463;	0.999998685363123;	0.999997955377988;	0.999789323983068;	1.000000000000000
0.999979181057141;	0.998227052524903;	0.999964052120197;	0.999976365349217;	0.999987996082193;	0.999986838239633;	0.999983329715447;	0.999999997168051;	0.999999999992613;	0.999999560242682;	0.999999283760635;	0.999999997657593;	0.999999997968916;	0.999999999956408;	0.999999999992987;	0.999999999999685;	0.999999999999925;	0.999999999999957;	0.999999999999979;	0.999999999999974;	0.999999999999985;	0.999999999999957;	0.999999999999692;	0.999999999999334;	0.999999999994136;	0.999999999978493;	0.999999999926417;	0.999999999728531;	0.999999999528150;	0.999999999293641;	0.999999998744693;	0.999999997970224;	0.999999997811195;	0.999999996606414;	0.999999995743049;	0.999999995959414;	0.999999995388026;	0.999999995510882;	0.999999996072791;	0.999999995875614;	0.999999995828130;	0.999999995787500;	0.999999994771847;	0.999999993532420;	0.999999992293492;	0.999999991552004;	0.999999991974617;	0.999999993450363;	0.999999994259855;	0.999999995057118;	0.999999995722914;	0.999999996331553;	0.999999996835338;	0.999999997251106;	0.999999997611650;	0.999999997886832;	0.999999998074950;	0.999999998103703;	0.999999997891786;	0.999999997264178;	0.999999996004220;	0.999999993744583;	0.999999990334677;	0.999999986237667;	0.999999979178131;	0.999999970173268;	0.999999956359194;	0.999999937175320;	0.999999915465173;	0.999999880360578;	0.999999832402130;	0.999999778283524;	0.999999711909137;	0.999999635314581;	0.999999477281957;	0.999999241565769;	0.999998703827786;	0.999997984085012;	0.999792390238154;	1.000000000000000
0.999986785404935;	0.998785322071922;	0.999976883157712;	0.999984955832896;	0.999992263154479;	0.999991516243672;	0.999989248672774;	0.999999998938954;	0.999999999998120;	0.999999773790267;	0.999999632394868;	0.999999999197742;	0.999999999319557;	0.999999999988822;	0.999999999998413;	0.999999999999943;	0.999999999999987;	0.999999999999993;	0.999999999999997;	0.999999999999996;	0.999999999999998;	0.999999999999993;	0.999999999999949;	0.999999999999886;	0.999999999998852;	0.999999999995467;	0.999999999983371;	0.999999999934006;	0.999999999881837;	0.999999999819870;	0.999999999669881;	0.999999999454871;	0.999999999417631;	0.999999999080452;	0.999999998839532;	0.999999998915003;	0.999999998763343;	0.999999998813525;	0.999999998985458;	0.999999998945521;	0.999999998948180;	0.999999998953363;	0.999999998709721;	0.999999998405279;	0.999999998104897;	0.999999997944327;	0.999999998091706;	0.999999998498532;	0.999999998726360;	0.999999998941940;	0.999999999117822;	0.999999999271794;	0.999999999393215;	0.999999999482784;	0.999999999539777;	0.999999999540088;	0.999999999460370;	0.999999999236423;	0.999999998800642;	0.999999997997076;	0.999999996577212;	0.999999994202223;	0.999999990724577;	0.999999986592320;	0.999999979572304;	0.999999970659756;	0.999999957018904;	0.999999938091228;	0.999999916678148;	0.999999882065867;	0.999999834783196;	0.999999781424620;	0.999999715979791;	0.999999640453178;	0.999999484625136;	0.999999252194593;	0.999998721970742;	0.999998012292453;	0.999795393279954;	1.000000000000000
0.999991920568258;	0.999174344969002;	0.999985678232923;	0.999990774238646;	0.999995197737910;	0.999994734378985;	0.999993324419286;	0.999999999635181;	0.999999999999574;	0.999999890206791;	0.999999822099380;	0.999999999750040;	0.999999999793136;	0.999999999997456;	0.999999999999685;	0.999999999999991;	0.999999999999998;	0.999999999999999;	1.000000000000000;	0.999999999999999;	1.000000000000000;	0.999999999999998;	0.999999999999993;	0.999999999999983;	0.999999999999806;	0.999999999999173;	0.999999999996736;	0.999999999986008;	0.999999999974170;	0.999999999959905;	0.999999999924150;	0.999999999872069;	0.999999999864976;	0.999999999782935;	0.999999999724826;	0.999999999747516;	0.999999999713368;	0.999999999730033;	0.999999999775526;	0.999999999770053;	0.999999999774894;	0.999999999780392;	0.999999999732312;	0.999999999670843;	0.999999999611741;	0.999999999585772;	0.999999999627243;	0.999999999720114;	0.999999999772495;	0.999999999819516;	0.999999999856174;	0.999999999885593;	0.999999999904660;	0.999999999909046;	0.999999999890348;	0.999999999825623;	0.999999999687451;	0.999999999413958;	0.999999998940387;	0.999999998114571;	0.999999996686351;	0.999999994324176;	0.999999990881620;	0.999999986798092;	0.999999979872081;	0.999999971082952;	0.999999957633991;	0.999999938973407;	0.999999917861785;	0.999999883737192;	0.999999837119237;	0.999999784507504;	0.999999719976433;	0.999999645499963;	0.999999491839081;	0.999999262638260;	0.999998739799029;	0.999998040010728;	0.999798335171534;	1.000000000000000
0.999995269340655;	0.999435437764729;	0.999991501394940;	0.999994580753080;	0.999997146068060;	0.999996871396070;	0.999996033117066;	0.999999999886464;	0.999999999999916;	0.999999950185407;	0.999999919586820;	0.999999999930224;	0.999999999943819;	0.999999999999495;	0.999999999999946;	0.999999999999999;	1.000000000000000;	1.000000000000000;	1.000000000000000;	1.000000000000000;	1.000000000000000;	0.999999999999999;	0.999999999999999;	0.999999999999998;	0.999999999999972;	0.999999999999872;	0.999999999999456;	0.999999999997472;	0.999999999995188;	0.999999999992399;	0.999999999985148;	0.999999999974426;	0.999999999973432;	0.999999999956557;	0.999999999944811;	0.999999999950550;	0.999999999944291;	0.999999999948771;	0.999999999958861;	0.999999999958703;	0.999999999960584;	0.999999999962567;	0.999999999955184;	0.999999999945527;	0.999999999936680;	0.999999999934141;	0.999999999943184;	0.999999999959825;	0.999999999969030;	0.999999999976600;	0.999999999981737;	0.999999999984337;	0.999999999982265;	0.999999999969928;	0.999999999937533;	0.999999999862397;	0.999999999716697;	0.999999999439514;	0.999999998967041;	0.999999998149157;	0.999999996738543;	0.999999994408239;	0.999999991013558;	0.999999986987344;	0.999999980159454;	0.999999971495028;	0.999999958236425;	0.999999939838653;	0.999999919023030;	0.999999885377348;	0.999999839412405;	0.999999787534560;	0.999999723901419;	0.999999650457170;	0.999999498926481;	0.999999272900497;	0.999998757318958;	0.999998067249655;	0.999801217808711;	1.000000000000000
0.999997366594138;	0.999603409809195;	0.999995204840733;	0.999996972917357;	0.999998387936252;	0.999998233615493;	0.999997760753806;	0.999999999968569;	0.999999999999986;	0.999999979120981;	0.999999966457343;	0.999999999982879;	0.999999999986635;	0.999999999999915;	0.999999999999992;	1.000000000000000;	1.000000000000000;	1.000000000000000;	1.000000000000000;	1.000000000000000;	1.000000000000000;	0.999999999999999;	1.000000000000000;	1.000000000000000;	0.999999999999997;	0.999999999999984;	0.999999999999925;	0.999999999999621;	0.999999999999258;	0.999999999998810;	0.999999999997599;	0.999999999995783;	0.999999999995710;	0.999999999992879;	0.999999999990969;	0.999999999992150;	0.999999999991270;	0.999999999992220;	0.999999999994019;	0.999999999994163;	0.999999999994617;	0.999999999995071;	0.999999999994259;	0.999999999993169;	0.999999999992257;	0.999999999992245;	0.999999999993671;	0.999999999995824;	0.999999999996863;	0.999999999997447;	0.999999999997293;	0.999999999995708;	0.999999999990593;	0.999999999976148;	0.999999999942472;	0.999999999867131;	0.999999999722573;	0.999999999448700;	0.999999998982558;	0.999999998176085;	0.999999996785393;	0.999999994488185;	0.999999991141794;	0.999999987172651;	0.999999980441280;	0.999999971899150;	0.999999958827308;	0.999999940687609;	0.999999920162762;	0.999999886987398;	0.999999841663820;	0.999999790507020;	0.999999727756267;	0.999999655326680;	0.999999505889925;	0.999999282984903;	0.999998774536554;	0.999998094018609;	0.999804042957061;	1.000000000000000
0.999998619200258;	0.999706476760309;	0.999997451464005;	0.999998406990881;	0.999999142589523;	0.999999061277957;	0.999998810723645;	0.999999999992429;	0.999999999999998;	0.999999992039104;	0.999999987288546;	0.999999999996396;	0.999999999997283;	0.999999999999988;	0.999999999999999;	1.000000000000000;	1.000000000000000;	1.000000000000000;	1.000000000000000;	1.000000000000000;	1.000000000000000;	0.999999999999999;	1.000000000000000;	1.000000000000000;	0.999999999999999;	0.999999999999998;	0.999999999999991;	0.999999999999954;	0.999999999999909;	0.999999999999851;	0.999999999999692;	0.999999999999449;	0.999999999999455;	0.999999999999085;	0.999999999998848;	0.999999999999036;	0.999999999998950;	0.999999999999102;	0.999999999999346;	0.999999999999386;	0.999999999999459;	0.999999999999528;	0.999999999999472;	0.999999999999395;	0.999999999999339;	0.999999999999370;	0.999999999999507;	0.999999999999662;	0.999999999999609;	0.999999999999339;	0.999999999998594;	0.999999999996604;	0.999999999991274;	0.999999999976844;	0.999999999943522;	0.999999999869179;	0.999999999726633;	0.999999999456632;	0.999999998997120;	0.999999998202152;	0.999999996831244;	0.999999994566591;	0.999999991267531;	0.999999987354342;	0.999999980717686;	0.999999972295590;	0.999999959407058;	0.999999941520738;	0.999999921281476;	0.999999888568011;	0.999999843874413;	0.999999793426081;	0.999999731542472;	0.999999660110305;	0.999999512731890;	0.999999292894935;	0.999998791457617;	0.999998120326613;	0.999806812275506;	1.000000000000000
0.999999326286745;	0.999766531835426;	0.999998739705723;	0.999999219764713;	0.999999575854292;	0.999999536241514;	0.999999413170657;	0.999999999998458;	1.000000000000000;	0.999999997294544;	0.999999995713651;	0.999999999999369;	0.999999999999543;	0.999999999999998;	1.000000000000000;	1.000000000000000;	1.000000000000000;	1.000000000000000;	1.000000000000000;	1.000000000000000;	1.000000000000000;	0.999999999999999;	1.000000000000000;	1.000000000000000;	0.999999999999999;	1.000000000000000;	0.999999999999999;	0.999999999999995;	0.999999999999991;	0.999999999999986;	0.999999999999970;	0.999999999999945;	0.999999999999948;	0.999999999999911;	0.999999999999891;	0.999999999999913;	0.999999999999908;	0.999999999999925;	0.999999999999949;	0.999999999999954;	0.999999999999961;	0.999999999999968;	0.999999999999966;	0.999999999999964;	0.999999999999961;	0.999999999999961;	0.999999999999955;	0.999999999999929;	0.999999999999783;	0.999999999999453;	0.999999999998678;	0.999999999996692;	0.999999999991422;	0.999999999977190;	0.999999999944338;	0.999999999871052;	0.999999999730542;	0.999999999464388;	0.999999999011408;	0.999999998227711;	0.999999996876185;	0.999999994643456;	0.999999991390830;	0.999999987532544;	0.999999980988830;	0.999999972684533;	0.999999959975930;	0.999999942338405;	0.999999922379655;	0.999999890119852;	0.999999846045080;	0.999999796292887;	0.999999735261470;	0.999999664809792;	0.999999519454774;	0.999999302633941;	0.999998808087771;	0.999998146182420;	0.999809527335776;	1.000000000000000
0.999999699088790;	0.999799728327251;	0.999999429640577;	0.999999650130579;	0.999999808071765;	0.999999790575557;	0.999999735533324;	0.999999999999744;	1.000000000000000;	0.999999999203083;	0.999999998749967;	0.999999999999911;	0.999999999999939;	1.000000000000000;	1.000000000000000;	1.000000000000000;	0.999999999999999;	1.000000000000000;	1.000000000000000;	1.000000000000000;	1.000000000000000;	1.000000000000000;	1.000000000000000;	1.000000000000000;	0.999999999999999;	1.000000000000000;	1.000000000000000;	0.999999999999999;	0.999999999999999;	0.999999999999998;	0.999999999999997;	0.999999999999995;	0.999999999999996;	0.999999999999994;	0.999999999999992;	0.999999999999994;	0.999999999999994;	0.999999999999994;	0.999999999999996;	0.999999999999996;	0.999999999999996;	0.999999999999998;	0.999999999999996;	0.999999999999998;	0.999999999999995;	0.999999999999992;	0.999999999999976;	0.999999999999941;	0.999999999999793;	0.999999999999465;	0.999999999998698;	0.999999999996739;	0.999999999991545;	0.999999999977517;	0.999999999945134;	0.999999999872893;	0.999999999734374;	0.999999999471988;	0.999999999025408;	0.999999998252763;	0.999999996920243;	0.999999994718829;	0.999999991511750;	0.999999987707339;	0.999999981254841;	0.999999973066162;	0.999999960534183;	0.999999943140968;	0.999999923457763;	0.999999891643563;	0.999999848176693;	0.999999799108547;	0.999999738914653;	0.999999669426845;	0.999999526060910;	0.999999312205191;	0.999998824432513;	0.999998171594592;	0.999812189638762;	0.999999999999999
0.999999879743339;	0.999817299878584;	0.999999769182059;	0.999999859626866;	0.999999922384206;	0.999999915574273;	0.999999893720566;	0.999999999999967;	1.000000000000000;	0.999999999804406;	0.999999999697119;	0.999999999999991;	0.999999999999994;	1.000000000000000;	1.000000000000000;	1.000000000000000;	1.000000000000000;	1.000000000000000;	1.000000000000000;	1.000000000000000;	1.000000000000000;	1.000000000000000;	1.000000000000000;	1.000000000000000;	0.999999999999999;	1.000000000000000;	1.000000000000000;	0.999999999999999;	1.000000000000000;	0.999999999999999;	0.999999999999999;	0.999999999999999;	1.000000000000000;	0.999999999999999;	0.999999999999999;	0.999999999999999;	0.999999999999999;	0.999999999999998;	0.999999999999999;	0.999999999999998;	0.999999999999998;	0.999999999999999;	0.999999999999998;	0.999999999999999;	0.999999999999996;	0.999999999999993;	0.999999999999977;	0.999999999999942;	0.999999999999797;	0.999999999999472;	0.999999999998717;	0.999999999996786;	0.999999999991666;	0.999999999977837;	0.999999999945914;	0.999999999874693;	0.999999999738130;	0.999999999479437;	0.999999999039129;	0.999999998277319;	0.999999996963441;	0.999999994792746;	0.999999991630356;	0.999999987878814;	0.999999981515846;	0.999999973440652;	0.999999961082070;	0.999999943928779;	0.999999924516260;	0.999999893139769;	0.999999850270099;	0.999999801874143;	0.999999742503381;	0.999999673963125;	0.999999532552590;	0.999999321611904;	0.999998840497264;	0.999998196571575;	0.999814800628394;	0.999999999999999
0.999999958402131;	0.999826521976915;	0.999999919241228;	0.999999951268511;	0.999999972887106;	0.999999970650473;	0.999999963230049;	0.999999999999997;	1.000000000000000;	0.999999999962228;	0.999999999942479;	0.999999999999999;	1.000000000000000;	1.000000000000000;	1.000000000000000;	1.000000000000000;	1.000000000000000;	1.000000000000000;	1.000000000000000;	1.000000000000000;	1.000000000000000;	1.000000000000000;	1.000000000000000;	1.000000000000000;	0.999999999999999;	1.000000000000000;	1.000000000000000;	0.999999999999999;	1.000000000000000;	0.999999999999999;	0.999999999999999;	0.999999999999999;	1.000000000000000;	0.999999999999999;	0.999999999999999;	0.999999999999999;	0.999999999999999;	0.999999999999998;	0.999999999999999;	0.999999999999998;	0.999999999999998;	0.999999999999999;	0.999999999999998;	0.999999999999999;	0.999999999999996;	0.999999999999993;	0.999999999999977;	0.999999999999943;	0.999999999999800;	0.999999999999480;	0.999999999998735;	0.999999999996832;	0.999999999991785;	0.999999999978152;	0.999999999946678;	0.999999999876458;	0.999999999741810;	0.999999999486737;	0.999999999052581;	0.999999998301397;	0.999999997005803;	0.999999994865245;	0.999999991746704;	0.999999988047051;	0.999999981771964;	0.999999973808176;	0.999999961619837;	0.999999944702181;	0.999999925555586;	0.999999894609074;	0.999999852326123;	0.999999804590738;	0.999999746028995;	0.999999678420276;	0.999999538932080;	0.999999330857266;	0.999998856287404;	0.999998221121753;	0.999817361703751;	0.999999999999999
0.999999988165604;	0.999831713107564;	0.999999976809549;	0.999999986100842;	0.999999992238993;	0.999999991662090;	0.999999989629445;	1.000000000000000;	1.000000000000000;	0.999999999994723;	0.999999999992138;	1.000000000000000;	1.000000000000000;	1.000000000000000;	1.000000000000000;	1.000000000000000;	1.000000000000000;	1.000000000000000;	1.000000000000000;	1.000000000000000;	1.000000000000000;	1.000000000000000;	1.000000000000000;	1.000000000000000;	0.999999999999999;	1.000000000000000;	1.000000000000000;	0.999999999999999;	1.000000000000000;	0.999999999999999;	0.999999999999999;	0.999999999999999;	1.000000000000000;	0.999999999999998;	0.999999999999999;	0.999999999999999;	1.000000000000000;	0.999999999999998;	0.999999999999999;	0.999999999999998;	0.999999999999998;	0.999999999999999;	0.999999999999998;	1.000000000000000;	0.999999999999996;	0.999999999999993;	0.999999999999978;	0.999999999999944;	0.999999999999803;	0.999999999999487;	0.999999999998753;	0.999999999996877;	0.999999999991900;	0.999999999978459;	0.999999999947426;	0.999999999878188;	0.999999999745417;	0.999999999493894;	0.999999999065769;	0.999999998325008;	0.999999997047350;	0.999999994936364;	0.999999991860853;	0.999999988212132;	0.999999982023315;	0.999999974168902;	0.999999962147723;	0.999999945461510;	0.999999926576179;	0.999999896052078;	0.999999854345586;	0.999999807259380;	0.999999749492824;	0.999999682799929;	0.999999545201639;	0.999999339944462;	0.999998871808311;	0.999998245253510;	0.999819874229887;	0.999999999999999
0.999999997453036;	0.999835173484994;	0.999999994981854;	0.999999997009441;	0.999999998331830;	0.999999998229614;	0.999999997822451;	1.000000000000000;	1.000000000000000;	0.999999999999525;	0.999999999999312;	1.000000000000000;	1.000000000000000;	1.000000000000000;	1.000000000000000;	1.000000000000000;	1.000000000000000;	1.000000000000000;	1.000000000000000;	1.000000000000000;	1.000000000000000;	1.000000000000000;	1.000000000000000;	1.000000000000000;	1.000000000000000;	1.000000000000000;	1.000000000000000;	0.999999999999999;	1.000000000000000;	0.999999999999999;	0.999999999999999;	0.999999999999999;	1.000000000000000;	0.999999999999999;	0.999999999999998;	0.999999999999999;	1.000000000000000;	0.999999999999998;	0.999999999999999;	0.999999999999998;	0.999999999999998;	0.999999999999999;	0.999999999999998;	0.999999999999999;	0.999999999999996;	0.999999999999993;	0.999999999999978;	0.999999999999945;	0.999999999999805;	0.999999999999494;	0.999999999998770;	0.999999999996921;	0.999999999992014;	0.999999999978760;	0.999999999948160;	0.999999999879883;	0.999999999748953;	0.999999999500910;	0.999999999078703;	0.999999998348163;	0.999999997088103;	0.999999995006138;	0.999999991972858;	0.999999988374133;	0.999999982270018;	0.999999974522993;	0.999999962665971;	0.999999946207096;	0.999999927578469;	0.999999897469377;	0.999999856329298;	0.999999809881118;	0.999999752896190;	0.999999687103715;	0.999999551363530;	0.999999348876692;	0.999998887065392;	0.999998268975286;	0.999822339547768;	1.000000000000000
0.999999999642410;	0.999837973987319;	0.999999999297011;	0.999999999583079;	0.999999999769533;	0.999999999760257;	0.999999999710133;	1.000000000000000;	1.000000000000000;	0.999999999999976;	0.999999999999967;	1.000000000000000;	1.000000000000000;	1.000000000000000;	1.000000000000000;	1.000000000000000;	1.000000000000000;	1.000000000000000;	1.000000000000000;	1.000000000000000;	1.000000000000000;	1.000000000000000;	1.000000000000000;	1.000000000000000;	1.000000000000000;	1.000000000000000;	1.000000000000000;	0.999999999999999;	1.000000000000000;	0.999999999999999;	1.000000000000000;	0.999999999999998;	1.000000000000000;	0.999999999999999;	0.999999999999998;	0.999999999999999;	1.000000000000000;	0.999999999999998;	0.999999999999999;	0.999999999999998;	0.999999999999998;	1.000000000000000;	0.999999999999998;	1.000000000000000;	0.999999999999996;	0.999999999999993;	0.999999999999978;	0.999999999999946;	0.999999999999807;	0.999999999999501;	0.999999999998787;	0.999999999996963;	0.999999999992125;	0.999999999979055;	0.999999999948877;	0.999999999881544;	0.999999999752420;	0.999999999507791;	0.999999999091386;	0.999999998370875;	0.999999997128084;	0.999999995074602;	0.999999992082774;	0.999999988533136;	0.999999982512189;	0.999999974870617;	0.999999963174813;	0.999999946939272;	0.999999928562882;	0.999999898861562;	0.999999858278075;	0.999999812457000;	0.999999756240427;	0.999999691333277;	0.999999557420038;	0.999999357657187;	0.999998902064125;	0.999998292295624;	0.999824758983641;	1.000000000000000
0.999999999974041;	0.999840528765292;	0.999999999949790;	0.999999999970410;	0.999999999983991;	0.999999999983811;	0.999999999980925;	1.000000000000000;	1.000000000000000;	0.999999999999999;	0.999999999999999;	1.000000000000000;	1.000000000000000;	1.000000000000000;	1.000000000000000;	1.000000000000000;	1.000000000000000;	1.000000000000000;	1.000000000000000;	1.000000000000000;	1.000000000000000;	1.000000000000000;	1.000000000000000;	1.000000000000000;	1.000000000000000;	1.000000000000000;	1.000000000000000;	0.999999999999999;	0.999999999999999;	0.999999999999999;	1.000000000000000;	0.999999999999998;	1.000000000000000;	0.999999999999999;	0.999999999999998;	0.999999999999999;	1.000000000000000;	0.999999999999998;	0.999999999999999;	0.999999999999998;	0.999999999999998;	1.000000000000000;	0.999999999999998;	1.000000000000000;	0.999999999999996;	0.999999999999993;	0.999999999999979;	0.999999999999948;	0.999999999999810;	0.999999999999509;	0.999999999998804;	0.999999999997005;	0.999999999992233;	0.999999999979344;	0.999999999949582;	0.999999999883172;	0.999999999755818;	0.999999999514539;	0.999999999103829;	0.999999998393158;	0.999999997167314;	0.999999995141790;	0.999999992190657;	0.999999988689215;	0.999999982749941;	0.999999975211937;	0.999999963674488;	0.999999947658366;	0.999999929529852;	0.999999900229228;	0.999999860192733;	0.999999814988085;	0.999999759526881;	0.999999695490282;	0.999999563373482;	0.999999366289243;	0.999998916810089;	0.999998315223226;	0.999827133858110;	1.000000000000000
0.999999999999105;	0.999842962869198;	0.999999999998502;	0.999999999999111;	0.999999999999596;	0.999999999999605;	0.999999999999551;	1.000000000000000;	1.000000000000000;	1.000000000000000;	1.000000000000000;	1.000000000000000;	1.000000000000000;	1.000000000000000;	1.000000000000000;	1.000000000000000;	1.000000000000000;	0.999999999999999;	1.000000000000000;	1.000000000000000;	1.000000000000000;	1.000000000000000;	1.000000000000000;	1.000000000000000;	0.999999999999999;	1.000000000000000;	1.000000000000000;	0.999999999999999;	0.999999999999999;	0.999999999999999;	1.000000000000000;	0.999999999999999;	1.000000000000000;	0.999999999999999;	0.999999999999998;	0.999999999999998;	1.000000000000000;	0.999999999999998;	0.999999999999999;	0.999999999999998;	0.999999999999998;	1.000000000000000;	0.999999999999998;	1.000000000000000;	0.999999999999996;	0.999999999999993;	0.999999999999979;	0.999999999999948;	0.999999999999813;	0.999999999999515;	0.999999999998820;	0.999999999997046;	0.999999999992340;	0.999999999979628;	0.999999999950273;	0.999999999884771;	0.999999999759153;	0.999999999521158;	0.999999999116036;	0.999999998415024;	0.999999997205814;	0.999999995207740;	0.999999992296561;	0.999999988842452;	0.999999982983395;	0.999999975547120;	0.999999964165233;	0.999999948364711;	0.999999930479813;	0.999999901572980;	0.999999862074104;	0.999999817475450;	0.999999762756922;	0.999999699576426;	0.999999569226237;	0.999999374776227;	0.999998931308997;	0.999998337767017;	0.999829465495118;	1.000000000000000
0.999999999999802;	0.999845306915010;	0.999999999999816;	0.999999999999876;	0.999999999999997;	0.999999999999997;	0.999999999999997;	1.000000000000000;	1.000000000000000;	1.000000000000000;	1.000000000000000;	1.000000000000000;	1.000000000000000;	1.000000000000000;	1.000000000000000;	1.000000000000000;	1.000000000000000;	1.000000000000000;	1.000000000000000;	1.000000000000000;	1.000000000000000;	1.000000000000000;	1.000000000000000;	1.000000000000000;	1.000000000000000;	1.000000000000000;	1.000000000000000;	0.999999999999999;	1.000000000000000;	0.999999999999999;	1.000000000000000;	0.999999999999999;	1.000000000000000;	0.999999999999999;	0.999999999999998;	0.999999999999999;	1.000000000000000;	0.999999999999998;	0.999999999999999;	0.999999999999998;	0.999999999999998;	1.000000000000000;	0.999999999999998;	1.000000000000000;	0.999999999999996;	0.999999999999993;	0.999999999999980;	0.999999999999949;	0.999999999999815;	0.999999999999521;	0.999999999998836;	0.999999999997086;	0.999999999992444;	0.999999999979906;	0.999999999950950;	0.999999999886337;	0.999999999762424;	0.999999999527655;	0.999999999128016;	0.999999998436483;	0.999999997243606;	0.999999995272484;	0.999999992400542;	0.999999988992925;	0.999999983212667;	0.999999975876334;	0.999999964647289;	0.999999949058642;	0.999999931413206;	0.999999902893433;	0.999999863923036;	0.999999819920194;	0.999999765931958;	0.999999703593452;	0.999999574980735;	0.999999383121608;	0.999998945566741;	0.999998359936193;	0.999831755231006;	1.000000000000000
0.999999999999811;	0.999847571425687;	0.999999999999828;	0.999999999999883;	1.000000000000000;	1.000000000000000;	1.000000000000000;	1.000000000000000;	1.000000000000000;	1.000000000000000;	1.000000000000000;	1.000000000000000;	1.000000000000000;	1.000000000000000;	1.000000000000000;	1.000000000000000;	1.000000000000000;	1.000000000000000;	1.000000000000000;	1.000000000000000;	1.000000000000000;	1.000000000000000;	1.000000000000000;	1.000000000000000;	0.999999999999999;	1.000000000000000;	1.000000000000000;	0.999999999999999;	1.000000000000000;	0.999999999999999;	1.000000000000000;	0.999999999999999;	1.000000000000000;	0.999999999999999;	0.999999999999998;	0.999999999999998;	1.000000000000000;	0.999999999999998;	0.999999999999999;	0.999999999999998;	0.999999999999998;	1.000000000000000;	0.999999999999998;	1.000000000000000;	0.999999999999996;	0.999999999999993;	0.999999999999980;	0.999999999999950;	0.999999999999818;	0.999999999999527;	0.999999999998852;	0.999999999997126;	0.999999999992547;	0.999999999980178;	0.999999999951615;	0.999999999887874;	0.999999999765634;	0.999999999534030;	0.999999999139775;	0.999999998457548;	0.999999997280709;	0.999999995336059;	0.999999992502658;	0.999999989140713;	0.999999983437879;	0.999999976199747;	0.999999965120900;	0.999999949740507;	0.999999932330485;	0.999999904191219;	0.999999865740401;	0.999999822323454;	0.999999769053433;	0.999999707543160;	0.999999580639501;	0.999999391328985;	0.999998959589429;	0.999998381740292;	0.999834004423725;	1.000000000000000
0.999999999999814;	0.999849763062767;	0.999999999999831;	0.999999999999885;	1.000000000000000;	1.000000000000000;	1.000000000000000;	1.000000000000000;	1.000000000000000;	1.000000000000000;	1.000000000000000;	1.000000000000000;	1.000000000000000;	1.000000000000000;	1.000000000000000;	1.000000000000000;	1.000000000000000;	1.000000000000000;	1.000000000000000;	1.000000000000000;	1.000000000000000;	1.000000000000000;	1.000000000000000;	1.000000000000000;	0.999999999999999;	1.000000000000000;	1.000000000000000;	0.999999999999999;	1.000000000000000;	0.999999999999999;	1.000000000000000;	0.999999999999999;	1.000000000000000;	0.999999999999999;	0.999999999999998;	0.999999999999998;	1.000000000000001;	0.999999999999998;	0.999999999999999;	0.999999999999998;	0.999999999999998;	1.000000000000000;	0.999999999999998;	1.000000000000000;	0.999999999999996;	0.999999999999993;	0.999999999999980;	0.999999999999951;	0.999999999999820;	0.999999999999534;	0.999999999998868;	0.999999999997165;	0.999999999992647;	0.999999999980446;	0.999999999952267;	0.999999999889383;	0.999999999768784;	0.999999999540288;	0.999999999151320;	0.999999998478232;	0.999999997317146;	0.999999995398501;	0.999999992602964;	0.999999989285899;	0.999999983659154;	0.999999976517533;	0.999999965586319;	0.999999950410661;	0.999999933232119;	0.999999905466990;	0.999999867527101;	0.999999824686403;	0.999999772122853;	0.999999711427420;	0.999999586205161;	0.999999399402103;	0.999998973383430;	0.999998403189258;	0.999836214462130;	1.000000000000000
0.999999999999817;	0.999851887619268;	0.999999999999834;	0.999999999999887;	1.000000000000000;	1.000000000000000;	1.000000000000000;	1.000000000000000;	1.000000000000000;	1.000000000000000;	1.000000000000000;	1.000000000000000;	1.000000000000000;	1.000000000000000;	1.000000000000000;	1.000000000000000;	1.000000000000000;	1.000000000000000;	1.000000000000000;	1.000000000000000;	1.000000000000000;	1.000000000000000;	1.000000000000000;	1.000000000000000;	0.999999999999999;	1.000000000000000;	1.000000000000000;	0.999999999999999;	1.000000000000000;	0.999999999999999;	1.000000000000000;	0.999999999999999;	1.000000000000000;	0.999999999999998;	0.999999999999998;	0.999999999999999;	1.000000000000000;	0.999999999999998;	0.999999999999998;	0.999999999999998;	0.999999999999998;	1.000000000000000;	0.999999999999998;	1.000000000000000;	0.999999999999996;	0.999999999999994;	0.999999999999980;	0.999999999999952;	0.999999999999823;	0.999999999999540;	0.999999999998883;	0.999999999997202;	0.999999999992746;	0.999999999980708;	0.999999999952906;	0.999999999890864;	0.999999999771876;	0.999999999546434;	0.999999999162658;	0.999999998498548;	0.999999997352939;	0.999999995459848;	0.999999992701523;	0.999999989428571;	0.999999983876619;	0.999999976829877;	0.999999966043807;	0.999999951069471;	0.999999934118593;	0.999999906721427;	0.999999869284076;	0.999999827010266;	0.999999775141787;	0.999999715248185;	0.999999591680463;	0.999999407344888;	0.999998986955419;	0.999998424293516;	0.999838386775067;	1.000000000000000
0.999999999999820;	0.999853950482870;	0.999999999999837;	0.999999999999889;	1.000000000000000;	1.000000000000000;	1.000000000000000;	1.000000000000000;	1.000000000000000;	1.000000000000000;	1.000000000000000;	1.000000000000000;	1.000000000000000;	1.000000000000000;	1.000000000000000;	1.000000000000000;	1.000000000000000;	1.000000000000000;	1.000000000000000;	1.000000000000000;	1.000000000000000;	1.000000000000000;	1.000000000000000;	1.000000000000000;	0.999999999999999;	1.000000000000000;	1.000000000000000;	0.999999999999999;	1.000000000000000;	0.999999999999999;	1.000000000000000;	0.999999999999999;	1.000000000000000;	0.999999999999998;	0.999999999999998;	0.999999999999998;	1.000000000000001;	0.999999999999998;	0.999999999999998;	0.999999999999998;	0.999999999999998;	1.000000000000000;	0.999999999999998;	1.000000000000000;	0.999999999999996;	0.999999999999994;	0.999999999999980;	0.999999999999953;	0.999999999999825;	0.999999999999546;	0.999999999998898;	0.999999999997239;	0.999999999992843;	0.999999999980965;	0.999999999953534;	0.999999999892319;	0.999999999774915;	0.999999999552471;	0.999999999173797;	0.999999998518511;	0.999999997388112;	0.999999995520140;	0.999999992798394;	0.999999989568815;	0.999999984090407;	0.999999977136963;	0.999999966493637;	0.999999951717324;	0.999999934990420;	0.999999907955242;	0.999999871012313;	0.999999829296329;	0.999999778111885;	0.999999719007511;	0.999999597068292;	0.999999415161472;	0.999999000312425;	0.999998445064037;	0.999840522839488;	1.000000000000000
0.999999999999823;	0.999855956764689;	0.999999999999839;	0.999999999999890;	1.000000000000000;	1.000000000000000;	1.000000000000000;	1.000000000000000;	1.000000000000000;	1.000000000000000;	1.000000000000000;	1.000000000000000;	1.000000000000000;	1.000000000000000;	1.000000000000000;	1.000000000000000;	1.000000000000000;	1.000000000000000;	1.000000000000000;	1.000000000000000;	1.000000000000000;	1.000000000000000;	1.000000000000000;	1.000000000000000;	1.000000000000000;	1.000000000000000;	1.000000000000000;	0.999999999999999;	0.999999999999999;	0.999999999999999;	1.000000000000000;	0.999999999999999;	1.000000000000000;	0.999999999999998;	0.999999999999998;	0.999999999999998;	1.000000000000000;	0.999999999999998;	0.999999999999998;	0.999999999999998;	0.999999999999998;	1.000000000000000;	0.999999999999998;	1.000000000000000;	0.999999999999996;	0.999999999999994;	0.999999999999980;	0.999999999999954;	0.999999999999829;	0.999999999999552;	0.999999999998913;	0.999999999997275;	0.999999999992938;	0.999999999981219;	0.999999999954152;	0.999999999893748;	0.999999999777900;	0.999999999558404;	0.999999999184745;	0.999999998538133;	0.999999997422689;	0.999999995579416;	0.999999992893645;	0.999999989706726;	0.999999984300656;	0.999999977438991;	0.999999966936095;	0.999999952354624;	0.999999935848132;	0.999999909169182;	0.999999872712847;	0.999999831545944;	0.999999781034879;	0.999999722707561;	0.999999602371700;	0.999999422856215;	0.999999013461864;	0.999998465512392;	0.999842624186084;	1.000000000000000
0.999999999999825;	0.999857911411315;	0.999999999999842;	0.999999999999892;	1.000000000000000;	1.000000000000000;	1.000000000000000;	1.000000000000000;	1.000000000000000;	1.000000000000000;	1.000000000000000;	1.000000000000000;	1.000000000000000;	1.000000000000000;	1.000000000000000;	1.000000000000000;	1.000000000000000;	1.000000000000000;	1.000000000000000;	1.000000000000000;	1.000000000000000;	0.999999999999999;	1.000000000000000;	1.000000000000000;	0.999999999999999;	1.000000000000000;	1.000000000000000;	0.999999999999999;	0.999999999999999;	1.000000000000000;	1.000000000000000;	0.999999999999999;	1.000000000000000;	0.999999999999998;	0.999999999999998;	0.999999999999998;	1.000000000000000;	0.999999999999998;	0.999999999999998;	0.999999999999998;	0.999999999999999;	1.000000000000000;	0.999999999999997;	1.000000000000000;	0.999999999999996;	0.999999999999993;	0.999999999999980;	0.999999999999955;	0.999999999999831;	0.999999999999558;	0.999999999998927;	0.999999999997311;	0.999999999993031;	0.999999999981467;	0.999999999954758;	0.999999999895153;	0.999999999780836;	0.999999999564238;	0.999999999195511;	0.999999998557428;	0.999999997456696;	0.999999995637720;	0.999999992987342;	0.999999989842397;	0.999999984507512;	0.999999977736168;	0.999999967371480;	0.999999952981797;	0.999999936692293;	0.999999910364035;	0.999999874386770;	0.999999833760536;	0.999999783912598;	0.999999726350616;	0.999999607593895;	0.999999430433715;	0.999999026411556;	0.999998485650774;	0.999844692399507;	1.000000000000000
0.999999999999828;	0.999859819297617;	0.999999999999844;	0.999999999999894;	1.000000000000000;	1.000000000000000;	1.000000000000000;	1.000000000000000;	1.000000000000000;	1.000000000000000;	1.000000000000000;	1.000000000000000;	1.000000000000000;	1.000000000000000;	1.000000000000000;	1.000000000000000;	1.000000000000000;	1.000000000000000;	1.000000000000000;	1.000000000000000;	1.000000000000000;	1.000000000000000;	1.000000000000000;	1.000000000000000;	0.999999999999999;	1.000000000000000;	1.000000000000000;	0.999999999999999;	0.999999999999999;	1.000000000000000;	1.000000000000001;	0.999999999999999;	1.000000000000000;	0.999999999999998;	0.999999999999998;	0.999999999999998;	1.000000000000000;	0.999999999999998;	0.999999999999998;	0.999999999999998;	0.999999999999999;	1.000000000000000;	0.999999999999997;	1.000000000000000;	0.999999999999996;	0.999999999999994;	0.999999999999980;	0.999999999999956;	0.999999999999834;	0.999999999999564;	0.999999999998941;	0.999999999997346;	0.999999999993124;	0.999999999981712;	0.999999999955354;	0.999999999896535;	0.999999999783724;	0.999999999569977;	0.999999999206102;	0.999999998576414;	0.999999997490158;	0.999999995695099;	0.999999993079557;	0.999999989975933;	0.999999984711129;	0.999999978028711;	0.999999967800108;	0.999999953599290;	0.999999937523494;	0.999999911540630;	0.999999876035228;	0.999999835941600;	0.999999786746959;	0.999999729939064;	0.999999612738244;	0.999999437898786;	0.999999039169686;	0.999998505491936;	0.999846729107921;	0.999999999999999
0.999999999999830;	0.999861685251746;	0.999999999999846;	0.999999999999895;	1.000000000000000;	1.000000000000000;	1.000000000000000;	1.000000000000000;	1.000000000000000;	1.000000000000000;	1.000000000000000;	1.000000000000000;	1.000000000000000;	1.000000000000000;	1.000000000000000;	1.000000000000000;	1.000000000000000;	1.000000000000000;	1.000000000000000;	1.000000000000000;	1.000000000000000;	1.000000000000000;	1.000000000000000;	1.000000000000000;	0.999999999999999;	1.000000000000000;	1.000000000000000;	0.999999999999999;	0.999999999999999;	1.000000000000000;	1.000000000000001;	0.999999999999999;	1.000000000000000;	0.999999999999998;	0.999999999999998;	0.999999999999998;	1.000000000000000;	0.999999999999997;	0.999999999999998;	0.999999999999998;	0.999999999999999;	1.000000000000000;	0.999999999999997;	1.000000000000000;	0.999999999999996;	0.999999999999994;	0.999999999999981;	0.999999999999957;	0.999999999999837;	0.999999999999570;	0.999999999998956;	0.999999999997379;	0.999999999993214;	0.999999999981952;	0.999999999955941;	0.999999999897894;	0.999999999786566;	0.999999999575627;	0.999999999216527;	0.999999998595105;	0.999999997523104;	0.999999995751597;	0.999999993170364;	0.999999990107440;	0.999999984911664;	0.999999978316845;	0.999999968222305;	0.999999954207564;	0.999999938342346;	0.999999912699818;	0.999999877659400;	0.999999838090675;	0.999999789539937;	0.999999733475366;	0.999999617808210;	0.999999445256387;	0.999999051744683;	0.999998525048986;	0.999848735952667;	0.999999999999999
0.999999999999832;	0.999863513644857;	0.999999999999848;	0.999999999999897;	1.000000000000000;	1.000000000000000;	1.000000000000000;	1.000000000000000;	1.000000000000000;	1.000000000000000;	1.000000000000000;	1.000000000000000;	1.000000000000000;	1.000000000000000;	1.000000000000000;	1.000000000000000;	1.000000000000000;	1.000000000000000;	1.000000000000000;	1.000000000000000;	1.000000000000000;	1.000000000000000;	1.000000000000000;	1.000000000000000;	0.999999999999999;	1.000000000000000;	1.000000000000000;	0.999999999999998;	1.000000000000000;	1.000000000000000;	1.000000000000001;	0.999999999999999;	1.000000000000000;	0.999999999999998;	0.999999999999998;	0.999999999999998;	1.000000000000000;	0.999999999999997;	0.999999999999998;	0.999999999999998;	0.999999999999999;	1.000000000000000;	0.999999999999997;	1.000000000000000;	0.999999999999996;	0.999999999999994;	0.999999999999981;	0.999999999999958;	0.999999999999839;	0.999999999999576;	0.999999999998969;	0.999999999997413;	0.999999999993304;	0.999999999982189;	0.999999999956519;	0.999999999899233;	0.999999999789365;	0.999999999581190;	0.999999999226797;	0.999999998613517;	0.999999997555561;	0.999999995807260;	0.999999993259834;	0.999999990237019;	0.999999985109274;	0.999999978600792;	0.999999968638391;	0.999999954807073;	0.999999939149452;	0.999999913842444;	0.999999879260456;	0.999999840209291;	0.999999792293492;	0.999999736961970;	0.999999622807243;	0.999999452511459;	0.999999064144953;	0.999998544335000;	0.999850714539201;	0.999999999999999
1.000000000000000;	1.000000000000000;	1.000000000000000;	1.000000000000000;	1.000000000000000;	1.000000000000000;	1.000000000000000;	1.000000000000000;	1.000000000000000;	1.000000000000000;	1.000000000000000;	1.000000000000000;	1.000000000000000;	1.000000000000000;	1.000000000000000;	1.000000000000000;	1.000000000000000;	1.000000000000000;	1.000000000000000;	1.000000000000000;	1.000000000000000;	1.000000000000000;	1.000000000000000;	1.000000000000000;	1.000000000000000;	1.000000000000000;	1.000000000000000;	1.000000000000000;	1.000000000000000;	1.000000000000000;	1.000000000000000;	1.000000000000000;	1.000000000000000;	1.000000000000000;	1.000000000000000;	1.000000000000000;	1.000000000000000;	1.000000000000000;	1.000000000000000;	1.000000000000000;	1.000000000000000;	1.000000000000000;	1.000000000000000;	1.000000000000000;	1.000000000000000;	1.000000000000000;	1.000000000000000;	1.000000000000000;	1.000000000000000;	1.000000000000000;	1.000000000000000;	1.000000000000000;	1.000000000000000;	1.000000000000000;	1.000000000000000;	1.000000000000000;	1.000000000000000;	1.000000000000000;	1.000000000000000;	1.000000000000000;	1.000000000000000;	1.000000000000000;	1.000000000000000;	1.000000000000000;	1.000000000000000;	1.000000000000000;	1.000000000000000;	1.000000000000000;	1.000000000000000;	1.000000000000000;	1.000000000000000;	1.000000000000000;	1.000000000000000;	1.000000000000000;	1.000000000000000;	1.000000000000000;	1.000000000000000;	1.000000000000000;	1.000000000000000;	1.000000000000000
