0.179559730461557;	0.210422688019115;	0.000000036806933;	0.000000016803418;	0.000006982438717;	0.000004378218883;	0.000001092253496;	0.104274220339761;	0.110719992928029;	0.092087403678605;	0.106853121571312;	0.000015669913984;	0.000007084222376;	0.000007009297354;	0.000008035569226;	0.000013225201571;	0.000032313513833;	0.000039658119620;	0.000047911955919;	0.000070677262158;	0.000075545555545;	0.000126923098155;	0.000209217487595;	0.000186297153808;	0.000221177935670;	0.000466714037030;	0.000725989013836;	0.000684022954407;	0.000904472502305;	0.001424481489655;	0.001905252608080;	0.002998831165094;	0.003278405484579;	0.003430312009543;	0.004700773202747;	0.006803840008216;	0.008962230515716;	0.012197836990704;	0.015385267145061;	0.018681054855282;	0.022362311778124;	0.025621307313150;	0.027094318748099;	0.031180112600929;	0.036569751152596;	0.043336380888031;	0.051615758678900;	0.058902159544218;	0.068579654311718;	0.076546353392829;	0.084669273525653;	0.094569673428298;	0.106156013903381;	0.118778955142532;	0.131618219710864;	0.145324030599756;	0.158397428904835;	0.171860608303249;	0.192717961441160;	0.204360212866959;	0.219031862770379;	0.234591759558666;	0.249093030407799;	0.262293134914081;	0.277584394264227;	0.289084979401084;	0.304873380840419;	0.322018409865517;	0.338083346581780;	0.355839398199884;	0.373569621683030;	0.391326091030131;	0.409882382900803;	0.428307742840472;	0.454816662623754;	0.484115398336872;	0.523342235720231;	0.557786828913156;	0.828531391907927;	0.000000013590669
0.180694331900371;	0.211724895530849;	0.000000099890745;	0.000000038273832;	0.000018837911755;	0.000010834072846;	0.000002655126419;	0.104275528718544;	0.110721331208395;	0.092088527586557;	0.106854787634635;	0.000025426712361;	0.000011621048945;	0.000011121785657;	0.000012246032087;	0.000019193226945;	0.000043671972115;	0.000051762415922;	0.000062298289462;	0.000087869125816;	0.000093244328700;	0.000152895644908;	0.000245176896686;	0.000217975609696;	0.000256769726566;	0.000528373100450;	0.000808655383067;	0.000760439708515;	0.000997812350498;	0.001555024954576;	0.002065830475422;	0.003216889936973;	0.003507163647790;	0.003662284447084;	0.004990677364271;	0.007179575368362;	0.009416067412434;	0.012753926759494;	0.016029850486627;	0.019403233284874;	0.023161833873897;	0.026483343794127;	0.027957079460819;	0.032111829611589;	0.037589810823778;	0.044454104388083;	0.052840813688335;	0.060215511017405;	0.069994445022958;	0.078035194727722;	0.086225757909449;	0.096201860045799;	0.107865946567602;	0.120560350969958;	0.133461460374997;	0.147223719566738;	0.160343022964861;	0.173846474624190;	0.193380354617696;	0.205029596939568;	0.219714361089270;	0.235286445662643;	0.249797868960270;	0.263007688361340;	0.278307769334576;	0.289810466162577;	0.305606156247056;	0.322758379103256;	0.338830777724028;	0.356591918152799;	0.374325951452007;	0.392085946853417;	0.410644116255313;	0.429070297786785;	0.455569797014407;	0.484851991309599;	0.524046198311420;	0.558452814954747;	0.828787162534086;	0.000000020505026
0.182426187752621;	0.213253997550114;	0.000000323274634;	0.000000110009383;	0.000056132626973;	0.000029487132534;	0.000007103997711;	0.104278784826271;	0.110724160034304;	0.092090927468366;	0.106857805563841;	0.000041254072849;	0.000019261231052;	0.000017738416677;	0.000018666049447;	0.000027858190927;	0.000058475648901;	0.000066869643951;	0.000079725238504;	0.000107975536209;	0.000113671908820;	0.000181291282565;	0.000283432363420;	0.000251281284971;	0.000293114511007;	0.000588904695442;	0.000887657722250;	0.000832603585306;	0.001083918467423;	0.001672352291601;	0.002207336140745;	0.003404499222511;	0.003700891904649;	0.003855629782618;	0.005227407497613;	0.007479592226898;	0.009771466583930;	0.013180703267994;	0.016515998555451;	0.019939307682694;	0.023746184533725;	0.027104272730403;	0.028569025738129;	0.032761680460174;	0.038289675485107;	0.045208298213108;	0.053653580798984;	0.061073095992456;	0.070902649806331;	0.078975614920159;	0.087193207537487;	0.097199585715023;	0.108893681944776;	0.121613001503687;	0.134532362064133;	0.148308660306279;	0.161435226332907;	0.174941951565753;	0.194820260455535;	0.206467157426662;	0.221161797336338;	0.236740804381845;	0.251254212869478;	0.264464223462727;	0.279761147076907;	0.291245905485576;	0.307032263318806;	0.324172947406802;	0.340232230366539;	0.357973713871528;	0.375684202344623;	0.393420054305460;	0.411951746092438;	0.430350726348068;	0.456837041451561;	0.486200293317702;	0.525457704462025;	0.559911223649093;	0.829391622004904;	0.000000044270977
0.184589388533581;	0.214970676868944;	0.000001129811846;	0.000000360369217;	0.000180768325164;	0.000088187697442;	0.000021145688933;	0.104287934539996;	0.110731029990680;	0.092096903567032;	0.106864290140755;	0.020026778181408;	0.000034947768620;	0.000030901359526;	0.000030929084763;	0.000043822669181;	0.000083327420887;	0.000091466579354;	0.000107599610064;	0.000139408029749;	0.000145546224500;	0.000223825880911;	0.000339872699152;	0.000300403275284;	0.000345832014365;	0.000674443540990;	0.000997735456053;	0.000933169312078;	0.001202672721522;	0.001832138225689;	0.002398815066329;	0.003655810626015;	0.003959811959802;	0.004113483237754;	0.005541217538540;	0.007874327648482;	0.010236983102288;	0.013737029278800;	0.017148469220687;	0.020636535185535;	0.024506507838484;	0.027913468220565;	0.029367446133516;	0.033609804157222;	0.039203964505681;	0.046194699851818;	0.054718021838246;	0.062199171210710;	0.072300728880907;	0.080758519119435;	0.089362824331585;	0.099714000629007;	0.111650566652051;	0.124573316529643;	0.137669256625543;	0.151601667671717;	0.164855425038424;	0.178470586841733;	0.197445226176634;	0.209174885600710;	0.223976337645188;	0.239659829677393;	0.254273271383549;	0.267586752167252;	0.282988612793752;	0.294549193690552;	0.310437174355741;	0.327682974215083;	0.343853964595744;	0.361702637053911;	0.379521929024745;	0.397377014899587;	0.416034704971460;	0.434572416762377;	0.461161864984986;	0.490606555152877;	0.529874247613143;	0.564326620336666;	0.831213313846347;	0.000000061418023
0.187623388847156;	0.216907879900318;	0.000004065161259;	0.000001241360418;	0.004757106536254;	0.000272018182567;	0.000065554310252;	0.104313545221895;	0.110747563043860;	0.092111607598875;	0.106877984533959;	0.020084986273709;	0.000066476634520;	0.000056540092291;	0.000054467672663;	0.000074461696742;	0.000129210694233;	0.000137343513143;	0.000159868420588;	0.000200076520885;	0.000208373531437;	0.000307867112542;	0.000454884564523;	0.000401998051350;	0.000455710534037;	0.000857415256374;	0.001239546951368;	0.001157548613712;	0.001472697811062;	0.002204280221601;	0.002854481194134;	0.004270847010645;	0.004603746868123;	0.004763391409632;	0.006347684527043;	0.008909395790448;	0.011479393976792;	0.015250587948356;	0.018900664515671;	0.022603513643274;	0.026690265527786;	0.030275781296459;	0.031732651312190;	0.036159263251845;	0.041996510720450;	0.049259568238476;	0.058085435202779;	0.065824407344178;	0.076161955460063;	0.084773564075007;	0.093541232690893;	0.104106686488917;	0.116301708605510;	0.129487634430693;	0.142839784156448;	0.157031057490146;	0.170529645110627;	0.184389607328129;	0.202725805898973;	0.214606097573263;	0.229619192640856;	0.245521945787338;	0.260357683006036;	0.273908357020349;	0.289554561979221;	0.301315553492366;	0.317471458867837;	0.335008934168831;	0.351504460934393;	0.369695814039707;	0.387899859802212;	0.406226893968029;	0.425461123292093;	0.444723783218744;	0.472092471253798;	0.502374389337505;	0.542469824729683;	0.577724154829109;	0.837115362698609;	0.000000144022798
0.424053468636721;	0.221984539653593;	0.000014938365373;	0.000004424893216;	0.004799341050702;	0.006716050229708;	0.000211288984058;	0.104390096517422;	0.110790935771734;	0.092151252349016;	0.106911998522948;	0.028410057399637;	0.020152653554567;	0.000119160096785;	0.000109180273981;	0.000142538952141;	0.000221704197461;	0.000226059177128;	0.000256847313232;	0.000310041913558;	0.000320586878840;	0.000450189977844;	0.000646490678166;	0.000569660236036;	0.000632254377394;	0.001143509016459;	0.001612013181256;	0.001501236116062;	0.001879747933097;	0.002756305514009;	0.003524455479882;	0.005168204851655;	0.005539521915226;	0.005703817398395;	0.007510023174126;	0.010394977487646;	0.013259908482818;	0.017419959926858;	0.021420779585287;	0.025449984221081;	0.029873768587196;	0.033746608417740;	0.035229037188461;	0.039947187420032;	0.046174302750406;	0.053881341559277;	0.063207449788584;	0.071388610935225;	0.082184077380919;	0.091126565430933;	0.100211930478874;	0.111150913282768;	0.123777156236874;	0.137401915069445;	0.151186699111062;	0.165821281204742;	0.179745843241363;	0.194039703877433;	0.211861200956961;	0.224049858892160;	0.239484044472198;	0.255834239736453;	0.271146911466152;	0.285232979795737;	0.301470913139913;	0.313801932281078;	0.330725398109465;	0.349160176686781;	0.366685293323878;	0.385959572635330;	0.405194339833759;	0.424331978389766;	0.444080296006940;	0.463530591430769;	0.490499492344610;	0.519832390734561;	0.558483564700725;	0.591923131285205;	0.842380868283600;	0.000000198985751
0.462976730947135;	0.227477786512608;	0.000055617114377;	0.000016070410428;	0.006126203466293;	0.007583942143947;	0.005211673401581;	0.104612681564221;	0.110900365552071;	0.092253804077112;	0.106987309512560;	0.030833359663977;	0.026915158709651;	0.024408807819231;	0.000216203402146;	0.000272531151463;	0.000383171097102;	0.000377951216338;	0.000419852034010;	0.000494731420619;	0.000509751596887;	0.000681049868735;	0.000957701423397;	0.000841555341689;	0.000912856081735;	0.001591639955235;	0.002192229460276;	0.002035065040070;	0.002505210068301;	0.003596164741258;	0.004537469251412;	0.006518790087528;	0.006938907960842;	0.007098479191210;	0.009221638598027;	0.012565971638255;	0.015846745381644;	0.020556993895465;	0.025056930851986;	0.029557084443728;	0.034470654856777;	0.038761079584300;	0.040270145916815;	0.045388843477488;	0.052165658819959;	0.060504972634872;	0.070547647829568;	0.079363567768107;	0.090842753197044;	0.100310313833498;	0.109906419742948;	0.121426580113870;	0.134706559025870;	0.148999024438350;	0.163452989209595;	0.178785036048952;	0.193392259919910;	0.208398785702608;	0.226047571988286;	0.238828015123911;	0.255032509490615;	0.272177630577207;	0.288277199674726;	0.303102024252661;	0.319898769978317;	0.332354074225536;	0.349319360932386;	0.367544503231145;	0.384583602920978;	0.403078156450444;	0.421308726853835;	0.439494700320812;	0.458363093863531;	0.476990166895925;	0.503095615985764;	0.531625041770323;	0.569485832057472;	0.602107133115077;	0.846262291305128;	0.000000469216654
0.604016237259725;	0.236089843717727;	0.000208733581085;	0.000059030456118;	0.006523108371126;	0.009217470311184;	0.006891338220385;	0.111081849038750;	0.111174897322790;	0.092515611819536;	0.107157773730957;	0.033076388975054;	0.032824624155218;	0.036651922733481;	0.025665418095944;	0.028237810147655;	0.000661587457489;	0.000634661269237;	0.000688099515789;	0.000794634148678;	0.000816393174727;	0.001038039456640;	0.001436701719302;	0.001258828150284;	0.001333174575905;	0.002249277869473;	0.003036635869997;	0.002809899950116;	0.003401956422590;	0.004786525876001;	0.005964252273545;	0.008412266600589;	0.008889419976062;	0.009026586711785;	0.011570723160642;	0.015520135109143;	0.019341884912479;	0.024770065063040;	0.029924419435303;	0.035050493001907;	0.040618071490090;	0.045462115474728;	0.046978468042180;	0.052582866024183;	0.060050276882107;	0.069190005443461;	0.080141470568767;	0.089752751622348;	0.102107644242352;	0.112269727373311;	0.122546789473696;	0.134816833412132;	0.148909330986223;	0.164001192275207;	0.179213412594827;	0.195264506524078;	0.210443072962475;	0.225894177153751;	0.243366507358951;	0.256097657106564;	0.272245046113343;	0.289162639814276;	0.304899722129155;	0.319270718781523;	0.335542422310000;	0.347395963656906;	0.363888552656386;	0.381688147741455;	0.398369694964704;	0.416539537464645;	0.434469261636679;	0.452396154366929;	0.471015703546730;	0.489390877692224;	0.515099142516268;	0.543159814833856;	0.580438347681140;	0.612297970271223;	0.850118404745475;	0.000000647562698
0.703726695952765;	0.247043807610949;	0.000786844970733;	0.000218212869855;	0.009176869367293;	0.011789520633633;	0.007815859002471;	0.113562478870533;	0.117582929572760;	0.098899272904501;	0.107531177074823;	0.034301919644860;	0.036063940446168;	0.043074506101942;	0.040819664467606;	0.046252485412129;	0.031981429677484;	0.001040736947781;	0.001099471718773;	0.001273409433174;	0.001305297926161;	0.001574654594680;	0.002150347374472;	0.001877846679485;	0.001941556773004;	0.003176997520663;	0.004213623118874;	0.003885939684214;	0.004627969537004;	0.006389607817488;	0.007868719346987;	0.010919401764081;	0.011451940812094;	0.011534071834672;	0.014594173936959;	0.019276359509746;	0.023740313213365;	0.030021362278376;	0.035952500036287;	0.041827845418142;	0.048177539730617;	0.053669737692593;	0.055126282635866;	0.061216952284512;	0.069414308208745;	0.079396611990076;	0.091286590469850;	0.101662640491248;	0.114837853539521;	0.125592260259661;	0.136391468605743;	0.149148378707387;	0.163661520185969;	0.179065609813046;	0.194476611205079;	0.210634708262984;	0.225777867235730;	0.241127492027296;	0.258394890544290;	0.270875610685974;	0.286900206105775;	0.303699984729466;	0.319351709216102;	0.333674173236099;	0.349869635698987;	0.361519886336660;	0.377907258262046;	0.395597918019221;	0.412169866278713;	0.430181000876029;	0.447902314741701;	0.465617746122011;	0.484007782358907;	0.502133431001309;	0.527440104295086;	0.555034446348842;	0.591740069990108;	0.622791021027287;	0.854049273591521;	0.000001532054261
0.765713070358361;	0.301980376199273;	0.002972917832191;	0.000812614917853;	0.010177400219748;	0.013221001525516;	0.010839918604510;	0.115317543867827;	0.119902953464141;	0.101359401567151;	0.114781569415169;	0.035403174021112;	0.037626819725406;	0.045975069718595;	0.047477889177673;	0.054658129986551;	0.050803027818106;	0.037067781921233;	0.036585532674992;	0.001954330565188;	0.001992500080983;	0.002376902111014;	0.003205832707600;	0.002790863968842;	0.002800758598732;	0.004447445200458;	0.005799210118719;	0.005328737959518;	0.006246634391130;	0.008466387590830;	0.010306758037497;	0.014086909715072;	0.014657891296356;	0.014633445802197;	0.018278484723324;	0.023776731905478;	0.028934268882084;	0.036130612671032;	0.042884282128908;	0.049547887048229;	0.056706430904125;	0.062836147494707;	0.064096305740426;	0.070553560412588;	0.079365023894213;	0.090031742667359;	0.102655976615239;	0.113573027524346;	0.127324197852219;	0.138469359659168;	0.149610583741141;	0.162708115823374;	0.177570208458357;	0.193280070231435;	0.208963008279925;	0.225373793449679;	0.240701411027876;	0.256206747802319;	0.273419711465743;	0.285853910064651;	0.301935430257878;	0.318761035305114;	0.334432370471395;	0.348773126328275;	0.364921639451498;	0.376375534901909;	0.392652623286180;	0.410225459676105;	0.426684227204313;	0.444535858678086;	0.462054287504374;	0.479564784643193;	0.497727930411124;	0.515600885286000;	0.540486502618652;	0.567582516625858;	0.603671371133421;	0.633778776176089;	0.858088911439801;	0.000002107136365
0.800458102904631;	0.358273397424076;	0.680602244829127;	0.003024477248702;	0.012607803483762;	0.014908993743440;	0.011944688849806;	0.117699636813704;	0.123101758601541;	0.104766134665250;	0.117821973031399;	0.059744080876545;	0.063066663450148;	0.047210467151729;	0.049741825308746;	0.057397003391513;	0.057661804021707;	0.055667613436578;	0.053293315147012;	0.044301102981808;	0.045407280710451;	0.003414087941495;	0.004530857195796;	0.003925448869131;	0.004019110251297;	0.006189644508716;	0.007932845078352;	0.007260294267802;	0.008344528220076;	0.011102613498065;	0.013360297966453;	0.017984907042269;	0.018562146315478;	0.018370090126182;	0.022649577986309;	0.029014390768372;	0.034885355344918;	0.043012626826756;	0.050589593769499;	0.058024797525217;	0.065961844327995;	0.072688080151708;	0.073650778759399;	0.080366538049376;	0.089726681625443;	0.101039740981934;	0.114377384265061;	0.125857334053962;	0.140211159627592;	0.151810946963837;	0.163377371664413;	0.176893441528638;	0.192163428240565;	0.208235483331396;	0.224240305695600;	0.240938411626124;	0.256468699198747;	0.272131571047089;	0.289349301988265;	0.301722037616275;	0.317841981967154;	0.334673888752620;	0.350352482226612;	0.364707254401822;	0.380799348389017;	0.392037244979080;	0.408183970171569;	0.425617093775312;	0.441940172475177;	0.459602217510088;	0.476889325838849;	0.494174192844419;	0.512095153496199;	0.529705046301546;	0.554160239750426;	0.580756848619042;	0.616229721609643;	0.645279428906303;	0.862246160668588;	0.000005018090633
0.819043279987275;	0.408120967938258;	0.777000555062229;	0.649900551128153;	0.015664486721720;	0.016621816894883;	0.014486432428599;	0.119171420064573;	0.124132704481495;	0.105797658757233;	0.122102400891617;	0.067476600330210;	0.072321248855676;	0.079243392260946;	0.081264108008785;	0.085049489275770;	0.059688951959391;	0.059951162070935;	0.056742912093525;	0.060391006313699;	0.061340912063063;	0.051097737488293;	0.051701107683968;	0.049680534206170;	0.005527867018430;	0.008275527036112;	0.010440597962449;	0.009541164871495;	0.011048162848941;	0.014419963037952;	0.017145248055612;	0.022722665442387;	0.023278245559491;	0.022833603308649;	0.027793229613300;	0.035072330281264;	0.041684121190635;	0.050775303065089;	0.059216217657367;	0.067494734573484;	0.076303133760238;	0.083732404939515;	0.084420681122142;	0.091117307406581;	0.101071514224799;	0.113072055496084;	0.127167015322449;	0.139262409865736;	0.154260036831425;	0.166364373450228;	0.178401494526361;	0.192363885965275;	0.208056090878039;	0.224496082275961;	0.240826817058329;	0.257812069299377;	0.273543419624158;	0.289361472944723;	0.306579670334553;	0.318884194984128;	0.335037150168875;	0.351870367516087;	0.367558411961774;	0.381939590538337;	0.397984327892284;	0.409006953085300;	0.425033299532611;	0.442344382797872;	0.458556310124144;	0.476044902784211;	0.493113215499014;	0.510178406254529;	0.527852475953318;	0.545185244712417;	0.569176441923766;	0.595230330557266;	0.630029575552831;	0.657803381842281;	0.866678946854380;	0.000006843988272
0.829045330379034;	0.449290525750740;	0.784355123374777;	0.755679485428981;	0.671178164232276;	0.019925589946536;	0.016034072172652;	0.120730539210314;	0.126079416587050;	0.107933074104491;	0.123697862214382;	0.072217000854693;	0.077512557332254;	0.088491695009100;	0.092375943748705;	0.102037595228163;	0.099811490539632;	0.075891469085094;	0.073296952217870;	0.063269505395252;	0.064009278130354;	0.059361536946772;	0.060406757815628;	0.056562748949034;	0.049256426069591;	0.052091741163422;	0.054010589251658;	0.049580205591135;	0.014617412034568;	0.018918488654150;	0.022486600254338;	0.029646186467694;	0.030581062667893;	0.028480782565041;	0.034300410629911;	0.042724292530804;	0.050283688464249;	0.060608170950864;	0.070214996390614;	0.079641768713508;	0.089636697173862;	0.098031099208272;	0.098473379244933;	0.103766353977036;	0.114371623079831;	0.127126280176326;	0.142055091446762;	0.154846608407315;	0.170547052436724;	0.183215846390680;	0.195776457883931;	0.210220690133981;	0.226358311014108;	0.243180639690162;	0.259849725363813;	0.277129001370797;	0.293063047387054;	0.309033614081135;	0.326210847378791;	0.338426536765688;	0.354592561587159;	0.371401540605582;	0.387073691798763;	0.401460573537905;	0.417421495896004;	0.428164012869009;	0.444012244934463;	0.461146634545957;	0.477195577748974;	0.494444092115308;	0.511225017762483;	0.528003868804800;	0.545360447097672;	0.562341959891403;	0.585780046539000;	0.611197780047294;	0.645218758720501;	0.671393543373004;	0.871345511070134;	0.000016499306205
0.834475918728852;	0.482759511974496;	0.794361846315598;	0.763738753976956;	0.761246254321598;	0.677369736445067;	0.019787268382844;	0.122422152954346;	0.127402980741331;	0.109273007481121;	0.126061120356932;	0.087989204093901;	0.094770687492631;	0.092814075399461;	0.097010900761865;	0.106995903256755;	0.108234360197415;	0.106784629163491;	0.100973079072767;	0.101947186064882;	0.103905236082818;	0.061954394630696;	0.063673935611623;	0.059240504586926;	0.052350150031670;	0.055942069963300;	0.058363323367818;	0.053451260579412;	0.054943532993613;	0.059775262447539;	0.062691116347478;	0.070905044332870;	0.070983270407237;	0.039707283625161;	0.046966009185897;	0.057207447262799;	0.066091688222004;	0.078126511238746;	0.089352822902325;	0.100205020023846;	0.111593723206716;	0.121001118421586;	0.120829165561336;	0.120343672472695;	0.131589294257445;	0.145110210343480;	0.160913931689197;	0.174457645700532;	0.190866279040283;	0.204093272437638;	0.217155196916670;	0.232035475896824;	0.248554015137198;	0.265677883289241;	0.282598184088162;	0.300074182030672;	0.316106387759026;	0.332121326821119;	0.349186224772008;	0.361194511799273;	0.377260806688020;	0.393934130805740;	0.409488134173494;	0.423796766281692;	0.439581855639278;	0.449928618472646;	0.465501363653545;	0.482377467521280;	0.498195628850523;	0.515124632485990;	0.531546180500302;	0.547975701794714;	0.564951559451801;	0.581519099475194;	0.604329014426641;	0.629034872961818;	0.662185268823155;	0.686391010622404;	0.876336640349181;	0.000022175369754
0.840471445929987;	0.509887121951622;	0.818268498056658;	0.777257308998657;	0.767445132925382;	0.748790255573354;	0.689886171901850;	0.126366930658986;	0.129559464664632;	0.111262116760819;	0.128080724191251;	0.094024082864522;	0.101090375531688;	0.115447344451491;	0.119667044980083;	0.132586373714707;	0.114968576807020;	0.114267150458336;	0.108098442649583;	0.113567628114899;	0.114452396024446;	0.107792981959041;	0.111556998376302;	0.099051760273809;	0.065706504037758;	0.071794896251124;	0.075840959648222;	0.070573147000865;	0.061354566676759;	0.067397915625756;	0.071270936103461;	0.081245326778867;	0.081284752132457;	0.076773467954189;	0.083644561984081;	0.094499701419746;	0.103060596736394;	0.115582947311202;	0.127436402617014;	0.138467658291055;	0.150131750508184;	0.159490959405585;	0.157261967700188;	0.144715050684959;	0.156262159720640;	0.170277937973786;	0.186773235798750;	0.200962787111058;	0.217905646595970;	0.231529218174984;	0.244921619859269;	0.260051287734955;	0.276748640227950;	0.293962496457064;	0.310928517484146;	0.328397144063785;	0.344332763769139;	0.360206773535497;	0.376958893725020;	0.388580995152157;	0.404384647559797;	0.420767316388849;	0.436061358701733;	0.450176878769832;	0.465661159388706;	0.475449661384107;	0.490610163458155;	0.507109500699866;	0.522591513016049;	0.539071555791576;	0.555005900158224;	0.570962218296502;	0.587426166873018;	0.603443829424635;	0.625468629846751;	0.649300271251082;	0.681393907223562;	0.703090736796455;	0.881665178501716;	0.000055646179375
0.845675607744597;	0.528324141768127;	0.891137382806748;	0.800955189134617;	0.782933642414361;	0.755122080321205;	0.735413227137655;	0.829156308064425;	0.134557785943785;	0.116085430601708;	0.131171150490790;	0.099869590736810;	0.107229769219823;	0.118351128895504;	0.123970498219033;	0.137456674758288;	0.140003545660741;	0.137060485042311;	0.130419662467869;	0.134046384974486;	0.135701841955125;	0.116247395977187;	0.121557566034968;	0.110079237497244;	0.098660770714073;	0.105260955775389;	0.104405639717571;	0.096096653875632;	0.090459355490624;	0.097885668988336;	0.102279600328347;	0.114138219217157;	0.112404981068245;	0.089973699709805;	0.098046578274768;	0.110434729680530;	0.120109635764944;	0.134086708123128;	0.147312016268093;	0.159604681633691;	0.172523583039325;	0.182819900201357;	0.179383254172521;	0.180890914289311;	0.191916611850408;	0.205739693866978;	0.222408367419846;	0.236893017500852;	0.253946530252405;	0.267586844812835;	0.280940736070366;	0.295958560643478;	0.312473896512341;	0.329417940585849;	0.346088021945389;	0.363218921474107;	0.378748721861190;	0.394189366009662;	0.410371357373855;	0.421333335546104;	0.436623019317427;	0.452476184414543;	0.467288735079562;	0.481024367365570;	0.496015265730533;	0.505009677043704;	0.519568458229636;	0.535528067849769;	0.550534261664066;	0.566408377123653;	0.581711338058912;	0.597066581954163;	0.612892840087942;	0.628237489426102;	0.649337585409480;	0.672154940329605;	0.703019037580296;	0.721924497387011;	0.887410593241769;	0.000121632836554
0.850565826431584;	0.543688645593397;	0.898757911208032;	0.883674097028866;	0.807867946495814;	0.770842972889504;	0.744530312856098;	0.848158687171403;	0.863464464434381;	0.835990525080444;	0.137462628054089;	0.112859593152615;	0.120260940788867;	0.130096554273882;	0.136185095864914;	0.150355989785020;	0.145190350956488;	0.148637784001691;	0.140906431088261;	0.154760140494919;	0.155303107659371;	0.144696412647998;	0.152935617715760;	0.141167469656685;	0.113268110591559;	0.122293764550755;	0.124714321972454;	0.115332755987792;	0.112448757442257;	0.120536112414616;	0.125156884922012;	0.138389268424491;	0.132434494789944;	0.123903213643152;	0.132340524755682;	0.145760566532956;	0.155705697008831;	0.170539103935626;	0.184678111655817;	0.197562914509183;	0.211102673992573;	0.221653232681885;	0.215217339663584;	0.206311125523335;	0.217851559518863;	0.232325289863857;	0.249775003838004;	0.264964468935743;	0.282601933013262;	0.296716192511599;	0.310489077397518;	0.325827746631919;	0.342584639302262;	0.359665968169616;	0.376434694279217;	0.393613483426323;	0.409098255123010;	0.424442030806178;	0.440363386576547;	0.450956054702888;	0.466008592938287;	0.481589489683391;	0.496160439880362;	0.509718220342948;	0.524403924906132;	0.532727456258245;	0.546879356915580;	0.562448933656879;	0.577105956076760;	0.592509692176193;	0.607285541067482;	0.622136509689984;	0.637426051238991;	0.652187103165055;	0.672427568745335;	0.694282054685676;	0.723921954597715;	0.743057879687013;	0.893570966438745;	0.002206683253845
0.856637044535520;	0.556359179501956;	0.901185238061732;	0.890025067107693;	0.897397991445474;	0.798876612443438;	0.757973442306423;	0.857841432959594;	0.871761343756993;	0.840465007924972;	0.821195059782421;	0.124228931024539;	0.132482456522750;	0.138950968758855;	0.146113153415661;	0.158938581247731;	0.163564965363996;	0.164448398184008;	0.156564146094504;	0.169976489047987;	0.170197424393907;	0.157255202829539;	0.167211246859260;	0.155067532152689;	0.140720339186808;	0.151235718360216;	0.155657739237757;	0.143280097732045;	0.140539143165826;	0.150189273124055;	0.155703372605314;	0.171056708820292;	0.165888425415002;	0.145478533208255;	0.155137793399098;	0.170024416023501;	0.181024885301742;	0.197205224064743;	0.212652893156143;	0.226747525730965;	0.241450647266874;	0.252782764420648;	0.243031020909746;	0.244640210881145;	0.255912958785353;	0.270337127740355;	0.287996974903618;	0.303457979938789;	0.321149852301475;	0.335247828823059;	0.348957591672635;	0.364136024339017;	0.380652465643040;	0.397382482656711;	0.413785330450770;	0.430567465631777;	0.445585125004435;	0.460431236085825;	0.475732692730793;	0.485585093353669;	0.500058830611708;	0.515045837108279;	0.529075266988015;	0.542189074893787;	0.556302946158496;	0.563608574586272;	0.577119470140227;	0.592084363246661;	0.606199593581312;	0.620937270558001;	0.634996584306642;	0.649176732714827;	0.663778001262085;	0.677809187091902;	0.697029962110165;	0.717763682580565;	0.745975825560334;	0.763680790503834;	0.899805366618190;	0.088351701950754
0.861880219765806;	0.570043871233172;	0.906855047732997;	0.893927564417874;	0.900891967757664;	0.893370777460117;	0.790892204391228;	0.868845282899471;	0.888985846502514;	0.853100381150710;	0.824881261712062;	0.822314057595031;	0.800504072000839;	0.166060197416610;	0.178951701836344;	0.172289405290497;	0.173814056919104;	0.177130097250386;	0.168042247346075;	0.189703669110628;	0.187275564969250;	0.180043224811588;	0.193650252313131;	0.179948109831131;	0.156176167908281;	0.169545697663662;	0.177681319988453;	0.163473363168773;	0.163437407761748;	0.174257324229669;	0.180489517859168;	0.197807008921108;	0.192419603724721;	0.180187122563308;	0.190543782285347;	0.206571596794442;	0.218069745441777;	0.235181504770445;	0.251559535647249;	0.266374926345875;	0.281785185390495;	0.293469258902907;	0.282340283708714;	0.278151148930522;	0.289834408362566;	0.304735678325953;	0.322972019189178;	0.338959828689782;	0.356973905257666;	0.371328757427127;	0.385252855613493;	0.400529425829867;	0.417053383319611;	0.433655775552829;	0.449911186976066;	0.466511482752277;	0.481260708298944;	0.495790558163603;	0.510639211056639;	0.519895715557262;	0.533928840696374;	0.548446026272442;	0.562043763323676;	0.574802084222666;	0.588415266357580;	0.594640859479142;	0.607590813513917;	0.621999636875352;	0.635609450354208;	0.649713690966735;	0.663065183798424;	0.676584454247605;	0.690511840175381;	0.703817889884453;	0.721994674796358;	0.741570241179317;	0.768250771713316;	0.784927226997205;	0.906210294467268;	0.088789980582330
0.868244015767590;	0.582901563052814;	0.909703950135750;	0.899456683042966;	0.907758806332759;	0.895898722039186;	0.888046888342488;	0.902854934635451;	0.918902574740078;	0.864869033885991;	0.841339601263968;	0.833178432855135;	0.807561770735700;	0.810484684661124;	0.809954290599107;	0.224428127026328;	0.241018535456983;	0.199151005913872;	0.189369290490354;	0.215441633987219;	0.204088509562776;	0.196665412179995;	0.214173897337459;	0.196394305409272;	0.182018388703069;	0.198180617702070;	0.209404076359202;	0.190504735371583;	0.191299401321081;	0.204032270541348;	0.211589616951548;	0.231574672634532;	0.225308949458909;	0.206661070892236;	0.218350263076583;	0.235951774697392;	0.248546771767324;	0.267051666088894;	0.284738349909213;	0.300789612559729;	0.317375911465220;	0.329899664349882;	0.317099043324587;	0.318019289561191;	0.329591370423756;	0.344508396339137;	0.362898346153340;	0.379051993296132;	0.397024548101926;	0.411312116296799;	0.425132301197631;	0.440187719416642;	0.456398775162394;	0.472583580928403;	0.488409464013633;	0.504543577371732;	0.518780091429081;	0.532765414188234;	0.546960119805786;	0.555426882186882;	0.568840327486074;	0.582710666945053;	0.595711056405904;	0.607954249421717;	0.620926735842218;	0.625765733275860;	0.638044332084252;	0.651777793470542;	0.664765562549788;	0.678134910415416;	0.690714414814525;	0.703485086707382;	0.716631606590431;	0.729124374151438;	0.746164987483590;	0.764491428530740;	0.789563695018013;	0.806351863704103;	0.912733718154834;	0.089118644437153
0.873821236839560;	0.597231726057202;	0.915313461377298;	0.903691197064756;	0.911194767106909;	0.903973244235942;	0.893723759889645;	0.987376451280457;	0.994418386388393;	0.902735878985658;	0.858737183809445;	0.863983995657589;	0.830032586477798;	0.820850915292980;	0.821213890861788;	0.810367354805819;	0.816016885827862;	0.288107156541132;	0.278816562716989;	0.327135711589472;	0.237051904969083;	0.235734154265416;	0.262840344506697;	0.225261028312416;	0.206764732481516;	0.227840539635390;	0.244326338795679;	0.216665709513038;	0.220032022335289;	0.234885693305642;	0.244058298290817;	0.267082691222177;	0.257250926444837;	0.241829305516995;	0.254603496777272;	0.273562762883565;	0.286947013082193;	0.306566280798975;	0.325278402618678;	0.342255829351096;	0.359697087208925;	0.372772186946181;	0.356460535094480;	0.356364656133846;	0.368148235121842;	0.383334383146795;	0.402023603764603;	0.418436083523731;	0.436477109254486;	0.450817379714595;	0.464637972538738;	0.479549411274323;	0.495499580557784;	0.511323702899634;	0.526755698346461;	0.542430398620261;	0.556176378914860;	0.569628854728641;	0.583177218912996;	0.590856532957238;	0.603644801174829;	0.616844119588837;	0.629213520774328;	0.640892738750037;	0.653184599213756;	0.656342450835861;	0.667927773271633;	0.680938908884233;	0.693250599303354;	0.705840917600449;	0.717633575924838;	0.729613717951984;	0.741918288443766;	0.753554594831807;	0.769408357663277;	0.786434657744261;	0.809837031045016;	0.826064099290859;	0.919156554689828;	0.099550979490200
0.880274755936855;	0.611004292395420;	0.918750708646528;	0.909168814533718;	0.917511845033532;	0.907491005433456;	0.900193253234725;	0.990561212729077;	0.995289610193779;	0.979597144650905;	0.904097753660264;	0.904900743100896;	0.853288585025181;	0.840604630382652;	0.842209731343576;	0.822172347249123;	0.831915764704810;	0.825981382645819;	0.822580557509646;	0.801303013694163;	0.363506656415019;	0.366663525277015;	0.402408068785065;	0.273312918786649;	0.261271984537687;	0.289376089997264;	0.311901500399474;	0.255842345137619;	0.261356803208477;	0.279165763579381;	0.290615247099875;	0.317186448290743;	0.297174279591300;	0.279373839791810;	0.293714364608326;	0.314340233716914;	0.328864902706941;	0.349807715943953;	0.369678233704870;	0.387714430156757;	0.406057950417182;	0.419759026306809;	0.397350485627031;	0.399009410260472;	0.410781322995302;	0.425994410095834;	0.444698629867840;	0.461113287152681;	0.478966229768048;	0.493146621033963;	0.506758389794622;	0.521312753183784;	0.536780592414862;	0.552041162762817;	0.566875992282722;	0.581879652711532;	0.594964715355850;	0.607723563043082;	0.620481420217228;	0.627239889363102;	0.639277216330566;	0.651675929667326;	0.663285150193945;	0.674271030450382;	0.685770024294043;	0.686776737833374;	0.697607203289235;	0.709816643507015;	0.721374904027568;	0.733120169749489;	0.744088293369967;	0.755226859388839;	0.766631876845966;	0.777374567931359;	0.791995624663121;	0.807681503966053;	0.829334998152673;	0.844525828773750;	0.925470227804740;	0.099603515447035
0.886233927757260;	0.625855874953639;	0.923889296720224;	0.913852271848559;	0.921763596040053;	0.914376710115033;	0.906087335758301;	0.992375064909696;	0.997142029285928;	0.983853273277376;	0.979026698217392;	0.976319623971759;	0.904326125119852;	0.866831221740590;	0.870024778460895;	0.844196130482653;	0.855515271852103;	0.848163162157405;	0.838944482031445;	0.821620393550568;	0.802125008689303;	0.807613937680226;	0.787882694940719;	0.424123418131031;	0.414140973872018;	0.444400103581597;	0.466677907959166;	0.324695665570458;	0.333338303229540;	0.354079342876431;	0.367686054294377;	0.396469709040213;	0.349744634855054;	0.332009795844413;	0.347777781244010;	0.369755443784762;	0.385141774436048;	0.406925837291980;	0.427417056136025;	0.445884102384032;	0.464421424870746;	0.478175758785404;	0.444477057915528;	0.446780229504834;	0.458480830776632;	0.473564202995247;	0.492028021098037;	0.508216358317793;	0.525626516395008;	0.539437305815758;	0.552623306235719;	0.566595644584446;	0.581336387846152;	0.595792647216796;	0.609782009580397;	0.623854096859521;	0.636065090334942;	0.647925945585805;	0.659703855803306;	0.665368082582254;	0.676488119189916;	0.687917117314782;	0.698593580724057;	0.708717251224973;	0.719272852260007;	0.717464309035675;	0.727465732400915;	0.738781130019551;	0.749499517994419;	0.760321359548780;	0.770411876543570;	0.780652734296732;	0.791105405475364;	0.800924952400883;	0.814270576303095;	0.828573047139087;	0.848348629422136;	0.862311534768726;	0.931698897330896;	0.099746268983281
0.892596325141438;	0.640588745418014;	0.928038848066392;	0.919085847469383;	0.927265492588968;	0.919225266471206;	0.912261201200077;	0.994307510225332;	0.997920839314372;	0.986409672194575;	0.983201825464282;	0.980922861954419;	0.979385271850501;	0.917006442350113;	0.920718725707184;	0.874814080099492;	0.887773726588363;	0.885336396769323;	0.864216454766404;	0.851676573169141;	0.822682263271971;	0.829627615017227;	0.813225686579174;	0.790534292496224;	0.788465749241258;	0.782942278090380;	0.773567583976049;	0.481947230383065;	0.490969681197976;	0.509593273250322;	0.521065742743574;	0.543338735292120;	0.433449939730217;	0.414492610032679;	0.430861517578926;	0.453022452195834;	0.468394217074648;	0.489624250881185;	0.509296670094657;	0.526567507696629;	0.543604365492151;	0.556108184150479;	0.501993633736328;	0.504966904445136;	0.516205534934978;	0.530625506886081;	0.548209402519700;	0.563640326984941;	0.580034579714619;	0.592989925620796;	0.605270967970924;	0.618199887944900;	0.631740646379302;	0.644929658645673;	0.657613936891152;	0.670295287146997;	0.681252096548919;	0.691859196346997;	0.702328474985238;	0.706606578999802;	0.716533437903700;	0.726723312583560;	0.736195719482006;	0.745201036631033;	0.754584037906909;	0.749006938100135;	0.758068409890008;	0.768361848319667;	0.778124174311124;	0.787911444623316;	0.797040321871363;	0.806301969857847;	0.815723555756697;	0.824558052892765;	0.836536463676480;	0.849349874338835;	0.867024311830920;	0.879520237838554;	0.937833542269988;	0.099922590963959
0.898791855064252;	0.655884731855639;	0.932712832464347;	0.924055392012493;	0.932077570328611;	0.925050537698040;	0.918208681503792;	0.995670655008321;	0.998685021765433;	0.989184146829909;	0.986350331409479;	0.985687299874030;	0.984268693300382;	0.988024187701110;	0.988748118116726;	0.927543697641290;	0.936732100163807;	0.935656839579370;	0.897036169344473;	0.890115767342970;	0.853169064677673;	0.860855326409543;	0.849038834262839;	0.816324561446070;	0.815211935612467;	0.811829061125828;	0.804615806573860;	0.775467910983702;	0.775930741503193;	0.777796911144559;	0.775847044035909;	0.773067735220290;	0.581697356256523;	0.561169513847914;	0.574147590835144;	0.592133852892830;	0.604256393917693;	0.620692010853404;	0.635519973437260;	0.647350452314136;	0.658813328352086;	0.667026804645679;	0.578368789761903;	0.581365693846913;	0.591278636371028;	0.603921976767388;	0.619379723061408;	0.633054371748051;	0.647373744463226;	0.658571780937815;	0.669073602327246;	0.680145193516650;	0.691672561903489;	0.702802974782098;	0.713408971635714;	0.723944349093257;	0.733021498523582;	0.741796976243686;	0.750423905409096;	0.752852214534464;	0.761149612644273;	0.769682611696960;	0.777533231016018;	0.785033128278081;	0.792897775302676;	0.782214629063707;	0.790163276850461;	0.799244405315038;	0.807876908573832;	0.816454871382599;	0.824480015930638;	0.832622196059782;	0.840870975171735;	0.848599071598996;	0.859054451454858;	0.870209860034108;	0.885470531508094;	0.896181402552224;	0.943846137770332;	0.100478512832946
0.905056069271159;	0.671349198056516;	0.937149547430052;	0.929109240207394;	0.937072267751599;	0.930381140348535;	0.924126595251118;	0.996810831280947;	0.999147271892610;	0.991342085996023;	0.989221512346723;	0.989206782461148;	0.988207315222268;	0.991392897424674;	0.992008810532096;	0.992133392623154;	0.991884341050894;	0.989426114587437;	0.943546399916440;	0.940970380677310;	0.892528061213925;	0.899062517518410;	0.891589762309626;	0.851860154013684;	0.851082513093850;	0.849800122900738;	0.844780599045896;	0.806652975064277;	0.807743202480345;	0.810211163216342;	0.808891081810073;	0.807219398263290;	0.806268120140030;	0.782258012785720;	0.784637607153893;	0.791171989882461;	0.794825882232411;	0.800164673663978;	0.804518760071866;	0.805367248319217;	0.806253764256691;	0.806586274208750;	0.685544547841987;	0.687353157028765;	0.694156289417613;	0.702857398151682;	0.713892345746064;	0.724017251320666;	0.734413027544560;	0.742291585123502;	0.749530613368732;	0.757400308000058;	0.765602144034819;	0.773416602246308;	0.780736829409694;	0.787969842964790;	0.794216250428012;	0.800293259291117;	0.806282210537767;	0.806185682005208;	0.812218586793482;	0.818495101934489;	0.824129506187452;	0.829579791154078;	0.835442077768413;	0.818142791848092;	0.824708396974490;	0.832288818354330;	0.839527329932529;	0.846626760378115;	0.853326661309464;	0.860134269055410;	0.866996421980400;	0.873436775846402;	0.882150399329012;	0.891416062440160;	0.903849195763491;	0.912365696467518;	0.949709067103446;	0.101057515466260
0.911255870806654;	0.687095044380997;	0.941608292823576;	0.934078504928776;	0.941881825220934;	0.935729016497374;	0.929902967630876;	0.997679410765218;	0.999470591395105;	0.993200491375839;	0.991555280507597;	0.992041934903130;	0.991325548059243;	0.994033040852925;	0.994537646943929;	0.994702011880338;	0.994526830957490;	0.992784545481356;	0.992119564219464;	0.989762558860886;	0.943650952382155;	0.946201531784547;	0.941465789763321;	0.894296276753887;	0.892792863830017;	0.892382559353586;	0.888687939619049;	0.846603870803139;	0.847773144704001;	0.850281693671560;	0.849247565133658;	0.848223740064323;	0.843360374979949;	0.816235875943268;	0.818574338810709;	0.824678835656316;	0.827960893095631;	0.832818936444214;	0.836849374603081;	0.837705411011132;	0.838603986747694;	0.838970076247898;	0.818654508328134;	0.817828108799826;	0.819533932489076;	0.822004157834278;	0.826285904938711;	0.831080684568494;	0.835778530975337;	0.838889470036235;	0.841535590027227;	0.845018482181123;	0.848769619817686;	0.852222614034498;	0.855287485623817;	0.858318355772448;	0.861010580664946;	0.863745283082241;	0.866522460670050;	0.863469560723694;	0.866792422966524;	0.870399297377928;	0.873421313218396;	0.876465183033234;	0.880009979208505;	0.857850265403049;	0.862652303750802;	0.868336288869953;	0.873822158098368;	0.879079728839519;	0.884158230480520;	0.889348339002047;	0.894546146159525;	0.899465372706690;	0.906161401737353;	0.913244914289807;	0.922335206798475;	0.928157277407699;	0.955394225635738;	0.103692943363253
0.917395922546363;	0.703023573315126;	0.945981340183223;	0.938981486827619;	0.946584342759742;	0.940907872026929;	0.935534661616303;	0.998343897384198;	0.999678584845119;	0.994724595846515;	0.993482870285437;	0.994222784903676;	0.993719300764689;	0.995936399954626;	0.996332230327140;	0.996591235242643;	0.996476699002502;	0.995308858427391;	0.994714806886713;	0.992980357279386;	0.991072442566896;	0.988816989784639;	0.984291254192962;	0.943498976011317;	0.940096661110754;	0.938483083574840;	0.934697380215595;	0.890263369917475;	0.890776926128827;	0.892484177936257;	0.891214248268261;	0.890045233682948;	0.886255937298668;	0.855964397585276;	0.857723882400561;	0.862700705861708;	0.865089692687594;	0.868886807917196;	0.872136450986067;	0.872652691006239;	0.873226823629284;	0.873349399709911;	0.849957864244711;	0.849038094768701;	0.850218783244294;	0.852116217148452;	0.855668474719747;	0.859801128144601;	0.863720559899667;	0.866335202868227;	0.868540785346748;	0.871409157377048;	0.874461759174651;	0.877240838323017;	0.879697845535147;	0.882115512836849;	0.884262715066425;	0.886454742282645;	0.888695352257546;	0.885204405189213;	0.887991724475948;	0.891024294572696;	0.893580234261774;	0.896204072163247;	0.899231567186459;	0.899211535707177;	0.902020087917972;	0.905570306372385;	0.909092551778601;	0.912302001743308;	0.915594552279286;	0.919012743021760;	0.922397828045134;	0.925674246673423;	0.930208693549702;	0.934955116073588;	0.940421350264407;	0.943257144948777;	0.960852626997186;	0.123309284795165
0.923440511873600;	0.719100853059200;	0.950266222674922;	0.943784247919427;	0.951135342394622;	0.945929183009340;	0.940990575360898;	0.998839805615761;	0.999810351928820;	0.995965467461178;	0.995041118100493;	0.995880549310976;	0.995532947668911;	0.997289020932738;	0.997588577774845;	0.997847332254908;	0.997773932359961;	0.997005203696839;	0.996613657599754;	0.995415714524577;	0.993996996828860;	0.992250231202259;	0.988716331366516;	0.985099270399199;	0.980143183202443;	0.976148511374434;	0.971467975448559;	0.935687603500385;	0.934732365688871;	0.934680919306709;	0.932574142188830;	0.930358804173592;	0.926622864158045;	0.895925508223494;	0.896638906957757;	0.899958671484466;	0.901108068915228;	0.903471163802817;	0.905672543670248;	0.905647320301801;	0.905721281948149;	0.905478951909425;	0.882823173141811;	0.881491491338054;	0.881899557721187;	0.882961841222368;	0.885504852858175;	0.888737717144784;	0.891644151069768;	0.893586444122490;	0.895196839978394;	0.897298505075182;	0.899510928221390;	0.901490375303003;	0.903232824601851;	0.904945526028629;	0.906472861042282;	0.908057650496534;	0.909713479724175;	0.905910140701417;	0.908110036425443;	0.910522552131657;	0.912573976365600;	0.914740481978473;	0.917218948216561;	0.916739158104131;	0.919049243328811;	0.922015096229519;	0.924988559090076;	0.927663921338905;	0.930422282492372;	0.933290781618329;	0.936116760403497;	0.938839530110780;	0.942566113151426;	0.946457750950388;	0.950970930065719;	0.953315142914926;	0.965773971479370;	0.917807696862255
0.929363995167745;	0.735269786405549;	0.954439101915580;	0.948465079635245;	0.955518521870917;	0.950765526975749;	0.946247886863987;	0.999202889224471;	0.999891243187544;	0.996959329901991;	0.996282722516135;	0.997116011283322;	0.996880855602333;	0.998230170280072;	0.998449507184372;	0.998672051150711;	0.998625941090760;	0.998131248975102;	0.997869299349186;	0.997056487500887;	0.996158256299842;	0.994870949021748;	0.992250421784688;	0.989367951515117;	0.985367261154767;	0.982102218755349;	0.978270108917072;	0.971624809626080;	0.969308816545808;	0.967510122023524;	0.964611841969740;	0.961257184703677;	0.957677978043983;	0.933859631744327;	0.933143031413834;	0.934428206201978;	0.934120627067304;	0.934826506354378;	0.935813839857747;	0.935105903259599;	0.934560166209483;	0.933874145790636;	0.913362393461176;	0.911481846657571;	0.911064786360733;	0.911238143211252;	0.912721437896988;	0.915020104785514;	0.916894599779403;	0.918158400285803;	0.919176516794731;	0.920526563962261;	0.921926329491621;	0.923141225318742;	0.924209582982397;	0.925265531232227;	0.926220596869728;	0.927247954464339;	0.928374256180950;	0.924538996471543;	0.926182723386973;	0.928009757730520;	0.929590299951157;	0.931328084652231;	0.933291188478498;	0.932864257970637;	0.934670680297625;	0.937047259439357;	0.939467170896865;	0.941612933765651;	0.943844182568392;	0.946173461146587;	0.948457189344968;	0.950646782943816;	0.953606876652112;	0.956695462598216;	0.960321818726735;	0.962198289642466;	0.970375148084913;	0.918824040632782
0.935139847552035;	0.751472306174103;	0.958480492642143;	0.953001633811089;	0.959715836112707;	0.955397935280576;	0.951285336333525;	0.999463264712078;	0.999939437981145;	0.997743031440226;	0.997256303662804;	0.998019063600858;	0.997863382302522;	0.998870378327377;	0.999026021231338;	0.999201033112806;	0.999172705689523;	0.998861899156068;	0.998689798497657;	0.998151321569697;	0.997583255186254;	0.996661663851583;	0.994757928453386;	0.992739704941675;	0.989629049538328;	0.987062099481559;	0.984027630279964;	0.978381510183880;	0.976464291153464;	0.974972818595895;	0.972532980058052;	0.969735215141801;	0.966952225715574;	0.962722722836375;	0.960888088350606;	0.960559152360198;	0.959184945984137;	0.958633658857932;	0.958684959817890;	0.957486464870869;	0.956497990591290;	0.955521214017001;	0.940158721755852;	0.937721320099263;	0.936526100725363;	0.935858411903428;	0.936339929492277;	0.937752240550811;	0.938674055309652;	0.939311613863308;	0.939788698262313;	0.940465110648322;	0.941147072398204;	0.941694787140045;	0.942180039527967;	0.942673367511736;	0.943141257744278;	0.943695388738338;	0.944373555495706;	0.940988475768746;	0.942120234483432;	0.943410135287904;	0.944561550411739;	0.945905710900779;	0.947397714358279;	0.946981089664840;	0.948337524608173;	0.950181453167210;	0.952098846344622;	0.953771610675841;	0.955529568935526;	0.957374508806247;	0.959174561467657;	0.960888982874580;	0.963168155937102;	0.965547352476085;	0.968400960578993;	0.969874992794068;	0.974626677199656;	0.921580598903272
0.940742914995197;	0.767645759120263;	0.962371904716205;	0.957373158730822;	0.963712048901198;	0.959809612074084;	0.956084661073777;	0.999646091347415;	0.999967289677782;	0.998351165524182;	0.998007393384060;	0.998666142017734;	0.998565413865032;	0.999295811330391;	0.999402904874824;	0.999531822682346;	0.999514846016107;	0.999324473642605;	0.999214089629097;	0.998866186463329;	0.998514025313007;	0.997873522579154;	0.996523992066438;	0.995117344623829;	0.992753479076599;	0.990774288999327;	0.988410417593788;	0.984084608439125;	0.982534947366742;	0.981324133995512;	0.979317615517164;	0.977034766699450;	0.974902407554300;	0.971083030938421;	0.969524194073406;	0.969261650316753;	0.968091025118335;	0.967639000260035;	0.967704997572833;	0.966704082183493;	0.965884099479610;	0.965072630684724;	0.960376573042600;	0.957698864212987;	0.956045081388488;	0.954849155832296;	0.954645659865965;	0.955414940164231;	0.955674206185401;	0.955878374863542;	0.955985572777036;	0.956198397563769;	0.956388227084445;	0.956483326243330;	0.956573374404978;	0.956684470367717;	0.956821330772348;	0.957049731603937;	0.957412234538143;	0.954950636213625;	0.955650554255153;	0.956487379723296;	0.957275735994747;	0.958279887890777;	0.959369378125535;	0.958963539988925;	0.959941582884769;	0.961330332862942;	0.962813654496460;	0.964084269236954;	0.965437282441872;	0.966866889693931;	0.968254770848947;	0.969566099033489;	0.971273494946793;	0.973059133773440;	0.975261865173628;	0.976400325030321;	0.978509750894733;	0.925081306546693
0.946149544976777;	0.783724020920852;	0.966096493337127;	0.961560639414154;	0.967494476302058;	0.963986561755928;	0.960630589509157;	0.999771702850748;	0.999982886965159;	0.998815300318140;	0.998577149417882;	0.999120335760756;	0.999056723936915;	0.999571714888681;	0.999643163464033;	0.999733149930662;	0.999723243033471;	0.999609724573192;	0.999540847347362;	0.999321948651378;	0.999108613327236;	0.998676420255128;	0.997743416400551;	0.996781579367272;	0.995028197091298;	0.993535089040597;	0.991728701588173;	0.988435022076144;	0.987207316804300;	0.986242793683318;	0.984623141902352;	0.982790471640081;	0.981179019792125;	0.978187818761435;	0.976883953449628;	0.976662508109567;	0.975673280510798;	0.975293280267775;	0.975352489702924;	0.974522879009827;	0.973845560632065;	0.973174379124325;	0.969197566383959;	0.966984704054445;	0.965555648554758;	0.964520380151130;	0.964334983157441;	0.964988316078213;	0.965198880676081;	0.965368094958930;	0.965452850849765;	0.965620785300052;	0.965762930529413;	0.965823198637704;	0.965877470193701;	0.965944926639632;	0.966037274090947;	0.966206620779620;	0.966482211404134;	0.966164194318793;	0.966561000539055;	0.967074008419237;	0.967598048565660;	0.968341972890345;	0.969126505090491;	0.968757315845321;	0.969450494422270;	0.970483864663269;	0.971620136358848;	0.972573951773419;	0.973603689022832;	0.974698678886063;	0.975755243142012;	0.976743905649788;	0.977997648446987;	0.979311174283569;	0.980983033504745;	0.981849985956370;	0.982011908670301;	0.937215450171338
0.951337637379050;	0.799637619485435;	0.969639097607870;	0.965546905644645;	0.971052993336766;	0.967917563677427;	0.964910847178099;	0.999856072534639;	0.999991340383996;	0.999163475894894;	0.999001836864928;	0.999432367064759;	0.999393215051139;	0.999746157980215;	0.999792361998543;	0.999852249805565;	0.999846629834547;	0.999780822538804;	0.999739091572955;	0.999605144276540;	0.999479169093727;	0.999196141935913;	0.998567620944510;	0.997923657218098;	0.996654788443903;	0.995552939720967;	0.994199987401383;	0.991734560277046;	0.990781311801255;	0.990027824436469;	0.988745662474797;	0.987300223472115;	0.986100617334703;	0.983762554468994;	0.982695888204590;	0.982516271608766;	0.981699965273630;	0.981389724404527;	0.981444487462578;	0.980771074147642;	0.980223370235088;	0.979679730109308;	0.976600575701144;	0.974792187651833;	0.973573662291778;	0.972685146371288;	0.972509642846185;	0.973045834438983;	0.973203552126010;	0.973334841361043;	0.973395163404972;	0.973518517118666;	0.973615149455450;	0.973642919206867;	0.973665670321187;	0.973696408471005;	0.973751318959242;	0.973870474224768;	0.974073607003440;	0.973760296222290;	0.974073318699263;	0.974481216733412;	0.974901622491436;	0.975510629179473;	0.976148157003762;	0.975891149894278;	0.976446026335795;	0.977282226731630;	0.978206780204286;	0.978972708645605;	0.979803467473045;	0.980685853427168;	0.981531362768163;	0.982320311411484;	0.983305971035346;	0.984332115439819;	0.985623168579310;	0.986296413731982;	0.985126733874211;	0.946473417454619
0.956287029673054;	0.815314945454295;	0.972986526302333;	0.969316925853130;	0.974380079288510;	0.971594255933194;	0.968916213314821;	0.999911419217978;	0.999995768229166;	0.999420011968248;	0.999312660435263;	0.999641983938425;	0.999618540221666;	0.999853567361994;	0.999882512470083;	0.999920643497670;	0.999917549696763;	0.999880514913516;	0.999856001425716;	0.999776395892784;	0.999704011781870;	0.999524258440548;	0.999112080851019;	0.998690702190049;	0.997795411671201;	0.997000559985516;	0.996008327320403;	0.994196160092134;	0.993470884232220;	0.992893867487887;	0.991898861876989;	0.990779535646506;	0.989900984956385;	0.988102981629204;	0.987248242009344;	0.987106179560485;	0.986446664023273;	0.986198942580744;	0.986248608889890;	0.985712541163785;	0.985278247608243;	0.984846453862785;	0.982484157162066;	0.981033377412432;	0.980018613965549;	0.979274871609799;	0.979118706141465;	0.979554876808133;	0.979673974214901;	0.979777127646319;	0.979821658946386;	0.979913208982830;	0.979979011553037;	0.979987962836819;	0.979992743937817;	0.980001826163921;	0.980033241602400;	0.980117352645960;	0.980266834662218;	0.980028984618483;	0.980269653379606;	0.980586676995712;	0.980917723629244;	0.981407850140284;	0.981916791359894;	0.981744763526001;	0.982181751838082;	0.982846941535838;	0.983586537542261;	0.984191804161791;	0.984851111914470;	0.985550415792511;	0.986215970463300;	0.986835246220119;	0.987596244234730;	0.988383498455425;	0.989362346434660;	0.989877227886352;	0.987857502696620;	0.999999999997477
0.960979659958958;	0.830682280898836;	0.976127725558223;	0.972858037445338;	0.977470838322317;	0.975011128151923;	0.972640539907553;	0.999946842327681;	0.999998006281514;	0.999605514713367;	0.999535849596556;	0.999779543761379;	0.999765914045647;	0.999917896167288;	0.999935447514819;	0.999958717364373;	0.999957067073650;	0.999936864555819;	0.999922923480614;	0.999877040449472;	0.999836634224635;	0.999726012071223;	0.999463152909017;	0.999194054156537;	0.998578596099458;	0.998018538953031;	0.997306679544625;	0.996000429263318;	0.995459991136995;	0.995027124425830;	0.994270643996389;	0.993420287970895;	0.992788019516012;	0.991428910264818;	0.990758003435543;	0.990648331447311;	0.990126627549218;	0.989933168381287;	0.989977161129969;	0.989558872702369;	0.989221388092367;	0.988885314474954;	0.987103123275174;	0.985960336632049;	0.985133666947157;	0.984525132926113;	0.984391912289469;	0.984742184273728;	0.984832240048625;	0.984913670719140;	0.984947644924202;	0.985016111468728;	0.985061114503200;	0.985060164044544;	0.985055882670701;	0.985053473734764;	0.985070940128456;	0.985130890915426;	0.985240947897716;	0.985063404026386;	0.985247990457221;	0.985492964863888;	0.985751953401313;	0.986142052601072;	0.986543856853709;	0.986436779942761;	0.986777654126215;	0.987299856160743;	0.987882941961692;	0.988354944601761;	0.988870679512193;	0.989416508418389;	0.989932499762546;	0.990411267125338;	0.990989156964879;	0.991582963243337;	0.992311123397696;	0.992698655566641;	0.990212924442274;	1.000000000000000
0.965399860118313;	0.845664851262566;	0.979053990271303;	0.976160168079270;	0.980322975434788;	0.978165519572338;	0.976080732301591;	0.999968936124199;	0.999999096089483;	0.999737046371111;	0.999692943823462;	0.999867632518217;	0.999859955911386;	0.999955321898832;	0.999965612060952;	0.999979233569936;	0.999978381959969;	0.999967717719352;	0.999960053316846;	0.999934444698125;	0.999912566762646;	0.999846671274411;	0.999683845132555;	0.999516360415454;	0.999104505049475;	0.998719426784783;	0.998220327531932;	0.997298007334148;	0.996903916883114;	0.996586073532172;	0.996023050822394;	0.995389848244126;	0.994943214992729;	0.993934646233766;	0.993419036512972;	0.993336406756643;	0.992932500802687;	0.992784800637245;	0.992822803547154;	0.992503121569583;	0.992246326202705;	0.991990231433350;	0.990669024425615;	0.989785990391841;	0.989127432913210;	0.988640877091809;	0.988531491359896;	0.988808896555198;	0.988877207463310;	0.988941755065704;	0.988968677915979;	0.989020461225826;	0.989051802100661;	0.989046801413895;	0.989039243109792;	0.989032065670014;	0.989041992718987;	0.989085548376793;	0.989166877287500;	0.989039012367595;	0.989180057461384;	0.989367962264806;	0.989568898086084;	0.989875351246755;	0.990188453223356;	0.990128839786993;	0.990391729666493;	0.990795513917693;	0.991247670985582;	0.991610195339275;	0.992007022686401;	0.992425749216919;	0.992818930196604;	0.993182722400544;	0.993613475916655;	0.994052925850948;	0.994583197275693;	0.994869566120078;	0.992208686759369;	1.000000000000000
0.969534658532547;	0.860188105820087;	0.981759127118848;	0.979216051454934;	0.982936750215496;	0.981057578214123;	0.979236720877066;	0.999982348144304;	0.999999606415306;	0.999828411519231;	0.999801224769009;	0.999922610206687;	0.999918432727321;	0.999976442481093;	0.999982268531682;	0.999989917201868;	0.999989492923218;	0.999984055489318;	0.999979988966868;	0.999966172042155;	0.999954701758453;	0.999916756096448;	0.999818917058017;	0.999717472891310;	0.999449457859604;	0.999191374102173;	0.998849775750840;	0.998212605289994;	0.997931653108578;	0.997703438784427;	0.997293593050335;	0.996831905180302;	0.996522597247526;	0.995788663331947;	0.995400963978985;	0.995340260180634;	0.995034422511163;	0.994924281998630;	0.994956291124498;	0.994717222885059;	0.994526096378641;	0.994335242687159;	0.993373968785611;	0.992705350988432;	0.992192603243962;	0.991812633351782;	0.991725992943913;	0.991942374136550;	0.991994360425221;	0.992045606186566;	0.992067664131316;	0.992107309690754;	0.992129830296469;	0.992124262300204;	0.992116815254413;	0.992108930595439;	0.992115315300525;	0.992147803333493;	0.992208263355211;	0.992119756855471;	0.992227061304652;	0.992369986482784;	0.992524366440192;	0.992761567942932;	0.993001971387517;	0.992975269308284;	0.993175390310418;	0.993482354885393;	0.993826567109254;	0.994100264547342;	0.994399969260331;	0.994714992780278;	0.995008802626375;	0.995279872193506;	0.995594343924848;	0.995912683670377;	0.996289677148299;	0.996496758064493;	0.993866862240915;	1.000000000000000
0.973374175414323;	0.874179272369017;	0.984239670123324;	0.982021430458535;	0.985314859053037;	0.983690135975137;	0.982111357966992;	0.999990261459111;	0.999999835768593;	0.999890519503698;	0.999874235185437;	0.999956007421208;	0.999953818214202;	0.999987985641228;	0.999991166491835;	0.999995284088615;	0.999995080465638;	0.999992407852140;	0.999990329476882;	0.999983136217056;	0.999977324078526;	0.999956232107967;	0.999899288735376;	0.999839589111433;	0.999670185620779;	0.999501789636316;	0.999273833801424;	0.998843709424287;	0.998648106297524;	0.998488052830216;	0.998196559694145;	0.997867307027775;	0.997657581034974;	0.997134478901056;	0.996849520126847;	0.996806093708508;	0.996579803400143;	0.996499671932846;	0.996525948635869;	0.996351211542367;	0.996212244839298;	0.996073317593608;	0.995387818437906;	0.994892315876628;	0.994502456781464;	0.994212859986256;	0.994146615376244;	0.994312615551764;	0.994352259737132;	0.994392863131861;	0.994411334196785;	0.994442004655730;	0.994458837528886;	0.994454479094313;	0.994448808525121;	0.994442336961285;	0.994447417377000;	0.994472338476604;	0.994517576299983;	0.994459170370049;	0.994540326842525;	0.994647955237168;	0.994765176909530;	0.994945700681965;	0.995127199038066;	0.995121751433292;	0.995271787875494;	0.995500712017228;	0.995757363405333;	0.995959984987502;	0.996181592348575;	0.996413412771955;	0.996628135786278;	0.996825652655725;	0.997049885696276;	0.997274936241115;	0.997535649890343;	0.997681512057279;	0.995215058226990;	1.000000000000000
0.976911893824047;	0.887568763775489;	0.986494985074599;	0.984575219833801;	0.987462285246491;	0.986068537294815;	0.984710220790650;	0.999994792573572;	0.999999934483978;	0.999931788965842;	0.999922335328150;	0.999975725205053;	0.999974624935311;	0.999994084880425;	0.999995756747293;	0.999997879832270;	0.999997785908475;	0.999996522309581;	0.999995501155353;	0.999991894975901;	0.999989054501698;	0.999977756941542;	0.999945709502682;	0.999911634027779;	0.999807776744751;	0.999700955873204;	0.999552841947057;	0.999269514247536;	0.999136689165615;	0.999027185109217;	0.998824867110955;	0.998595495309321;	0.998456467990777;	0.998091785164601;	0.997887278714751;	0.997857075575532;	0.997693645267724;	0.997636844548068;	0.997657854875991;	0.997533191003943;	0.997434621592420;	0.997335986918270;	0.996857569625182;	0.996498657453343;	0.996209490609226;	0.995994304645156;	0.995945430352064;	0.996070486723655;	0.996100701934961;	0.996132670834683;	0.996148256672443;	0.996172126931886;	0.996185194321230;	0.996182678020145;	0.996179299620300;	0.996175041164829;	0.996179859229872;	0.996199418880572;	0.996233425865045;	0.996197118163001;	0.996257989157068;	0.996338047808878;	0.996425787275371;	0.996560550140054;	0.996694953667719;	0.996701842237802;	0.996812326227479;	0.996979364715731;	0.997166291503459;	0.997312947191517;	0.997472877251578;	0.997639214645103;	0.997792179387662;	0.997932458377944;	0.998088068260325;	0.998242731654738;	0.998417247796919;	0.998516656983346;	0.996285286498129;	1.000000000000000
0.980144881562847;	0.900291589338448;	0.988527382398470;	0.986879620977969;	0.989386123409749;	0.988200443813111;	0.987041398261624;	0.999997306225612;	0.999999975078092;	0.999958560471153;	0.999953257533267;	0.999987021474572;	0.999986493901464;	0.999997194646413;	0.999998038990189;	0.999999085982269;	0.999999044447783;	0.999998471161095;	0.999997989944142;	0.999996252943257;	0.999994917123111;	0.999989097079642;	0.999971689072944;	0.999952861456429;	0.999891199455521;	0.999825426070446;	0.999731867097395;	0.999550036982254;	0.999462190615834;	0.999389206931833;	0.999252355062970;	0.999096483942203;	0.999006528877921;	0.998758213334442;	0.998615089052816;	0.998594707073528;	0.998479643660101;	0.998440477142782;	0.998456825454923;	0.998370143657609;	0.998302051369362;	0.998233865296663;	0.997907631304472;	0.997653923656717;	0.997444962989983;	0.997289280821034;	0.997254534200398;	0.997346890223113;	0.997369818744695;	0.997394714914054;	0.997407789490843;	0.997426362181449;	0.997436781882329;	0.997436049528435;	0.997434792279791;	0.997432733267097;	0.997437590803579;	0.997453132362475;	0.997478709693052;	0.997457877490240;	0.997503002743729;	0.997561653434574;	0.997626186866935;	0.997724590036573;	0.997821927653095;	0.997834700639454;	0.997914340257505;	0.998033213788268;	0.998165774859765;	0.998269176658627;	0.998381399406287;	0.998497326460014;	0.998603112277584;	0.998699832297942;	0.998804434646227;	0.998907226948646;	0.999019479177742;	0.999084361864664;	0.997112606064742;	1.000000000000000
0.983073983377442;	0.912289048267447;	0.990342038624646;	0.988940049218968;	0.991095381449810;	0.990095621295331;	0.989115266144619;	0.999998654735056;	0.999999990986045;	0.999975491096481;	0.999972627647332;	0.999993290062012;	0.999993050414816;	0.999998721369592;	0.999999130213288;	0.999999623147419;	0.999999605588101;	0.999999356658815;	0.999999139699842;	0.999998337833908;	0.999997734838948;	0.999994857523862;	0.999985750006605;	0.999975701625222;	0.999940311438046;	0.999901069947270;	0.999843715343115;	0.999730221141090;	0.999673726282185;	0.999626416124856;	0.999536341210748;	0.999433179329736;	0.999376472209771;	0.999211603701580;	0.999114069018387;	0.999100755351789;	0.999021899549503;	0.998995677973827;	0.999008043881992;	0.998949404062514;	0.998903678825411;	0.998857870845451;	0.998640917154270;	0.998466207089003;	0.998319320991588;	0.998209830869081;	0.998186082816070;	0.998252818581411;	0.998270062284377;	0.998289149639382;	0.998299934405708;	0.998314277543129;	0.998322673248958;	0.998323316816611;	0.998323672113622;	0.998323373302408;	0.998328178930438;	0.998340517680323;	0.998359646901482;	0.998349050335605;	0.998381974231679;	0.998424135923590;	0.998470600656588;	0.998540652940782;	0.998609352522135;	0.998623671924083;	0.998679629944702;	0.998761817422796;	0.998852993642673;	0.998923686529054;	0.998999885377499;	0.999077981353321;	0.999148634583682;	0.999213051925645;	0.999280720725830;	0.999346310922725;	0.999414891341117;	0.999454749157265;	0.997733611119641;	1.000000000000000
0.985703938613533;	0.923510644132677;	0.991946955203444;	0.990765115895058;	0.992600741992919;	0.991765697026380;	0.990944231469937;	0.999999352908132;	0.999999996909821;	0.999985913218927;	0.999984431914953;	0.999996652889247;	0.999996550809828;	0.999999441405448;	0.999999630750160;	0.999999851832971;	0.999999844758320;	0.999999741611981;	0.999999648292015;	0.999999294496471;	0.999999033963626;	0.999997672235403;	0.999993093735580;	0.999987925995273;	0.999968330983139;	0.999945691266091;	0.999911634795558;	0.999842868576194;	0.999807603746901;	0.999777830326099;	0.999720242196281;	0.999653864109787;	0.999619107126029;	0.999512566479719;	0.999447955385827;	0.999439562487234;	0.999387049074951;	0.999370042474054;	0.999379122864807;	0.999340604754874;	0.999310822202478;	0.999280983120928;	0.999140569283814;	0.999023600417436;	0.998923347787845;	0.998848635970764;	0.998833086400299;	0.998880169116998;	0.998892956603591;	0.998907297418719;	0.998915972394594;	0.998926887020715;	0.998933610985870;	0.998935110689713;	0.998936475221210;	0.998937346596763;	0.998941858139132;	0.998951519853828;	0.998965640472584;	0.998961335208699;	0.998984857042000;	0.999014462266468;	0.999047061845534;	0.999095490321543;	0.999142539822440;	0.999155781782182;	0.999193905029710;	0.999248838127587;	0.999309364066354;	0.999355946138979;	0.999405693496024;	0.999456223173625;	0.999501484208962;	0.999542652174081;	0.999584380749767;	0.999624118828315;	0.999663090188405;	0.999685362386935;	0.998184857709293;	1.000000000000000
0.988043453793253;	0.933916022181075;	0.993352758947000;	0.992366341279890;	0.993914295651072;	0.993223868976362;	0.992542429883612;	0.999999700962167;	0.999999998999357;	0.999992147254307;	0.999991417749079;	0.999998393037968;	0.999998352909889;	0.999999766774186;	0.999999850413289;	0.999999944628458;	0.999999941921675;	0.999999901268228;	0.999999863095059;	0.999999714360515;	0.999999606955544;	0.999998991753982;	0.999996785966436;	0.999994231818267;	0.999983789550053;	0.999971187447930;	0.999951642789598;	0.999911284883522;	0.999889962901118;	0.999871809569865;	0.999836117759283;	0.999794679327423;	0.999774014509964;	0.999707144304243;	0.999665619476217;	0.999660532023657;	0.999626618056505;	0.999615960974874;	0.999622423579344;	0.999597913548534;	0.999579145939139;	0.999560349161287;	0.999472117770878;	0.999396156482616;	0.999329863626631;	0.999280512901272;	0.999270806944992;	0.999303161579769;	0.999312463589296;	0.999322975272921;	0.999329737279654;	0.999337865077802;	0.999343143810580;	0.999345016364310;	0.999346842629317;	0.999348318884337;	0.999352295193050;	0.999359671096761;	0.999369874207365;	0.999369055892081;	0.999385411292946;	0.999405603325569;	0.999427764168467;	0.999460118990888;	0.999491214015003;	0.999502058139705;	0.999527064936983;	0.999562327534530;	0.999600857233738;	0.999630191958946;	0.999661138816782;	0.999692258448049;	0.999719798608344;	0.999744806679404;	0.999768957949670;	0.999791385159777;	0.999811064757754;	0.999821444767857;	0.998501337821520;	1.000000000000000
0.990104848422917;	0.943476157988044;	0.994572218923228;	0.993757670576253;	0.995049264681307;	0.994484595109950;	0.993925391539440;	0.999999867611517;	0.999999999695115;	0.999995763612208;	0.999995424619007;	0.999999259500838;	0.999999245352863;	0.999999907237460;	0.999999942367118;	0.999999980402179;	0.999999979422596;	0.999999964237086;	0.999999949439306;	0.999999890068206;	0.999999847968794;	0.999999583493398;	0.999998568133990;	0.999997358580199;	0.999992016868304;	0.999985266181268;	0.999974452538950;	0.999951566290127;	0.999939108265897;	0.999928409950405;	0.999907014522952;	0.999881973171688;	0.999870086758418;	0.999829417407868;	0.999803583821380;	0.999800632358369;	0.999779441358912;	0.999773009264715;	0.999777458535791;	0.999762390082763;	0.999750982343849;	0.999739566953356;	0.999685885458792;	0.999638161693348;	0.999595798977374;	0.999564327588960;	0.999558592738155;	0.999580190379098;	0.999586793217026;	0.999594277206070;	0.999599359683659;	0.999605244892194;	0.999609263609640;	0.999611138029842;	0.999613009633373;	0.999614643470470;	0.999617923082334;	0.999623357001630;	0.999630509496390;	0.999631317840662;	0.999642304304003;	0.999655584867160;	0.999670074389149;	0.999690833633791;	0.999710518144245;	0.999718558836212;	0.999734194900935;	0.999755729819528;	0.999779036272836;	0.999796461773597;	0.999814544835962;	0.999832533896728;	0.999848203007115;	0.999862432563004;	0.999875170481612;	0.999886506435718;	0.999894199325293;	0.999896915539712;	0.998715116353731;	1.000000000000000
0.991903281030454;	0.952174083302236;	0.995619486208919;	0.994954598120940;	0.996019717206844;	0.995563282321488;	0.995109702326339;	0.999999944030447;	0.999999999912962;	0.999997793729776;	0.999997647065761;	0.999999673501993;	0.999999669301640;	0.999999964981123;	0.999999978961351;	0.999999993457258;	0.999999993123385;	0.999999987769309;	0.999999982354674;	0.999999959938935;	0.999999944310881;	0.999999836509493;	0.999999391450410;	0.999998844485325;	0.999996229363347;	0.999992759477693;	0.999987007680893;	0.999974501830738;	0.999967486606374;	0.999961408835385;	0.999949036344473;	0.999934426424323;	0.999927832053203;	0.999903928824322;	0.999888411851896;	0.999886782944299;	0.999874006180922;	0.999870281317297;	0.999873237665563;	0.999864315086109;	0.999857649989930;	0.999850990939661;	0.999819466105935;	0.999790548234135;	0.999764466129396;	0.999745152335048;	0.999741978280382;	0.999755939681092;	0.999760489237231;	0.999765641786948;	0.999769309223878;	0.999773427880295;	0.999776369875370;	0.999778010663056;	0.999779662961787;	0.999781157178430;	0.999783682696603;	0.999787507925208;	0.999792323686781;	0.999793632040179;	0.999800692981598;	0.999809032783282;	0.999818050944633;	0.999830730988316;	0.999842535829845;	0.999847941075183;	0.999857113514445;	0.999869436718441;	0.999882641176757;	0.999892180200796;	0.999901846913681;	0.999911363063633;	0.999919452130218;	0.999926837931068;	0.999932534949495;	0.999937133620618;	0.999937797820902;	0.999935868733925;	0.998854241093201;	1.000000000000000
0.993455779009582;	0.960004965972182;	0.996509179573336;	0.995973205300419;	0.996840272513527;	0.996475970019473;	0.996112666177080;	0.999999977484999;	0.999999999976829;	0.999998893892257;	0.999998836135304;	0.999999862736321;	0.999999861884158;	0.999999987503620;	0.999999992754009;	0.999999997948953;	0.999999997842318;	0.999999996068585;	0.999999994206823;	0.999999986237069;	0.999999980767332;	0.999999939276563;	0.999999754231747;	0.999999518955928;	0.999998297921150;	0.999996592257698;	0.999993660548730;	0.999987096446016;	0.999983300898275;	0.999979982651472;	0.999973101306789;	0.999964896535343;	0.999961380403959;	0.999947845082642;	0.999938873566458;	0.999938025355954;	0.999930615258048;	0.999928555056312;	0.999930445781432;	0.999925375602900;	0.999921648198097;	0.999917933365504;	0.999900128869842;	0.999883289153899;	0.999867872090592;	0.999856509022453;	0.999854890681185;	0.999863599365504;	0.999866626121530;	0.999870040501386;	0.999872570172204;	0.999875339329291;	0.999877395446536;	0.999878690998609;	0.999879996301341;	0.999881195382298;	0.999883003035078;	0.999885547199135;	0.999888622383737;	0.999889834482188;	0.999894115419216;	0.999899039240356;	0.999904294739592;	0.999911568803484;	0.999918151391859;	0.999921386856701;	0.999926285728357;	0.999932705804666;	0.999939527855318;	0.999944097902187;	0.999948543059903;	0.999952889656779;	0.999956407238750;	0.999959698276690;	0.999961314594034;	0.999962081417376;	0.999958915446199;	0.999954388867986;	0.998942017176047;	1.000000000000000
0.994780675170007;	0.966975843553751;	0.997256078376380;	0.996829846252859;	0.997525811093596;	0.997239010141771;	0.996951963550429;	0.999999991416824;	0.999999999994277;	0.999999467845760;	0.999999448060670;	0.999999945193953;	0.999999945243592;	0.999999995804269;	0.999999997656665;	0.999999999399316;	0.999999999367585;	0.999999998818278;	0.999999998219788;	0.999999995564601;	0.999999993768782;	0.999999978760574;	0.999999906103392;	0.999999810257949;	0.999999268677891;	0.999998469914539;	0.999997043286450;	0.999993745718720;	0.999991779579703;	0.999990044711777;	0.999986376411162;	0.999981956595084;	0.999980162118967;	0.999972803998052;	0.999967828486199;	0.999967416674690;	0.999963297896400;	0.999962215844193;	0.999963376016151;	0.999960623076690;	0.999958637877265;	0.999956666610691;	0.999947037031649;	0.999937652412810;	0.999928940097561;	0.999922560095340;	0.999921822379832;	0.999927042363100;	0.999928975698490;	0.999931142217662;	0.999932802209665;	0.999934579533748;	0.999935941553917;	0.999936874630272;	0.999937808850871;	0.999938668035465;	0.999939859010817;	0.999941432349593;	0.999943260089352;	0.999944131087912;	0.999946520443000;	0.999949177182099;	0.999951956149011;	0.999955779832027;	0.999959064939586;	0.999960691705673;	0.999962905820945;	0.999965744074646;	0.999968760831855;	0.999970381959856;	0.999971788293036;	0.999973185606619;	0.999974131400573;	0.999975144765726;	0.999974574027097;	0.999973336417716;	0.999968277058536;	0.999962451194271;	0.998996704093769;	1.000000000000000
0.995897326289429;	0.973105369902401;	0.997875051003571;	0.997541054026026;	0.998091199569149;	0.997868761707733;	0.997645317576136;	0.999999996913418;	0.999999999998696;	0.999999755200110;	0.999999749986236;	0.999999979311077;	0.999999979487481;	0.999999998681455;	0.999999999292255;	0.999999999836590;	0.999999999827850;	0.999999999669746;	0.999999999490902;	0.999999998666670;	0.999999998116749;	0.999999993041949;	0.999999966236566;	0.999999929444870;	0.999999702299047;	0.999999347515095;	0.999998687564216;	0.999997108644701;	0.999996137505743;	0.999995272476219;	0.999993405749141;	0.999991131125982;	0.999990258792834;	0.999986434379495;	0.999983798393421;	0.999983615442546;	0.999981430815397;	0.999980895103179;	0.999981575527778;	0.999980154596864;	0.999979153915669;	0.999978165470660;	0.999973202917921;	0.999968222690551;	0.999963539400717;	0.999960139594837;	0.999959857996562;	0.999962849817958;	0.999964028148579;	0.999965336724374;	0.999966367071988;	0.999967447933149;	0.999968295752781;	0.999968908564224;	0.999969512888307;	0.999970059716132;	0.999970766962004;	0.999971645806574;	0.999972621903535;	0.999973113783410;	0.999974277542725;	0.999975502666056;	0.999976735292823;	0.999978475769485;	0.999979795065694;	0.999980339087079;	0.999980968116810;	0.999981771229348;	0.999982671808037;	0.999982667003311;	0.999982439235456;	0.999982286694555;	0.999981906005105;	0.999981762656366;	0.999980133081581;	0.999977958019469;	0.999972090259999;	0.999965721918398;	0.999031654340037;	1.000000000000000
0.996825795801311;	0.978423439316396;	0.998380873184963;	0.998123334712824;	0.998551032434099;	0.998381306940967;	0.998210181717136;	0.999999998958456;	0.999999999999728;	0.999999892769724;	0.999999892286639;	0.999999992654174;	0.999999992776976;	0.999999999614474;	0.999999999801594;	0.999999999958975;	0.999999999956762;	0.999999999914746;	0.999999999865392;	0.999999999628521;	0.999999999472486;	0.999999997878314;	0.999999988640591;	0.999999975409806;	0.999999885802944;	0.999999737108808;	0.999999448334158;	0.999998731248038;	0.999998276047572;	0.999997866685622;	0.999996964129894;	0.999995851032406;	0.999995449451167;	0.999993558100721;	0.999992230457523;	0.999992158572469;	0.999991058476478;	0.999990810888359;	0.999991190590921;	0.999990497726782;	0.999990024024839;	0.999989559614338;	0.999987137379203;	0.999984635632203;	0.999982255400711;	0.999980547420575;	0.999980474950906;	0.999982104906859;	0.999982785207480;	0.999983532099272;	0.999984132472602;	0.999984749289298;	0.999985239146901;	0.999985601698722;	0.999985948056349;	0.999986246394885;	0.999986605800219;	0.999987019412868;	0.999987447325879;	0.999987622809098;	0.999988038183268;	0.999988412193571;	0.999988738793926;	0.999989302122281;	0.999989528110903;	0.999989412589786;	0.999989175119869;	0.999988911904470;	0.999988732256711;	0.999987910679481;	0.999986888243291;	0.999986002607406;	0.999985011533245;	0.999984347285577;	0.999982275178257;	0.999979729867097;	0.999973600204242;	0.999967078269242;	0.999055854753211;	1.000000000000000
0.997586476528324;	0.982970466020529;	0.998787982861331;	0.998592877569399;	0.998919392392931;	0.998792187010210;	0.998663452459093;	0.999999999672183;	0.999999999999948;	0.999999955488231;	0.999999956079412;	0.999999997561309;	0.999999997623621;	0.999999999895835;	0.999999999948734;	0.999999999990564;	0.999999999990054;	0.999999999979821;	0.999999999967337;	0.999999999904780;	0.999999999864067;	0.999999999402136;	0.999999996448501;	0.999999992021121;	0.999999958978970;	0.999999900527871;	0.999999781700989;	0.999999474540281;	0.999999273197592;	0.999999090374442;	0.999998678057857;	0.999998163001345;	0.999997989158131;	0.999997104211551;	0.999996472159752;	0.999996449028746;	0.999995926315967;	0.999995820943828;	0.999996021453344;	0.999995704711478;	0.999995496234152;	0.999995294025235;	0.999994182309576;	0.999993001271801;	0.999991865942806;	0.999991063680800;	0.999991069884039;	0.999991907820469;	0.999992276511514;	0.999992675530580;	0.999993000377147;	0.999993325930098;	0.999993583076400;	0.999993769581586;	0.999993935003876;	0.999994057594399;	0.999994188032993;	0.999994312469546;	0.999994411527780;	0.999994364825860;	0.999994355102592;	0.999994259341913;	0.999994095065454;	0.999994044857726;	0.999993713034672;	0.999993238421455;	0.999992571773396;	0.999991805100394;	0.999991131677152;	0.999989948923108;	0.999988590539922;	0.999987405908268;	0.999986176462056;	0.999985313814655;	0.999983096829996;	0.999980445217786;	0.999974294012107;	0.999967793955622;	0.999074772622727;	1.000000000000000
0.998199686459000;	0.986796287633863;	0.999110241684097;	0.998965284145101;	0.999209636457358;	0.999116164422164;	0.999021212151858;	0.999999999904429;	0.999999999999991;	0.999999982587409;	0.999999983147359;	0.999999999248207;	0.999999999274599;	0.999999999974195;	0.999999999987888;	0.999999999998028;	0.999999999997922;	0.999999999995658;	0.999999999992788;	0.999999999977733;	0.999999999968049;	0.999999999845604;	0.999999998976325;	0.999999997608590;	0.999999986302656;	0.999999964904631;	0.999999919239816;	0.999999795976943;	0.999999712496274;	0.999999635959222;	0.999999459161864;	0.999999235293212;	0.999999165137646;	0.999998776047561;	0.999998493587551;	0.999998489002478;	0.999998256381445;	0.999998215918943;	0.999998315458471;	0.999998180999873;	0.999998096836822;	0.999998016468710;	0.999997540939560;	0.999997021585175;	0.999996517965021;	0.999996169226583;	0.999996193837631;	0.999996596542641;	0.999996781746026;	0.999996978483454;	0.999997138774715;	0.999997293572783;	0.999997410528481;	0.999997485041231;	0.999997536089994;	0.999997547430273;	0.999997540846287;	0.999997500577737;	0.999997418519450;	0.999997236892160;	0.999997006596621;	0.999996674883777;	0.999996269955622;	0.999995931054792;	0.999995345074448;	0.999994700632670;	0.999993849013019;	0.999992877442459;	0.999992010984108;	0.999990697283944;	0.999989225525415;	0.999987944893122;	0.999986645855619;	0.999985727361599;	0.999983491092735;	0.999980840291308;	0.999974757139779;	0.999968340204206;	0.999091295720320;	1.000000000000000
0.998685287039276;	0.989958795505456;	0.999360723547188;	0.999255322057209;	0.999434217705153;	0.999367022832754;	0.999298505973155;	0.999999999974398;	0.999999999999998;	0.999999993622542;	0.999999993955671;	0.999999999786506;	0.999999999796213;	0.999999999994191;	0.999999999997407;	0.999999999999629;	0.999999999999610;	0.999999999999159;	0.999999999998565;	0.999999999995296;	0.999999999993217;	0.999999999963810;	0.999999999730497;	0.999999999344028;	0.999999995785369;	0.999999988551559;	0.999999972296496;	0.999999926323978;	0.999999894136492;	0.999999864344431;	0.999999793752471;	0.999999703080079;	0.999999676974188;	0.999999517529274;	0.999999400029473;	0.999999400926236;	0.999999304845338;	0.999999291308259;	0.999999337387366;	0.999999285027546;	0.999999254449407;	0.999999225931969;	0.999999038442843;	0.999998828029106;	0.999998622609878;	0.999998484085071;	0.999998504772844;	0.999998683412517;	0.999998767887986;	0.999998855231123;	0.999998924724517;	0.999998986982408;	0.999999026472742;	0.999999036835967;	0.999999023075691;	0.999998971741959;	0.999998891626584;	0.999998766988691;	0.999998595357756;	0.999998343286906;	0.999998011490130;	0.999997575660492;	0.999997068262587;	0.999996611553339;	0.999995927764619;	0.999995218163347;	0.999994303226956;	0.999993266754685;	0.999992342413096;	0.999990999011293;	0.999989508062321;	0.999988214201036;	0.999986911748871;	0.999985990393374;	0.999983776788676;	0.999981158154932;	0.999975163607077;	0.999968841953321;	0.999106697763774;	1.000000000000000
0.999062328214056;	0.992522251464437;	0.999551538317917;	0.999476717606920;	0.999604545540947;	0.999557408574709;	0.999509163554429;	0.999999999993757;	1.000000000000000;	0.999999997829926;	0.999999997989717;	0.999999999944672;	0.999999999947811;	0.999999999998824;	0.999999999999503;	0.999999999999938;	0.999999999999935;	0.999999999999855;	0.999999999999746;	0.999999999999112;	0.999999999998714;	0.999999999992387;	0.999999999935901;	0.999999999837112;	0.999999998817334;	0.999999996581838;	0.999999991274996;	0.999999975492421;	0.999999964062760;	0.999999953386009;	0.999999927392517;	0.999999893502693;	0.999999884671166;	0.999999824382842;	0.999999779353043;	0.999999780971058;	0.999999744555849;	0.999999740887482;	0.999999760578852;	0.999999742175215;	0.999999732464666;	0.999999723748312;	0.999999656550756;	0.999999579082867;	0.999999503109318;	0.999999453559750;	0.999999465680163;	0.999999537411705;	0.999999570925201;	0.999999603895295;	0.999999627658398;	0.999999644195007;	0.999999644990770;	0.999999622680439;	0.999999576490893;	0.999999494315887;	0.999999379737290;	0.999999217545573;	0.999999007804481;	0.999998725584460;	0.999998355042472;	0.999997882084472;	0.999997340357779;	0.999996845498083;	0.999996134531891;	0.999995409186855;	0.999994483588660;	0.999993439376720;	0.999992509846374;	0.999991174889126;	0.999989697554789;	0.999988416488822;	0.999987129077317;	0.999986218085909;	0.999984035817892;	0.999981455147008;	0.999975551587451;	0.999969326148424;	0.999121466454545;	1.000000000000000
0.999348722730007;	0.994555310237585;	0.999693691554140;	0.999641990480525;	0.999730885394363;	0.999698715387749;	0.999665667747307;	0.999999999998629;	1.000000000000000;	0.999999999320259;	0.999999999385843;	0.999999999987058;	0.999999999987951;	0.999999999999788;	0.999999999999915;	0.999999999999991;	0.999999999999990;	0.999999999999978;	0.999999999999960;	0.999999999999852;	0.999999999999785;	0.999999999998581;	0.999999999986405;	0.999999999963857;	0.999999999701103;	0.999999999077275;	0.999999997507272;	0.999999992578237;	0.999999988884401;	0.999999985404112;	0.999999976681952;	0.999999965132705;	0.999999962468417;	0.999999941695044;	0.999999926001483;	0.999999927100105;	0.999999914616700;	0.999999913980854;	0.999999921651125;	0.999999915940287;	0.999999913378949;	0.999999911235974;	0.999999889722803;	0.999999864238396;	0.999999839171959;	0.999999823394285;	0.999999828711157;	0.999999853817890;	0.999999863927564;	0.999999872454132;	0.999999875540558;	0.999999871872580;	0.999999855578034;	0.999999818854544;	0.999999758836383;	0.999999664064256;	0.999999536290586;	0.999999360789977;	0.999999138571244;	0.999998847403831;	0.999998466974243;	0.999997986428942;	0.999997439465933;	0.999996938695540;	0.999996228286429;	0.999995507159067;	0.999994590193215;	0.999993557073222;	0.999992637828941;	0.999991321086778;	0.999989864639774;	0.999988601643348;	0.999987332762795;	0.999986434675321;	0.999984284984649;	0.999981742879728;	0.999975929267357;	0.999969798619142;	0.999135776309275;	1.000000000000000
0.999560972115568;	0.996128874047032;	0.999796985146946;	0.999762330600535;	0.999822295916089;	0.999801013073692;	0.999779071364348;	0.999999999999732;	1.000000000000000;	0.999999999806162;	0.999999999829605;	0.999999999997303;	0.999999999997526;	0.999999999999967;	0.999999999999987;	0.999999999999999;	0.999999999999999;	0.999999999999997;	0.999999999999994;	0.999999999999978;	0.999999999999969;	0.999999999999770;	0.999999999997468;	0.999999999992944;	0.999999999932984;	0.999999999778126;	0.999999999363399;	0.999999997983186;	0.999999996912581;	0.999999995896241;	0.999999993268583;	0.999999989733804;	0.999999989036495;	0.999999982615503;	0.999999977723051;	0.999999978269663;	0.999999974470724;	0.999999974517966;	0.999999977196842;	0.999999975681485;	0.999999975180108;	0.999999974824790;	0.999999968799915;	0.999999961445219;	0.999999954161257;	0.999999949591090;	0.999999950978331;	0.999999957837965;	0.999999958389571;	0.999999957197212;	0.999999952105211;	0.999999940707141;	0.999999918030194;	0.999999876161251;	0.999999811591818;	0.999999713183937;	0.999999582121803;	0.999999404036888;	0.999999180243952;	0.999998889433950;	0.999998510555484;	0.999998033690945;	0.999997492112518;	0.999996996225985;	0.999996294832292;	0.999995583575675;	0.999994679798214;	0.999993661615769;	0.999992755581497;	0.999991458616150;	0.999990024136607;	0.999988780009391;	0.999987530100802;	0.999986645251118;	0.999984527858855;	0.999982023814322;	0.999976298412910;	0.999970260673440;	0.999149692697132;	1.000000000000000
0.999713953218145;	0.997313868576415;	0.999869963834971;	0.999847527111034;	0.999886606085490;	0.999873017479331;	0.999858960302929;	0.999999999999955;	1.000000000000000;	0.999999999950351;	0.999999999957657;	0.999999999999507;	0.999999999999555;	0.999999999999996;	0.999999999999998;	1.000000000000000;	1.000000000000000;	1.000000000000000;	0.999999999999999;	0.999999999999997;	0.999999999999996;	0.999999999999968;	0.999999999999593;	0.999999999998810;	0.999999999986913;	0.999999999953341;	0.999999999857301;	0.999999999517002;	0.999999999243833;	0.999999998982987;	0.999999998285584;	0.999999997332492;	0.999999997180885;	0.999999995436134;	0.999999994100708;	0.999999994319638;	0.999999993318557;	0.999999993414247;	0.999999994235051;	0.999999993907414;	0.999999993859489;	0.999999993847297;	0.999999992394631;	0.999999990539665;	0.999999988625979;	0.999999987189888;	0.999999986771708;	0.999999987387655;	0.999999984582941;	0.999999980104171;	0.999999972319689;	0.999999958529688;	0.999999934050329;	0.999999891005902;	0.999999825752204;	0.999999727370957;	0.999999596907499;	0.999999420278858;	0.999999198864509;	0.999998911777734;	0.999998538063112;	0.999998068027179;	0.999997534393440;	0.999997045675860;	0.999996354783663;	0.999995654293689;	0.999994764305135;	0.999993761546266;	0.999992869104566;	0.999991591905919;	0.999990179246470;	0.999988953840534;	0.999987722677848;	0.999986850916095;	0.999984765234651;	0.999982298538600;	0.999976659532458;	0.999970712793035;	0.999163246293245;	1.000000000000000
0.999820770353422;	0.998179039314375;	0.999919905355931;	0.999905947282189;	0.999930429597746;	0.999922102198349;	0.999913460292368;	0.999999999999993;	1.000000000000000;	0.999999999988764;	0.999999999990734;	0.999999999999923;	0.999999999999931;	1.000000000000000;	1.000000000000000;	1.000000000000000;	1.000000000000000;	1.000000000000000;	1.000000000000000;	1.000000000000000;	1.000000000000000;	0.999999999999997;	0.999999999999945;	0.999999999999831;	0.999999999997823;	0.999999999991610;	0.999999999972555;	0.999999999900351;	0.999999999840424;	0.999999999783020;	0.999999999623876;	0.999999999403054;	0.999999999377824;	0.999999998971925;	0.999999998661731;	0.999999998733396;	0.999999998512571;	0.999999998558698;	0.999999998772582;	0.999999998718404;	0.999999998724506;	0.999999998729162;	0.999999998411830;	0.999999997959103;	0.999999997396822;	0.999999996661051;	0.999999995586188;	0.999999994409348;	0.999999990654596;	0.999999985302929;	0.999999976867479;	0.999999962608809;	0.999999937961817;	0.999999895154612;	0.999999830561028;	0.999999733447068;	0.999999604808783;	0.999999430778154;	0.999999212702736;	0.999998930021519;	0.999998562047268;	0.999998099239612;	0.999997573826228;	0.999997092560676;	0.999996412262118;	0.999995722531823;	0.999994846214109;	0.999993858714292;	0.999992979715677;	0.999991721937970;	0.999990330690973;	0.999989123664364;	0.999987910895403;	0.999987051986335;	0.999984997389975;	0.999982567314116;	0.999977012923356;	0.999971155320364;	0.999176456600969;	1.000000000000000
0.999892676614431;	0.998788890469844;	0.999952854134173;	0.999944564684430;	0.999959219449854;	0.999954354957893;	0.999949292540245;	0.999999999999999;	1.000000000000000;	0.999999999997799;	0.999999999998251;	0.999999999999990;	0.999999999999991;	1.000000000000000;	1.000000000000000;	1.000000000000000;	1.000000000000000;	1.000000000000000;	1.000000000000000;	1.000000000000000;	1.000000000000000;	1.000000000000000;	0.999999999999994;	0.999999999999980;	0.999999999999699;	0.999999999998746;	0.999999999995599;	0.999999999982792;	0.999999999971827;	0.999999999961337;	0.999999999931088;	0.999999999888548;	0.999999999885980;	0.999999999807933;	0.999999999748939;	0.999999999767799;	0.999999999728896;	0.999999999743165;	0.999999999788154;	0.999999999780404;	0.999999999778041;	0.999999999764520;	0.999999999673322;	0.999999999507572;	0.999999999215399;	0.999999998597145;	0.999999997346331;	0.999999995770694;	0.999999991843106;	0.999999986369382;	0.999999977908712;	0.999999963748491;	0.999999939403447;	0.999999897221323;	0.999999833617288;	0.999999738017555;	0.999999611387436;	0.999999440071627;	0.999999225397272;	0.999998947125797;	0.999998584867811;	0.999998129222456;	0.999997611931314;	0.999997138042628;	0.999996468166521;	0.999995789001389;	0.999994926085123;	0.999993953545166;	0.999993087734916;	0.999991848975007;	0.999990478695464;	0.999989289680766;	0.999988094941012;	0.999987248641222;	0.999985224513037;	0.999982830342337;	0.999977358834800;	0.999971588553870;	0.999189338918533;	1.000000000000000
0.999939063582172;	0.999201890419447;	0.999973686658919;	0.999969025970611;	0.999977341611039;	0.999974656359082;	0.999971855445116;	1.000000000000000;	1.000000000000000;	0.999999999999636;	0.999999999999723;	0.999999999999999;	0.999999999999999;	1.000000000000000;	1.000000000000000;	1.000000000000000;	1.000000000000000;	1.000000000000000;	1.000000000000000;	1.000000000000000;	1.000000000000000;	1.000000000000000;	0.999999999999999;	0.999999999999998;	0.999999999999966;	0.999999999999849;	0.999999999999432;	0.999999999997602;	0.999999999995993;	0.999999999994466;	0.999999999989873;	0.999999999983348;	0.999999999983388;	0.999999999971557;	0.999999999962840;	0.999999999966671;	0.999999999961511;	0.999999999964361;	0.999999999970930;	0.999999999967564;	0.999999999958757;	0.999999999937123;	0.999999999879935;	0.999999999759097;	0.999999999508878;	0.999999998909506;	0.999999997638956;	0.999999996017386;	0.999999992116584;	0.999999986702046;	0.999999978359005;	0.999999964413999;	0.999999940451180;	0.999999898936365;	0.999999836335271;	0.999999742237449;	0.999999617590287;	0.999999448947859;	0.999999237616830;	0.999998963670652;	0.999998607016171;	0.999998158386630;	0.999997649046817;	0.999997182385621;	0.999996522709951;	0.999995853882994;	0.999995004075704;	0.999994046179858;	0.999993193291189;	0.999991973146721;	0.999990623394810;	0.999989452028822;	0.999988274959630;	0.999987441028791;	0.999985446765750;	0.999983087800822;	0.999977697490699;	0.999972012765044;	0.999201906671689;	1.000000000000000
0.999967521443802;	0.999469079594469;	0.999986217212336;	0.999983763341510;	0.999988191893663;	0.999986807714522;	0.999985361828676;	1.000000000000000;	1.000000000000000;	0.999999999999951;	0.999999999999964;	1.000000000000000;	1.000000000000000;	1.000000000000000;	1.000000000000000;	1.000000000000000;	1.000000000000000;	1.000000000000000;	1.000000000000000;	1.000000000000000;	1.000000000000000;	1.000000000000000;	1.000000000000000;	1.000000000000000;	0.999999999999997;	0.999999999999986;	0.999999999999943;	0.999999999999742;	0.999999999999562;	0.999999999999394;	0.999999999998866;	0.999999999998113;	0.999999999998181;	0.999999999996852;	0.999999999995917;	0.999999999996463;	0.999999999995925;	0.999999999996000;	0.999999999995832;	0.999999999992309;	0.999999999981886;	0.999999999958687;	0.999999999905700;	0.999999999791356;	0.999999999549182;	0.999999998960485;	0.999999997706367;	0.999999996103528;	0.999999992263562;	0.999999986934641;	0.999999978724481;	0.999999965000559;	0.999999941416047;	0.999999900554707;	0.999999838934763;	0.999999746305241;	0.999999623596882;	0.999999457567800;	0.999999249504138;	0.999998979783621;	0.999998628604608;	0.999998186831819;	0.999997685262941;	0.999997225670157;	0.999996575970894;	0.999995917254341;	0.999995080267758;	0.999994136706364;	0.999993296475895;	0.999992094554394;	0.999990764901315;	0.999989610828699;	0.999988451079151;	0.999987629281461;	0.999985664294845;	0.999983339852087;	0.999978029097249;	0.999972428204673;	0.999214172060560;	1.000000000000000
0.999983958765929;	0.999633181384168;	0.999993316057251;	0.999992123345584;	0.999994309336595;	0.999993652788047;	0.999992966660942;	1.000000000000000;	1.000000000000000;	0.999999999999995;	0.999999999999996;	1.000000000000000;	1.000000000000000;	1.000000000000000;	1.000000000000000;	1.000000000000000;	1.000000000000000;	1.000000000000000;	1.000000000000000;	1.000000000000000;	1.000000000000000;	1.000000000000000;	1.000000000000000;	1.000000000000000;	0.999999999999999;	0.999999999999999;	0.999999999999996;	0.999999999999979;	0.999999999999965;	0.999999999999952;	0.999999999999910;	0.999999999999847;	0.999999999999860;	0.999999999999756;	0.999999999999683;	0.999999999999710;	0.999999999999589;	0.999999999999222;	0.999999999998234;	0.999999999994660;	0.999999999984177;	0.999999999961159;	0.999999999909344;	0.999999999797380;	0.999999999559786;	0.999999998981352;	0.999999997747984;	0.999999996170550;	0.999999992392233;	0.999999987148185;	0.999999979068301;	0.999999965560544;	0.999999942345352;	0.999999902121493;	0.999999841458847;	0.999999750262168;	0.999999629446165;	0.999999465968370;	0.999999261094759;	0.999998995500324;	0.999998649669790;	0.999998214597128;	0.999997720622312;	0.999997267941477;	0.999996628000755;	0.999995979172033;	0.999995154726542;	0.999994225198169;	0.999993397368204;	0.999992213287556;	0.999990903315652;	0.999989766189429;	0.999988623416627;	0.999987813521095;	0.999985877235830;	0.999983586646613;	0.999978353845833;	0.999972835105913;	0.999226146250359;	1.000000000000000
0.999992780571100;	0.999728284485583;	0.999997053127397;	0.999996528846665;	0.999997507357376;	0.999997227235235;	0.999996935056764;	1.000000000000000;	1.000000000000000;	1.000000000000000;	1.000000000000000;	1.000000000000000;	1.000000000000000;	1.000000000000000;	1.000000000000000;	1.000000000000000;	1.000000000000000;	1.000000000000000;	1.000000000000000;	1.000000000000000;	1.000000000000000;	1.000000000000000;	1.000000000000000;	1.000000000000000;	0.999999999999999;	1.000000000000000;	1.000000000000000;	0.999999999999999;	0.999999999999998;	0.999999999999997;	0.999999999999996;	0.999999999999991;	0.999999999999992;	0.999999999999985;	0.999999999999975;	0.999999999999950;	0.999999999999852;	0.999999999999450;	0.999999999998417;	0.999999999994898;	0.999999999984583;	0.999999999961954;	0.999999999911060;	0.999999999801065;	0.999999999567563;	0.999999998998829;	0.999999997785566;	0.999999996233214;	0.999999992514869;	0.999999987353576;	0.999999979400664;	0.999999966103626;	0.999999943248502;	0.999999903646241;	0.999999843917360;	0.999999754118797;	0.999999635149727;	0.999999474162721;	0.999999272404003;	0.999999010839039;	0.999998670233770;	0.999998241709321;	0.999997755157330;	0.999997309237751;	0.999996678842477;	0.999996039685452;	0.999995227510218;	0.999994311721036;	0.999993496039987;	0.999992329428149;	0.999991038730549;	0.999989918211800;	0.999988792080506;	0.999987993860763;	0.999986085714631;	0.999983828324491;	0.999978671914966;	0.999973233686579;	0.999237839499432;	1.000000000000000
0.999997101083655;	0.999780111532072;	0.999998852263824;	0.999998649783222;	0.999999041843575;	0.999998938150959;	0.999998830546528;	1.000000000000000;	1.000000000000000;	1.000000000000000;	1.000000000000000;	1.000000000000000;	1.000000000000000;	1.000000000000000;	1.000000000000000;	1.000000000000000;	1.000000000000000;	1.000000000000000;	1.000000000000000;	1.000000000000000;	1.000000000000000;	1.000000000000000;	1.000000000000000;	1.000000000000000;	0.999999999999999;	1.000000000000000;	1.000000000000000;	0.999999999999999;	1.000000000000000;	1.000000000000000;	1.000000000000000;	0.999999999999999;	0.999999999999999;	0.999999999999997;	0.999999999999990;	0.999999999999962;	0.999999999999867;	0.999999999999470;	0.999999999998452;	0.999999999994995;	0.999999999984857;	0.999999999962610;	0.999999999912573;	0.999999999804414;	0.999999999574777;	0.999999999015331;	0.999999997821533;	0.999999996293639;	0.999999992633643;	0.999999987552924;	0.999999979723666;	0.999999966631978;	0.999999944127930;	0.999999905131920;	0.999999846314070;	0.999999757880105;	0.999999640714100;	0.999999482159399;	0.999999283442896;	0.999999025814024;	0.999998690314864;	0.999998268191532;	0.999997788896697;	0.999997349591674;	0.999996728534732;	0.999996098840068;	0.999995298671845;	0.999994396335524;	0.999993592557649;	0.999992443052062;	0.999991171232059;	0.999990066989498;	0.999988957171728;	0.999988170405809;	0.999986289848746;	0.999984065016655;	0.999978983471827;	0.999973624150971;	0.999249261280367;	1.000000000000000
0.999998983627607;	0.999806823278020;	0.999999617802210;	0.999999551591774;	0.999999685844108;	0.999999653344173;	0.999999619867361;	1.000000000000000;	1.000000000000000;	1.000000000000000;	1.000000000000000;	1.000000000000000;	1.000000000000000;	1.000000000000000;	1.000000000000000;	1.000000000000000;	1.000000000000000;	1.000000000000000;	1.000000000000000;	1.000000000000000;	1.000000000000000;	1.000000000000000;	1.000000000000000;	1.000000000000000;	0.999999999999999;	1.000000000000000;	1.000000000000000;	1.000000000000000;	1.000000000000000;	0.999999999999999;	1.000000000000000;	0.999999999999999;	0.999999999999999;	0.999999999999998;	0.999999999999990;	0.999999999999963;	0.999999999999870;	0.999999999999481;	0.999999999998479;	0.999999999995081;	0.999999999985111;	0.999999999963229;	0.999999999914013;	0.999999999807619;	0.999999999581707;	0.999999999031245;	0.999999997856339;	0.999999996352250;	0.999999992749045;	0.999999987746785;	0.999999980037985;	0.999999967146476;	0.999999944984841;	0.999999906580304;	0.999999848651575;	0.999999761549850;	0.999999646144531;	0.999999489965614;	0.999999294221067;	0.999999040437918;	0.999998709929388;	0.999998294064673;	0.999997821867015;	0.999997389033166;	0.999996777113328;	0.999996156677918;	0.999995368260434;	0.999994479097762;	0.999993686982841;	0.999992554229853;	0.999991300900311;	0.999990212609890;	0.999989118784548;	0.999988343254703;	0.999986489748157;	0.999984296845869;	0.999979288673451;	0.999974006691270;	0.999260420376467;	1.000000000000000
0.999999688504202;	0.999820247510223;	0.999999898134303;	0.999999881253103;	0.999999917980857;	0.999999910509995;	0.999999903122649;	1.000000000000000;	1.000000000000000;	1.000000000000000;	1.000000000000000;	1.000000000000000;	1.000000000000000;	1.000000000000000;	1.000000000000000;	1.000000000000000;	1.000000000000000;	1.000000000000000;	1.000000000000000;	1.000000000000000;	1.000000000000000;	1.000000000000000;	1.000000000000000;	1.000000000000000;	0.999999999999999;	1.000000000000000;	1.000000000000000;	1.000000000000000;	1.000000000000000;	0.999999999999999;	1.000000000000000;	0.999999999999999;	1.000000000000000;	0.999999999999998;	0.999999999999990;	0.999999999999964;	0.999999999999872;	0.999999999999490;	0.999999999998505;	0.999999999995162;	0.999999999985354;	0.999999999963825;	0.999999999915402;	0.999999999810716;	0.999999999588409;	0.999999999046658;	0.999999997890109;	0.999999996409190;	0.999999992861282;	0.999999987935455;	0.999999980344040;	0.999999967647732;	0.999999945820164;	0.999999907992847;	0.999999850932083;	0.999999765131327;	0.999999651445714;	0.999999497587854;	0.999999304747197;	0.999999054722260;	0.999998729092517;	0.999998319348543;	0.999997854092091;	0.999997427589950;	0.999996824611867;	0.999996213237831;	0.999995436321457;	0.999994560059887;	0.999993779372926;	0.999992663027270;	0.999991427810092;	0.999990355154642;	0.999989277007173;	0.999988512499687;	0.999986685516026;	0.999984523927457;	0.999979587667617;	0.999974381488570;	0.999271324954926;	1.000000000000000
0.999999905035881;	0.999827357548078;	0.999999979872621;	0.999999976566779;	0.999999987214673;	0.999999986280238;	0.999999985431141;	1.000000000000000;	1.000000000000000;	1.000000000000000;	1.000000000000000;	1.000000000000000;	1.000000000000000;	1.000000000000000;	1.000000000000000;	1.000000000000000;	1.000000000000000;	1.000000000000000;	1.000000000000000;	1.000000000000000;	1.000000000000000;	1.000000000000000;	1.000000000000000;	1.000000000000000;	0.999999999999999;	1.000000000000000;	1.000000000000000;	1.000000000000000;	1.000000000000000;	0.999999999999999;	1.000000000000000;	0.999999999999999;	0.999999999999999;	0.999999999999998;	0.999999999999991;	0.999999999999964;	0.999999999999875;	0.999999999999499;	0.999999999998529;	0.999999999995241;	0.999999999985589;	0.999999999964402;	0.999999999916748;	0.999999999813714;	0.999999999594904;	0.999999999061609;	0.999999997922903;	0.999999996464546;	0.999999992970503;	0.999999988119159;	0.999999980642175;	0.999999968136270;	0.999999946634713;	0.999999909370845;	0.999999853157591;	0.999999768627532;	0.999999656621923;	0.999999505032084;	0.999999315029354;	0.999999068677763;	0.999998747818317;	0.999998344061107;	0.999997885593985;	0.999997465287937;	0.999996871061396;	0.999996268555825;	0.999995502897148;	0.999994639270404;	0.999993869781357;	0.999992769505669;	0.999991552031294;	0.999990494700170;	0.999989431922245;	0.999988678227254;	0.999986877249202;	0.999984746369839;	0.999979880593482;	0.999974748713639;	0.999281982625624;	1.000000000000000
0.999999960934821;	0.999831792399144;	0.999999995525873;	0.999999994664759;	0.999999998865890;	0.999999998759084;	0.999999998644799;	1.000000000000000;	1.000000000000000;	1.000000000000000;	1.000000000000000;	1.000000000000000;	1.000000000000000;	1.000000000000000;	1.000000000000000;	1.000000000000000;	1.000000000000000;	1.000000000000000;	1.000000000000000;	1.000000000000000;	1.000000000000000;	1.000000000000000;	1.000000000000000;	1.000000000000000;	0.999999999999999;	1.000000000000000;	1.000000000000000;	1.000000000000000;	1.000000000000000;	0.999999999999999;	1.000000000000000;	0.999999999999999;	0.999999999999999;	0.999999999999997;	0.999999999999991;	0.999999999999964;	0.999999999999876;	0.999999999999507;	0.999999999998553;	0.999999999995317;	0.999999999985817;	0.999999999964961;	0.999999999918051;	0.999999999816621;	0.999999999601204;	0.999999999076122;	0.999999997954772;	0.999999996518392;	0.999999993076835;	0.999999988298099;	0.999999980932698;	0.999999968612563;	0.999999947429227;	0.999999910715485;	0.999999855329925;	0.999999772041216;	0.999999661677113;	0.999999512303817;	0.999999325074955;	0.999999082314365;	0.999998766120049;	0.999998368218798;	0.999997916393184;	0.999997502151268;	0.999996916490623;	0.999996322665326;	0.999995568026743;	0.999994716774443;	0.999993958257950;	0.999992873722302;	0.999991673629223;	0.999990631317975;	0.999989583607161;	0.999988840518484;	0.999987065038571;	0.999984964274896;	0.999980167582029;	0.999975108527428;	0.999292400488368;	1.000000000000000
0.999999975874765;	0.999835185164394;	0.999999997776243;	0.999999997304643;	0.999999999830853;	0.999999999799744;	0.999999999760845;	1.000000000000000;	1.000000000000000;	1.000000000000000;	1.000000000000000;	1.000000000000000;	1.000000000000000;	1.000000000000000;	1.000000000000000;	1.000000000000000;	1.000000000000000;	1.000000000000000;	1.000000000000000;	1.000000000000000;	1.000000000000000;	1.000000000000000;	1.000000000000000;	1.000000000000000;	0.999999999999999;	1.000000000000000;	1.000000000000000;	1.000000000000000;	1.000000000000000;	0.999999999999999;	1.000000000000000;	0.999999999999999;	0.999999999999999;	0.999999999999998;	0.999999999999991;	0.999999999999965;	0.999999999999879;	0.999999999999514;	0.999999999998576;	0.999999999995389;	0.999999999986037;	0.999999999965503;	0.999999999919315;	0.999999999819442;	0.999999999607318;	0.999999999090218;	0.999999997985755;	0.999999996570789;	0.999999993180392;	0.999999988472453;	0.999999981215885;	0.999999969077041;	0.999999948204379;	0.999999912027848;	0.999999857450765;	0.999999775374914;	0.999999666614912;	0.999999519408131;	0.999999334890915;	0.999999095641415;	0.999998784009581;	0.999998391836829;	0.999997946508875;	0.999997538202202;	0.999996960926133;	0.999996375597309;	0.999995631746651;	0.999994792613944;	0.999994044849063;	0.999992975730514;	0.999991792664816;	0.999990765074843;	0.999989732134297;	0.999988999449258;	0.999987248969286;	0.999985177738202;	0.999980448756333;	0.999975461081389;	0.999302585170775;	1.000000000000000
0.999999980687906;	0.999838155724291;	0.999999998233343;	0.999999997857928;	0.999999999938781;	0.999999999926539;	0.999999999911286;	1.000000000000000;	1.000000000000000;	1.000000000000000;	1.000000000000000;	1.000000000000000;	1.000000000000000;	1.000000000000000;	1.000000000000000;	1.000000000000000;	1.000000000000000;	1.000000000000000;	1.000000000000000;	1.000000000000000;	1.000000000000000;	1.000000000000000;	1.000000000000000;	1.000000000000000;	1.000000000000000;	1.000000000000000;	1.000000000000000;	1.000000000000000;	1.000000000000000;	0.999999999999999;	1.000000000000000;	0.999999999999999;	0.999999999999999;	0.999999999999998;	0.999999999999991;	0.999999999999966;	0.999999999999881;	0.999999999999522;	0.999999999998598;	0.999999999995461;	0.999999999986251;	0.999999999966029;	0.999999999920540;	0.999999999822179;	0.999999999613256;	0.999999999103915;	0.999999998015891;	0.999999996621795;	0.999999993281275;	0.999999988642383;	0.999999981491990;	0.999999969530094;	0.999999948960785;	0.999999913308929;	0.999999859521649;	0.999999778630944;	0.999999671438668;	0.999999526349725;	0.999999344483635;	0.999999108667369;	0.999998801497852;	0.999998414929318;	0.999997975958704;	0.999997573461247;	0.999997004392464;	0.999996427380402;	0.999995694090554;	0.999994866827763;	0.999994129597708;	0.999993075579873;	0.999991909194754;	0.999990896032982;	0.999989877571137;	0.999989155090388;	0.999987429120898;	0.999985386849161;	0.999980724231720;	0.999975806517672;	0.999312542860439;	1.000000000000000
0.999999982340422;	0.999840914796557;	0.999999998387008;	0.999999998045329;	0.999999999977416;	0.999999999973946;	0.999999999969808;	1.000000000000000;	1.000000000000000;	1.000000000000000;	1.000000000000000;	1.000000000000000;	1.000000000000000;	1.000000000000000;	1.000000000000000;	1.000000000000000;	1.000000000000000;	1.000000000000000;	1.000000000000000;	1.000000000000000;	1.000000000000000;	1.000000000000000;	1.000000000000000;	1.000000000000000;	0.999999999999999;	1.000000000000000;	1.000000000000000;	0.999999999999999;	1.000000000000000;	0.999999999999999;	1.000000000000000;	0.999999999999999;	0.999999999999999;	0.999999999999998;	0.999999999999991;	0.999999999999966;	0.999999999999883;	0.999999999999529;	0.999999999998620;	0.999999999995530;	0.999999999986459;	0.999999999966539;	0.999999999921731;	0.999999999824838;	0.999999999619025;	0.999999999117230;	0.999999998045211;	0.999999996671460;	0.999999993379577;	0.999999988808039;	0.999999981761241;	0.999999969972078;	0.999999949699005;	0.999999914559631;	0.999999861543978;	0.999999781811437;	0.999999676151444;	0.999999533132913;	0.999999353859017;	0.999999121399900;	0.999998818594914;	0.999998437509286;	0.999998004758811;	0.999997607947221;	0.999997046912153;	0.999996478040936;	0.999995755089483;	0.999994939451745;	0.999994212543620;	0.999993173316220;	0.999992023271545;	0.999991024250085;	0.999990019980345;	0.999989307507709;	0.999987605567449;	0.999985591691099;	0.999980994115883;	0.999976144969276;	0.999322279335602;	1.000000000000000
0.999999982947938;	0.999843531530381;	0.999999998452946;	0.999999998124418;	0.999999999995119;	0.999999999994403;	0.999999999993452;	1.000000000000000;	1.000000000000000;	1.000000000000000;	1.000000000000000;	1.000000000000000;	1.000000000000000;	1.000000000000000;	1.000000000000000;	1.000000000000000;	1.000000000000000;	1.000000000000000;	1.000000000000000;	1.000000000000000;	1.000000000000000;	1.000000000000000;	1.000000000000000;	1.000000000000000;	0.999999999999999;	1.000000000000000;	1.000000000000000;	0.999999999999999;	1.000000000000000;	0.999999999999999;	1.000000000000000;	0.999999999999999;	1.000000000000000;	0.999999999999998;	0.999999999999991;	0.999999999999967;	0.999999999999885;	0.999999999999536;	0.999999999998640;	0.999999999995597;	0.999999999986660;	0.999999999967034;	0.999999999922886;	0.999999999827421;	0.999999999624632;	0.999999999130179;	0.999999998073747;	0.999999996719831;	0.999999993475382;	0.999999988969552;	0.999999982023845;	0.999999970403315;	0.999999950419546;	0.999999915780771;	0.999999863519026;	0.999999784918320;	0.999999680756043;	0.999999539761695;	0.999999363022304;	0.999999133845995;	0.999998835310034;	0.999998459588548;	0.999998032923888;	0.999997641677273;	0.999997088505780;	0.999996527602993;	0.999995814771860;	0.999995010518770;	0.999994293723305;	0.999993268981749;	0.999992134943591;	0.999991149779419;	0.999990159419868;	0.999989456762179;	0.999987778377600;	0.999985792341413;	0.999981258509075;	0.999976476560324;	0.999331800000881;	1.000000000000000
0.999999983317235;	0.999846029425006;	0.999999998489384;	0.999999998168117;	0.999999999998264;	0.999999999997704;	0.999999999996904;	1.000000000000000;	1.000000000000000;	1.000000000000000;	1.000000000000000;	1.000000000000000;	1.000000000000000;	1.000000000000000;	1.000000000000000;	1.000000000000000;	1.000000000000000;	1.000000000000000;	1.000000000000000;	1.000000000000000;	1.000000000000000;	1.000000000000000;	1.000000000000000;	1.000000000000000;	0.999999999999999;	1.000000000000000;	1.000000000000000;	0.999999999999999;	1.000000000000000;	1.000000000000000;	1.000000000000000;	0.999999999999999;	1.000000000000000;	0.999999999999997;	0.999999999999991;	0.999999999999967;	0.999999999999887;	0.999999999999543;	0.999999999998660;	0.999999999995662;	0.999999999986855;	0.999999999967515;	0.999999999924010;	0.999999999829931;	0.999999999630082;	0.999999999142774;	0.999999998101524;	0.999999996766948;	0.999999993568764;	0.999999989127042;	0.999999982279986;	0.999999970824089;	0.999999951122863;	0.999999916973086;	0.999999865447939;	0.999999787953344;	0.999999685255016;	0.999999546239571;	0.999999371978225;	0.999999146012014;	0.999998851651548;	0.999998481177756;	0.999998060467212;	0.999997674666931;	0.999997129192012;	0.999996576088467;	0.999995873163575;	0.999995080058854;	0.999994373170152;	0.999993362615137;	0.999992244255353;	0.999991272670020;	0.999990295943167;	0.999989602910162;	0.999987947614959;	0.999985988871965;	0.999981517504639;	0.999976801406769;	0.999341109939216;	1.000000000000000
0.999999983646990;	0.999848419333510;	0.999999998518862;	0.999999998203983;	0.999999999998426;	0.999999999997879;	0.999999999997096;	1.000000000000000;	1.000000000000000;	1.000000000000000;	1.000000000000000;	1.000000000000000;	1.000000000000000;	1.000000000000000;	1.000000000000000;	1.000000000000000;	1.000000000000000;	1.000000000000000;	1.000000000000000;	1.000000000000000;	1.000000000000000;	1.000000000000000;	1.000000000000000;	1.000000000000000;	0.999999999999999;	1.000000000000000;	1.000000000000000;	1.000000000000000;	1.000000000000000;	1.000000000000000;	1.000000000000001;	0.999999999999999;	0.999999999999999;	0.999999999999997;	0.999999999999991;	0.999999999999968;	0.999999999999889;	0.999999999999550;	0.999999999998680;	0.999999999995725;	0.999999999987044;	0.999999999967983;	0.999999999925102;	0.999999999832372;	0.999999999635383;	0.999999999155027;	0.999999998128565;	0.999999996812848;	0.999999993659788;	0.999999989280612;	0.999999982529829;	0.999999971234660;	0.999999951809357;	0.999999918137228;	0.999999867331743;	0.999999790918079;	0.999999689650614;	0.999999552569661;	0.999999380731032;	0.999999157903671;	0.999998867626909;	0.999998502286473;	0.999998087400728;	0.999997706930211;	0.999997168987744;	0.999996623517237;	0.999995930288216;	0.999995148099416;	0.999994450914753;	0.999993454251935;	0.999992351247830;	0.999991392967242;	0.999990429599853;	0.999989746004128;	0.999988113338911;	0.999986181350058;	0.999981771190318;	0.999977119618113;	0.999350213999269;	1.000000000000000
0.999999983952898;	0.999850709064655;	0.999999998547028;	0.999999998238194;	0.999999999998465;	0.999999999997932;	0.999999999997169;	1.000000000000000;	1.000000000000000;	1.000000000000000;	1.000000000000000;	1.000000000000000;	1.000000000000000;	1.000000000000000;	1.000000000000000;	1.000000000000000;	1.000000000000000;	1.000000000000000;	1.000000000000000;	1.000000000000000;	1.000000000000000;	1.000000000000000;	1.000000000000000;	1.000000000000000;	0.999999999999999;	1.000000000000000;	1.000000000000000;	1.000000000000000;	1.000000000000000;	0.999999999999999;	1.000000000000001;	0.999999999999999;	1.000000000000000;	0.999999999999997;	0.999999999999991;	0.999999999999968;	0.999999999999890;	0.999999999999557;	0.999999999998699;	0.999999999995787;	0.999999999987229;	0.999999999968438;	0.999999999926163;	0.999999999834745;	0.999999999640537;	0.999999999166947;	0.999999998154892;	0.999999996857563;	0.999999993748512;	0.999999989430358;	0.999999982773518;	0.999999971635252;	0.999999952479389;	0.999999919273782;	0.999999869171357;	0.999999793813928;	0.999999693944826;	0.999999558754766;	0.999999389284578;	0.999999169526097;	0.999998883242846;	0.999998522923355;	0.999998113735304;	0.999997738479921;	0.999997207908487;	0.999996669907641;	0.999995986167648;	0.999995214665982;	0.999994526985709;	0.999993543925541;	0.999992455959705;	0.999991510714075;	0.999990560437181;	0.999989886094282;	0.999988275606528;	0.999986369840663;	0.999982019651183;	0.999977431301135;	0.999359116951688;	1.000000000000000
0.999999984231310;	0.999852905170561;	0.999999998572957;	0.999999998269581;	0.999999999998510;	0.999999999997991;	0.999999999997248;	1.000000000000000;	1.000000000000000;	1.000000000000000;	1.000000000000000;	1.000000000000000;	1.000000000000000;	1.000000000000000;	1.000000000000000;	1.000000000000000;	1.000000000000000;	1.000000000000000;	1.000000000000000;	1.000000000000000;	1.000000000000000;	1.000000000000000;	1.000000000000000;	1.000000000000000;	0.999999999999999;	1.000000000000000;	1.000000000000000;	0.999999999999999;	1.000000000000000;	0.999999999999999;	1.000000000000001;	0.999999999999999;	0.999999999999999;	0.999999999999997;	0.999999999999991;	0.999999999999969;	0.999999999999892;	0.999999999999563;	0.999999999998717;	0.999999999995845;	0.999999999987407;	0.999999999968879;	0.999999999927195;	0.999999999837052;	0.999999999645550;	0.999999999178546;	0.999999998180523;	0.999999996901121;	0.999999993834990;	0.999999989576361;	0.999999983011186;	0.999999972026072;	0.999999953133287;	0.999999920383289;	0.999999870967633;	0.999999796642160;	0.999999698139499;	0.999999564797528;	0.999999397642454;	0.999999180884114;	0.999998898505715;	0.999998543096632;	0.999998139481348;	0.999997769328410;	0.999997245969289;	0.999996715277585;	0.999996040823363;	0.999995279783807;	0.999994601411490;	0.999993631669406;	0.999992558429924;	0.999991625954040;	0.999990688503282;	0.999990023232045;	0.999988434476579;	0.999986554411061;	0.999982262975700;	0.999977736567525;	0.999367823770880;	1.000000000000000
0.999999984487528;	0.999855013222927;	0.999999998596748;	0.999999998298383;	0.999999999998539;	0.999999999998028;	0.999999999997298;	1.000000000000000;	1.000000000000000;	1.000000000000000;	1.000000000000000;	1.000000000000000;	1.000000000000000;	1.000000000000000;	1.000000000000000;	1.000000000000000;	1.000000000000000;	1.000000000000000;	1.000000000000000;	1.000000000000000;	1.000000000000000;	1.000000000000000;	1.000000000000000;	1.000000000000000;	0.999999999999999;	1.000000000000000;	1.000000000000000;	0.999999999999999;	0.999999999999999;	0.999999999999999;	1.000000000000001;	0.999999999999998;	0.999999999999999;	0.999999999999997;	0.999999999999991;	0.999999999999969;	0.999999999999894;	0.999999999999569;	0.999999999998735;	0.999999999995903;	0.999999999987581;	0.999999999969309;	0.999999999928198;	0.999999999839295;	0.999999999650425;	0.999999999189831;	0.999999998205477;	0.999999996943552;	0.999999993919273;	0.999999989718709;	0.999999983242968;	0.999999972407332;	0.999999953771390;	0.999999921466305;	0.999999872721428;	0.999999799404091;	0.999999702236571;	0.999999570700707;	0.999999405808441;	0.999999191982831;	0.999998913422315;	0.999998562815180;	0.999998164650164;	0.999997799489189;	0.999997283186721;	0.999996759646909;	0.999996094279340;	0.999995343481235;	0.999994674224241;	0.999993717521494;	0.999992658702870;	0.999991738736970;	0.999990813853543;	0.999990157476832;	0.999988590017294;	0.999986735139737;	0.999982501267267;	0.999978035548218;	0.999376340125840;	1.000000000000000
0.999999984723904;	0.999857038496357;	0.999999998618782;	0.999999998325021;	0.999999999998564;	0.999999999998063;	0.999999999997347;	1.000000000000000;	1.000000000000000;	1.000000000000000;	1.000000000000000;	1.000000000000000;	1.000000000000000;	1.000000000000000;	1.000000000000000;	1.000000000000000;	1.000000000000000;	1.000000000000000;	1.000000000000000;	1.000000000000000;	1.000000000000000;	1.000000000000000;	1.000000000000000;	1.000000000000000;	0.999999999999999;	1.000000000000000;	1.000000000000001;	0.999999999999999;	0.999999999999999;	1.000000000000000;	1.000000000000000;	0.999999999999998;	0.999999999999999;	0.999999999999997;	0.999999999999990;	0.999999999999969;	0.999999999999895;	0.999999999999575;	0.999999999998752;	0.999999999995959;	0.999999999987750;	0.999999999969726;	0.999999999929173;	0.999999999841477;	0.999999999655169;	0.999999999200813;	0.999999998229775;	0.999999996984890;	0.999999994001424;	0.999999989857500;	0.999999983469023;	0.999999972779285;	0.999999954394109;	0.999999922523495;	0.999999874433796;	0.999999802101356;	0.999999706238451;	0.999999576467735;	0.999999413787276;	0.999999202828687;	0.999998928001249;	0.999998582090307;	0.999998189256213;	0.999997828979598;	0.999997319582126;	0.999996803041218;	0.999996146566595;	0.999995405795057;	0.999994745465800;	0.999993801531279;	0.999992756836406;	0.999991849127915;	0.999990936560352;	0.999990288906341;	0.999988742318074;	0.999986912129730;	0.999982734661410;	0.999978328414608;	0.999384673072647;	1.000000000000000
0.999999984942757;	0.999858986300298;	0.999999998638984;	0.999999998349456;	0.999999999998589;	0.999999999998096;	0.999999999997392;	1.000000000000000;	1.000000000000000;	1.000000000000000;	1.000000000000000;	1.000000000000000;	1.000000000000000;	1.000000000000000;	1.000000000000000;	1.000000000000000;	1.000000000000000;	1.000000000000000;	1.000000000000000;	1.000000000000000;	1.000000000000000;	1.000000000000000;	1.000000000000000;	0.999999999999999;	1.000000000000000;	1.000000000000000;	1.000000000000001;	0.999999999999999;	0.999999999999999;	1.000000000000000;	1.000000000000001;	0.999999999999998;	0.999999999999999;	0.999999999999998;	0.999999999999990;	0.999999999999970;	0.999999999999896;	0.999999999999582;	0.999999999998769;	0.999999999996014;	0.999999999987914;	0.999999999970132;	0.999999999930121;	0.999999999843599;	0.999999999659784;	0.999999999211504;	0.999999998253440;	0.999999997025170;	0.999999994081509;	0.999999989992843;	0.999999983689521;	0.999999973142202;	0.999999955001874;	0.999999923555564;	0.999999876105857;	0.999999804735698;	0.999999710147698;	0.999999582102269;	0.999999421584018;	0.999999213428580;	0.999998942251779;	0.999998600934208;	0.999998213315127;	0.999997857818401;	0.999997355178630;	0.999996845488294;	0.999996197718850;	0.999995466765319;	0.999994815181750;	0.999993883752709;	0.999992852893653;	0.999991957197876;	0.999991056702815;	0.999990417605546;	0.999988891476792;	0.999987085493956;	0.999982963306460;	0.999978615354262;	0.999392830297570;	1.000000000000000
1.000000000000000;	1.000000000000000;	1.000000000000000;	1.000000000000000;	1.000000000000000;	1.000000000000000;	1.000000000000000;	1.000000000000000;	1.000000000000000;	1.000000000000000;	1.000000000000000;	1.000000000000000;	1.000000000000000;	1.000000000000000;	1.000000000000000;	1.000000000000000;	1.000000000000000;	1.000000000000000;	1.000000000000000;	1.000000000000000;	1.000000000000000;	1.000000000000000;	1.000000000000000;	1.000000000000000;	1.000000000000000;	1.000000000000000;	1.000000000000000;	1.000000000000000;	1.000000000000000;	1.000000000000000;	1.000000000000000;	1.000000000000000;	1.000000000000000;	1.000000000000000;	1.000000000000000;	1.000000000000000;	1.000000000000000;	1.000000000000000;	1.000000000000000;	1.000000000000000;	1.000000000000000;	1.000000000000000;	1.000000000000000;	1.000000000000000;	1.000000000000000;	1.000000000000000;	1.000000000000000;	1.000000000000000;	1.000000000000000;	1.000000000000000;	1.000000000000000;	1.000000000000000;	1.000000000000000;	1.000000000000000;	1.000000000000000;	1.000000000000000;	1.000000000000000;	1.000000000000000;	1.000000000000000;	1.000000000000000;	1.000000000000000;	1.000000000000000;	1.000000000000000;	1.000000000000000;	1.000000000000000;	1.000000000000000;	1.000000000000000;	1.000000000000000;	1.000000000000000;	1.000000000000000;	1.000000000000000;	1.000000000000000;	1.000000000000000;	1.000000000000000;	1.000000000000000;	1.000000000000000;	1.000000000000000;	1.000000000000000;	1.000000000000000;	1.000000000000000
0.017506863834718;	0.018446675737998;	0.020385668527433;	0.022716023510382;	0.025303093569423;	0.028252606626908;	0.031351540236279;	0.034729003214791;	0.038750260526021;	0.042904420840228;	0.047296563504197;	0.052083335774504;	0.057441380245996;	0.063047179259621;	0.069420451213168;	0.076088748841773;	0.083535509392803;	0.091348875885729;	0.100004048431273;	0.109252042061128;	0.119039103483483;	0.129759163714135;	0.141084939605264;	0.153099452646636;	0.166145053601758;	0.179933049370811;	0.194520242435302;	0.209804719437771;	0.226173265895129;	0.243292372583329;	0.261281136360904;	0.280080916259383;	0.299547220106931;	0.320093122269447;	0.341235641157649;	0.363267487441614;	0.385808114292738;	0.409071778608580;	0.432772153937079;	0.456939640225779;	0.481550634863584;	0.506272640553866;	0.531293065466582;	0.556566828846858;	0.581763338796857;	0.606870547662893;	0.631893483238105;	0.656521768834350;	0.680750533831157;	0.704471427478595;	0.727638950000460;	0.750054192202037;	0.771641339211360;	0.792362675635888;	0.812145430947001;	0.830956284200264;	0.848683231755499;	0.865262919497285;	0.880710943289435;	0.895026724462772;	0.908200380835223;	0.920243817572187;	0.931190721949913;	0.941020269802665;	0.949809240543625;	0.957612270788511;	0.964485906616469;	0.970485221294691;	0.975674444815945;	0.980127845785140;	0.983913149085523;	0.987100425600506;	0.989751928281609;	0.991940303751064;	0.993727785218476;	0.995170617178091;	0.996323322720932;	0.997230505251531;	0.997937839554804;	1.000000000000000
