0.285595000512312;	0.000000000000000;	0.000000000000000;	0.043827058095026;	0.035663883922159;	0.123430083914048;	0.187421207410608;	0.160847053262678;	0.017124619708523;	0.016880432716228;	0.016316334063560;	0.016212665062657;	0.015855882042637;	0.015880644174346;	0.015994212141396;	0.016929094481165;	0.017376962314656;	0.017693559709269;	0.018683671401742;	0.020105170413055;	0.021580819160044;	0.023063477996844;	0.023540591096221;	0.025384965870768;	0.027422624439922;	0.029337006939591;	0.031016686372838;	0.033288588845964;	0.033436149427920;	0.035929608173035;	0.039028871625536;	0.041227614751455;	0.043630911632024;	0.046961414751051;	0.050149946948318;	0.053338341429443;	0.056385725183256;	0.058936890595711;	0.061434393454323;	0.062536624281290;	0.064025705931545;	0.066071337290652;	0.068733652404324;	0.071121003791461;	0.073168024321405;	0.076469777980952;	0.080800489992826;	0.085182753424379;	0.087983737648997;	0.089761970009060;	0.094665086131038;	0.100142870009323;	0.105293897069549;	0.111999543140882;	0.119530734196370;	0.130410123403933;	0.145411097383654;	0.165264169921796;	0.181620921119488;	0.138392871507578
0.285595000512312;	0.000000000000000;	0.000000000000000;	0.043827058095026;	0.035663883922159;	0.123430083914048;	0.187421207410608;	0.160847053262678;	0.017124619708523;	0.016880432716228;	0.016316334063560;	0.016212665062657;	0.015855882042637;	0.015880644174346;	0.015994212141396;	0.016929094481165;	0.017376962314656;	0.017693559709269;	0.018683671401742;	0.020105170413055;	0.021580819160044;	0.023063477996844;	0.023540591096221;	0.025384965870768;	0.027422624439922;	0.029337006939591;	0.031016686372838;	0.033288588845964;	0.033436149427920;	0.035929608173035;	0.039028871625536;	0.041227614751455;	0.043630911632024;	0.046961414751051;	0.050149946948318;	0.053338341429443;	0.056385725183256;	0.058936890595711;	0.061434393454323;	0.062536624281290;	0.064025705931545;	0.066071337290652;	0.068733652404324;	0.071121003791461;	0.073168024321405;	0.076469777980952;	0.080800489992826;	0.085182753424379;	0.087983737648997;	0.089761970009060;	0.094665086131038;	0.100142870009323;	0.105293897069549;	0.111999543140882;	0.119530734196370;	0.130410123403933;	0.145411097383654;	0.165264169921796;	0.181620921119488;	0.138392871507578
0.285595000512312;	0.000000000000000;	0.000000000000000;	0.043827058095026;	0.035663883922159;	0.123430083914048;	0.187421207410608;	0.160847053262678;	0.017124619708523;	0.016880432716228;	0.016316334063560;	0.016212665062657;	0.015855882042637;	0.015880644174346;	0.015994212141396;	0.016929094481165;	0.017376962314656;	0.017693559709269;	0.018683671401742;	0.020105170413055;	0.021580819160044;	0.023063477996844;	0.023540591096221;	0.025384965870768;	0.027422624439922;	0.029337006939591;	0.031016686372838;	0.033288588845964;	0.033436149427920;	0.035929608173035;	0.039028871625536;	0.041227614751455;	0.043630911632024;	0.046961414751051;	0.050149946948318;	0.053338341429443;	0.056385725183256;	0.058936890595711;	0.061434393454323;	0.062536624281290;	0.064025705931545;	0.066071337290652;	0.068733652404324;	0.071121003791461;	0.073168024321405;	0.076469777980952;	0.080800489992826;	0.085182753424379;	0.087983737648997;	0.089761970009060;	0.094665086131038;	0.100142870009323;	0.105293897069549;	0.111999543140882;	0.119530734196370;	0.130410123403933;	0.145411097383654;	0.165264169921796;	0.181620921119488;	0.138392871507578
0.285595000512312;	0.000000000000000;	0.000000000000000;	0.043827058095026;	0.035663883922159;	0.123430083914048;	0.187421207410608;	0.160847053262678;	0.017124619708523;	0.016880432716228;	0.016316334063560;	0.016212665062657;	0.015855882042637;	0.015880644174346;	0.015994212141396;	0.016929094481165;	0.017376962314656;	0.017693559709269;	0.018683671401742;	0.020105170413055;	0.021580819160044;	0.023063477996844;	0.023540591096221;	0.025384965870768;	0.027422624439922;	0.029337006939591;	0.031016686372838;	0.033288588845964;	0.033436149427920;	0.035929608173035;	0.039028871625536;	0.041227614751455;	0.043630911632024;	0.046961414751051;	0.050149946948318;	0.053338341429443;	0.056385725183256;	0.058936890595711;	0.061434393454323;	0.062536624281290;	0.064025705931545;	0.066071337290652;	0.068733652404324;	0.071121003791461;	0.073168024321405;	0.076469777980952;	0.080800489992826;	0.085182753424379;	0.087983737648997;	0.089761970009060;	0.094665086131038;	0.100142870009323;	0.105293897069549;	0.111999543140882;	0.119530734196370;	0.130410123403933;	0.145411097383654;	0.165264169921796;	0.181620921119488;	0.138392871507578
0.285595000512312;	0.000000000000000;	0.000000000000000;	0.043827058095026;	0.035663883922159;	0.123430083914048;	0.187421207410608;	0.160847053262678;	0.017124619708523;	0.016880432716228;	0.016316334063560;	0.016212665062657;	0.015855882042637;	0.015880644174346;	0.015994212141396;	0.016929094481165;	0.017376962314656;	0.017693559709269;	0.018683671401742;	0.020105170413055;	0.021580819160044;	0.023063477996844;	0.023540591096221;	0.025384965870768;	0.027422624439922;	0.029337006939591;	0.031016686372838;	0.033288588845964;	0.033436149427920;	0.035929608173035;	0.039028871625536;	0.041227614751455;	0.043630911632024;	0.046961414751051;	0.050149946948318;	0.053338341429443;	0.056385725183256;	0.058936890595711;	0.061434393454323;	0.062536624281290;	0.064025705931545;	0.066071337290652;	0.068733652404324;	0.071121003791461;	0.073168024321405;	0.076469777980952;	0.080800489992826;	0.085182753424379;	0.087983737648997;	0.089761970009060;	0.094665086131038;	0.100142870009323;	0.105293897069549;	0.111999543140882;	0.119530734196370;	0.130410123403933;	0.145411097383654;	0.165264169921796;	0.181620921119488;	0.138392871507578
0.285595000512312;	0.000000000000000;	0.000000000000000;	0.043827058095026;	0.035663883922159;	0.123430083914048;	0.187421207410608;	0.160847053262678;	0.017124619708523;	0.016880432716228;	0.016316334063560;	0.016212665062657;	0.015855882042637;	0.015880644174346;	0.015994212141396;	0.016929094481165;	0.017376962314656;	0.017693559709269;	0.018683671401742;	0.020105170413055;	0.021580819160044;	0.023063477996844;	0.023540591096221;	0.025384965870768;	0.027422624439922;	0.029337006939591;	0.031016686372838;	0.033288588845964;	0.033436149427920;	0.035929608173035;	0.039028871625536;	0.041227614751455;	0.043630911632024;	0.046961414751051;	0.050149946948318;	0.053338341429443;	0.056385725183256;	0.058936890595711;	0.061434393454323;	0.062536624281290;	0.064025705931545;	0.066071337290652;	0.068733652404324;	0.071121003791461;	0.073168024321405;	0.076469777980952;	0.080800489992826;	0.085182753424379;	0.087983737648997;	0.089761970009060;	0.094665086131038;	0.100142870009323;	0.105293897069549;	0.111999543140882;	0.119530734196370;	0.130410123403933;	0.145411097383654;	0.165264169921796;	0.181620921119488;	0.143936576132649
0.285595000512312;	0.000000000000000;	0.000000000000000;	0.043827058095026;	0.035663883922159;	0.123430083914048;	0.187421207410608;	0.160847053262678;	0.017124619708523;	0.016880432716228;	0.016316334063560;	0.016212665062657;	0.015855882042637;	0.015880644174346;	0.015994212141396;	0.016929094481165;	0.017376962314656;	0.017693559709269;	0.018683671401742;	0.020105170413055;	0.021580819160044;	0.023063477996844;	0.023540591096221;	0.025384965870768;	0.027422624439922;	0.029337006939591;	0.031016686372838;	0.033288588845964;	0.033436149427920;	0.035929608173035;	0.039028871625536;	0.041227614751455;	0.043630913127944;	0.046961418814697;	0.050149953591102;	0.053338350183272;	0.056385735483518;	0.058936902179103;	0.061434406124906;	0.062536637648695;	0.064025720117012;	0.066071352234840;	0.068733668267183;	0.071134800829182;	0.073210065912363;	0.076552839930233;	0.080936496470628;	0.085382785028776;	0.088253965548881;	0.090105224214751;	0.095100454611306;	0.100687419491850;	0.105968960158288;	0.112836730565182;	0.120572164622890;	0.131716154573201;	0.147063508033346;	0.167391239064478;	0.184296281601039;	0.147335696391347
0.285595072199874;	0.000000050694262;	0.000000041968299;	0.043832219660151;	0.035663896417093;	0.123430095404121;	0.187421219310689;	0.160847063179664;	0.030663129903477;	0.016880898569653;	0.016322269800914;	0.016227579344334;	0.015881965060437;	0.015919288538631;	0.016044891832209;	0.016996056287834;	0.017458819321634;	0.017790592096735;	0.018801945741195;	0.020248443977797;	0.021749441668374;	0.023260861102544;	0.023760415234567;	0.025640554606744;	0.027719168860640;	0.029676065542771;	0.031394581354132;	0.033717343962098;	0.033894421669930;	0.036447288674551;	0.039616180535858;	0.041884376781993;	0.044364113517838;	0.047784405136462;	0.051069048214163;	0.054362394826865;	0.057523086550710;	0.060193556694011;	0.062821702313716;	0.064033753522839;	0.065664672866394;	0.067864404788468;	0.070717829860814;	0.073327106270539;	0.075596951550461;	0.079166057724823;	0.083807532980211;	0.088527427235973;	0.091656170917038;	0.093707299561348;	0.098970767249692;	0.104802797768966;	0.110281980125099;	0.117322505113364;	0.125166979174625;	0.136358899549845;	0.151699579110460;	0.172104730786325;	0.188943549113859;	0.155675492443283
0.294144680412257;	0.001407574007118;	0.001182523798362;	0.044413073008934;	0.036286444668271;	0.123942103923740;	0.187893931469397;	0.161254224430869;	0.031239600215334;	0.034849357335061;	0.034725166830774;	0.039766838417862;	0.016362493228792;	0.016465406066279;	0.016614422820792;	0.017628891646990;	0.018128439632624;	0.018492457511362;	0.019574214119070;	0.021100854975032;	0.022668417614057;	0.024259181955295;	0.024804498300277;	0.026784439036401;	0.028975591583545;	0.031040638466090;	0.032837418844696;	0.035275778567074;	0.035488926407426;	0.038162622656531;	0.041471576976102;	0.043873438099391;	0.046491774412866;	0.050070899193261;	0.053511396579462;	0.056960834277056;	0.060276629468287;	0.063091562144858;	0.065863994092632;	0.067124215836673;	0.068823897333960;	0.071080484269410;	0.074017473643220;	0.076685372777686;	0.078959096521121;	0.082527855565287;	0.087200406585364;	0.091948156652783;	0.095055575754523;	0.096988987743829;	0.102263334286427;	0.108144354170717;	0.113714932053204;	0.120901445477272;	0.128942869203609;	0.140406975882761;	0.156129266947753;	0.177159000396520;	0.194656398481759;	0.164432186056836
0.303357785741868;	0.004598636502139;	0.003249579425610;	0.045875879665949;	0.037594192772435;	0.125128416122152;	0.189226193506314;	0.162260924283142;	0.034739529442917;	0.035957686598520;	0.039261247854609;	0.044179797464243;	0.047460016683988;	0.029102923853329;	0.030942086135220;	0.018692136205950;	0.019219159294767;	0.019605466162751;	0.020923670306287;	0.022567073049965;	0.024214472755982;	0.025902258378576;	0.026507382836907;	0.028629138644263;	0.030980327751711;	0.033194764590774;	0.035078491734291;	0.037661883819331;	0.037908471006952;	0.040722250358806;	0.044194953252509;	0.046755464451148;	0.049524149089208;	0.053269588474485;	0.056864832871403;	0.060466632040690;	0.063934850042069;	0.066895706940080;	0.069832870205306;	0.071156925149987;	0.072983911509896;	0.075387736561750;	0.078557019028598;	0.081486039014712;	0.083987503061802;	0.087829796557760;	0.092843822217925;	0.097957628829209;	0.101381720466188;	0.103360506604894;	0.108954260966542;	0.115135260099421;	0.120959758683246;	0.128388521367534;	0.136613308139812;	0.148216594247461;	0.164067929526881;	0.185457362158859;	0.203169433927611;	0.176209846448348
0.315296773941905;	0.024975417452294;	0.013393539716419;	0.048207019306598;	0.040061359596556;	0.127318619235428;	0.191384616577756;	0.164371221698578;	0.046970596302164;	0.050283078613845;	0.053892326715102;	0.062644439880861;	0.049242808553916;	0.051793075800188;	0.053313865940101;	0.055736550287502;	0.059337009917381;	0.062694050557099;	0.023038193785038;	0.024872382973166;	0.026651843956213;	0.028672302467816;	0.029352342338470;	0.031680721410187;	0.034262947680846;	0.036685393798334;	0.038671840625923;	0.041455222387940;	0.041700659456275;	0.044701025310010;	0.048396681499992;	0.051182088737432;	0.054177421487571;	0.058179455657405;	0.062022556139836;	0.065873252321205;	0.069593094802613;	0.072793652479085;	0.075984080511868;	0.077378685047476;	0.079335055061726;	0.081856702867224;	0.085232920030914;	0.088357250502745;	0.090972680497739;	0.094940121524616;	0.100164323566715;	0.105507566834396;	0.109089747569645;	0.110661686539109;	0.116455240498320;	0.122872009843825;	0.128954921407718;	0.136687431880929;	0.145224217778533;	0.157168522113319;	0.173436215015671;	0.195587529224009;	0.213958425490389;	0.190678712178484
0.331926430872616;	0.041538459962044;	0.034961775595729;	0.064561723380043;	0.044005402484907;	0.131265134292341;	0.195426105208658;	0.167857027741203;	0.052768551458166;	0.057764552923012;	0.064837520407206;	0.074072953665155;	0.080261893074261;	0.066590238624377;	0.069927603466315;	0.063293146021105;	0.066802301608885;	0.070150324767527;	0.074706298907499;	0.080393716549815;	0.084889682057817;	0.038969045850270;	0.040961210595049;	0.044861086712773;	0.049314929395469;	0.053750654334480;	0.057367664588627;	0.061924492626956;	0.046701432046270;	0.049935520480306;	0.053910293054565;	0.056990527972362;	0.060265009736537;	0.064568247763645;	0.068693227782789;	0.072822108523141;	0.076822600054406;	0.080292318580523;	0.083781118750615;	0.085263431131732;	0.087398157102357;	0.090088844390702;	0.093782499023008;	0.097243492559180;	0.100114138218661;	0.104357749101271;	0.109962430378295;	0.115707194839246;	0.119602225657709;	0.121223109027929;	0.127349857021524;	0.134102130749038;	0.140502463326366;	0.148570553874928;	0.157409536779725;	0.169651050771804;	0.186274634634134;	0.209201894285275;	0.228191256166020;	0.208338063901521
0.348937203775828;	0.071781117550294;	0.057528124948648;	0.082385870921666;	0.067519547192073;	0.138215587863492;	0.201314813528968;	0.173355582730003;	0.068313548295769;	0.075613209589546;	0.083482068814062;	0.096419561517669;	0.089952887752584;	0.092986418133774;	0.096219814027853;	0.100994128683755;	0.105880272945412;	0.111260262683091;	0.091242779808833;	0.098504627134043;	0.104555016964619;	0.098063565349760;	0.102384826981375;	0.108502522931484;	0.116064967738395;	0.123606140590404;	0.128373901702300;	0.133935316526397;	0.087910488445536;	0.093133352482071;	0.099392451814791;	0.105078979287070;	0.110848850778990;	0.117582842567636;	0.124070402525494;	0.130566497172190;	0.136982296506212;	0.142750743937841;	0.148664505296013;	0.151931220807985;	0.156003157193378;	0.160513876306987;	0.166110979485351;	0.171792791746837;	0.176830935589660;	0.182973060759562;	0.191048231730287;	0.199005456722239;	0.205411054183642;	0.134194095124590;	0.140723291867189;	0.147902229195656;	0.154734034390776;	0.163266152698017;	0.172545537376052;	0.185230846639329;	0.202370496877195;	0.226292819083467;	0.246099208305150;	0.228835665672043
0.369150383143157;	0.099480069598927;	0.088430811601272;	0.108366884295976;	0.087413459654185;	0.164193648735169;	0.215727677637866;	0.189082931931444;	0.080094881396841;	0.090212695122094;	0.100970962009263;	0.115565502931139;	0.120162334726789;	0.116138247189177;	0.120620211806240;	0.123795895105529;	0.129616472734180;	0.136185827094642;	0.135881421766099;	0.144923894672508;	0.152572515106832;	0.134269603885932;	0.141054929230220;	0.149819582087764;	0.160580127856549;	0.170523668415579;	0.177254657318404;	0.184834067295693;	0.157357279679117;	0.163425285802115;	0.170950685023683;	0.178354637366801;	0.185611162326619;	0.193676422713303;	0.201375622032653;	0.209067365564796;	0.216722802840112;	0.223577170755259;	0.230724077317752;	0.234446524539884;	0.239200503576797;	0.244279606127858;	0.250576888364466;	0.257323265477017;	0.263365309894807;	0.270256859651028;	0.279683845842846;	0.288763455631792;	0.296575508680370;	0.237481242875759;	0.245794803044173;	0.254954676857875;	0.264542679688475;	0.275467992519395;	0.287019028551067;	0.302280311729049;	0.321963117598359;	0.351648403386752;	0.377145946311006;	0.290193761568672
0.389876999718405;	0.133480252666750;	0.120740796343149;	0.136765585556765;	0.117379639022250;	0.186308227697150;	0.244970678721129;	0.222158832946538;	0.112884923079385;	0.111689590917280;	0.123914817356297;	0.141427955251556;	0.144123002731230;	0.145709560674687;	0.150463142238580;	0.159009810585250;	0.165749844156010;	0.173496582658404;	0.172816392948580;	0.184103372307555;	0.193509426118072;	0.184646511106530;	0.193264196768279;	0.204034208827017;	0.217384830928039;	0.228957060380506;	0.236718247667979;	0.245512637807393;	0.221056189483013;	0.228526234754065;	0.237784341986211;	0.247269292778813;	0.256374329708755;	0.266156321780622;	0.275428463475081;	0.284642093960591;	0.293821245332012;	0.302043897683781;	0.310656396677000;	0.314971716400729;	0.320571166937101;	0.324517184529637;	0.331669928025578;	0.339534572066802;	0.346558765518960;	0.354210557629717;	0.364890915757308;	0.375032566080869;	0.384060928409353;	0.337213878257929;	0.346759194343448;	0.357338889574595;	0.368971285966823;	0.381691957887824;	0.394961451898134;	0.412156174939591;	0.433747721097845;	0.467741791476313;	0.497347876977286;	0.489003581497367
0.412478743609646;	0.167596145937894;	0.155774805877690;	0.169084325026581;	0.149622994143551;	0.216624857174881;	0.273917682323972;	0.253393290680315;	0.154034963079438;	0.153677065706913;	0.168057477467886;	0.171042125665598;	0.177409805694561;	0.177839531091167;	0.183099179370951;	0.194964243749359;	0.202266246274079;	0.211119678644138;	0.216180999142772;	0.229631984647867;	0.240056391567831;	0.234877811100190;	0.245368951623301;	0.258280759754516;	0.274224548378206;	0.287813912849750;	0.296426019394216;	0.306521750750863;	0.287403370243896;	0.295952862245354;	0.306609952295970;	0.317816716511862;	0.328423738160450;	0.339611679047469;	0.350156297946483;	0.360594571863537;	0.370997913443032;	0.380320553207760;	0.390117851014748;	0.394589964890032;	0.400783275361836;	0.404267950328258;	0.412243957357333;	0.421091638848198;	0.428921459616409;	0.437238316747408;	0.448986663751354;	0.460127479575221;	0.470094790230792;	0.434385135656801;	0.445071653358785;	0.456912790050499;	0.470110869063148;	0.484315200921921;	0.498999413049644;	0.517695162906877;	0.540804334630498;	0.577386452095332;	0.609216835978224;	0.654244452866714
0.436235448252164;	0.204237744864375;	0.192505786024831;	0.202844119003265;	0.185067032638858;	0.250131805647856;	0.308527762653846;	0.291088721823894;	0.198207518456421;	0.202695568329252;	0.218064637666119;	0.225321079585928;	0.233299717919926;	0.218016583175422;	0.223851549898038;	0.239740812044922;	0.243800314619972;	0.253557542757405;	0.263220848588297;	0.279059941027515;	0.289058174215649;	0.288113764357239;	0.300144282428898;	0.314982469439992;	0.333207101809837;	0.348832424687942;	0.357368484208777;	0.368561516955942;	0.354140937181641;	0.363628411404665;	0.375482379155805;	0.388153178963617;	0.400007346688996;	0.412349034056432;	0.423913684257436;	0.435312542652503;	0.446658956502755;	0.456821911626936;	0.467514226925385;	0.471506129975683;	0.478062815577434;	0.481892451437496;	0.490535701141601;	0.500116453650619;	0.508443247164466;	0.517185690718344;	0.529633085061836;	0.541446281015622;	0.551926473752593;	0.525843713706094;	0.537206354540735;	0.549732772438021;	0.563706419357865;	0.578559367737741;	0.593727839264719;	0.612773386929385;	0.636060242354714;	0.673224558573822;	0.705277410866993;	0.782459602949263
0.461248513658880;	0.242450857958948;	0.231023592241402;	0.238580959155161;	0.222294168478086;	0.285691132185996;	0.344538647248249;	0.332441747812594;	0.247290300475423;	0.255651823886132;	0.271552433116461;	0.282911730826887;	0.291941689717109;	0.281788036468174;	0.287743118365127;	0.306345956833576;	0.295023261541431;	0.305589429356978;	0.319645129063199;	0.337860235204246;	0.342467695450532;	0.345470727069453;	0.358711064810015;	0.375273850572736;	0.395441779976095;	0.412989971039692;	0.419348921028779;	0.431434867813621;	0.421135239922729;	0.431371045001631;	0.444155204539903;	0.457960619313577;	0.470748118585765;	0.483920305641860;	0.496192221524726;	0.508231367272378;	0.520185130896739;	0.530877737517924;	0.542117325062308;	0.544569162471744;	0.551265089534242;	0.555789758318367;	0.564819392616294;	0.574786330511743;	0.583205086329164;	0.592043710669581;	0.604710956063016;	0.616715724696959;	0.627236927677407;	0.609111063644120;	0.620556695335003;	0.633106798016783;	0.647090541948591;	0.661811294800861;	0.676700412248014;	0.695232730934446;	0.717747022366695;	0.753836364672606;	0.784545638130152;	0.868138262062822
0.487375661827364;	0.282196414396123;	0.271091437777704;	0.276018049312147;	0.261370390145212;	0.322960434570254;	0.382149435955157;	0.375073630764945;	0.299835293553607;	0.311714887158568;	0.328671898815342;	0.343777627382751;	0.353386070929168;	0.346996524342572;	0.352516909408842;	0.373378392641096;	0.367298748789093;	0.377859252239861;	0.394781485744489;	0.414444640407226;	0.405695331996915;	0.412233308238841;	0.426067351749883;	0.443913782907802;	0.465396027026172;	0.484351899220292;	0.483772987392096;	0.496509279390411;	0.489638340172046;	0.500409662825218;	0.513797151694761;	0.528309211180851;	0.541639108033026;	0.555231120999365;	0.567825299281376;	0.580116516736355;	0.592273666164176;	0.603125213320430;	0.614491282422960;	0.613558998060205;	0.620204367786897;	0.625401896406674;	0.634487006254861;	0.644465489302775;	0.652559630429016;	0.661182490010323;	0.673592771042989;	0.685316471482936;	0.695480733303820;	0.683714785782133;	0.694765559004331;	0.706824295823479;	0.720221693261294;	0.734207413698109;	0.748228132017868;	0.765531625880785;	0.786410231163746;	0.819798835819801;	0.847724024701297;	0.921929965129415
0.514501387225712;	0.323247636505009;	0.312503253317293;	0.314987400876222;	0.302069098976170;	0.361739703519695;	0.421065368695309;	0.418834531364957;	0.353068803671035;	0.368149163239824;	0.387758297489500;	0.406030121154424;	0.416853913812169;	0.413963199991686;	0.418834789275870;	0.441417978336629;	0.438904343393232;	0.448910373758760;	0.468036582349278;	0.488667945725585;	0.485106263988641;	0.494078679591156;	0.507090182195444;	0.525073421988611;	0.546524767139042;	0.565619639359478;	0.555057052589437;	0.568063424238685;	0.563670880354121;	0.574685897683415;	0.588197040425039;	0.602741416916468;	0.616034172861379;	0.629447719479219;	0.641826707431812;	0.653841785547189;	0.665660389271169;	0.676182706810748;	0.687115104463135;	0.679646825016955;	0.686108744165328;	0.691743259617294;	0.700532876510844;	0.710141856807601;	0.717514994842336;	0.725678637527530;	0.737377110579026;	0.748366771633798;	0.757854495775144;	0.750964570927103;	0.761201083957822;	0.772301747577353;	0.784581957610462;	0.797268066061886;	0.809869993594048;	0.825250423468500;	0.843592272616086;	0.872560463712664;	0.896319520466504;	0.954439334990273
0.542493911857456;	0.365373816701596;	0.355028478099019;	0.355284654610523;	0.344153912276642;	0.401796074735305;	0.461007920084334;	0.463303336646338;	0.406781736614218;	0.424662644405995;	0.446244784528625;	0.467161228858075;	0.480397029212484;	0.480483708309836;	0.485577872786285;	0.509253854410228;	0.509836432357792;	0.519144677988646;	0.539724843896832;	0.560730025042838;	0.560537107820985;	0.571191410564048;	0.582966997112135;	0.600625608868730;	0.621502133590112;	0.640234358510111;	0.634216741134791;	0.646727373711917;	0.643486484730046;	0.654145932236861;	0.666977783486378;	0.680556175435936;	0.692956448715583;	0.705345200355423;	0.716753757542227;	0.727770067652049;	0.738536630199846;	0.748089393899227;	0.757903003266848;	0.746008530764757;	0.752228798230885;	0.757963717488437;	0.766041543002538;	0.774841433172132;	0.781078069159002;	0.788588215442050;	0.799062190204410;	0.808781971941214;	0.817301066843365;	0.813924130102091;	0.822897360088675;	0.832535746531332;	0.843166581956888;	0.853948910819017;	0.864555006429382;	0.877254988012374;	0.891989146907871;	0.914427983819527;	0.932427509375175;	0.974217102847034
0.571207563135971;	0.408323521007336;	0.398415631584080;	0.396679259522382;	0.387356574719555;	0.442860132458484;	0.501662253133016;	0.508072346940509;	0.460388728401373;	0.480607540985453;	0.503760993646043;	0.526730814390845;	0.541650843249595;	0.544268112519459;	0.550668720203042;	0.574792415248707;	0.577822439106179;	0.587228068650190;	0.608482283407243;	0.629243691329987;	0.631650013806719;	0.643216055750374;	0.653792946978533;	0.670646612950213;	0.690403837781190;	0.708235103935337;	0.705206421410379;	0.716870495088537;	0.714328165253219;	0.724301802839876;	0.736114189306249;	0.748455624800066;	0.759696338919712;	0.770803575228503;	0.781000723888894;	0.790793404815602;	0.800304474769968;	0.808714621224907;	0.817268300394585;	0.809600740273782;	0.815329235305181;	0.820666111411864;	0.827557688182065;	0.835065606382284;	0.839770871399881;	0.846310261411109;	0.855067406600886;	0.863048848885911;	0.870253879044127;	0.869061321853762;	0.876385245914460;	0.884169021730425;	0.892750402163715;	0.901250238781087;	0.909528438778458;	0.919214739708248;	0.930039211753370;	0.945704566340864;	0.958020740338437;	0.989970956167487
0.600481312968383;	0.451823672663876;	0.442390623379779;	0.438912013542968;	0.431376812009368;	0.484631764203696;	0.542685045311368;	0.552708632103348;	0.513347833656246;	0.535391566252371;	0.559622803850444;	0.584019032243042;	0.600159481457643;	0.604815374052066;	0.612014494288701;	0.636019473936867;	0.640946555856192;	0.651134649295386;	0.672336852975598;	0.692310735439662;	0.696516563340767;	0.708343321354950;	0.718420529237005;	0.734052637819630;	0.752231106862314;	0.768690046874168;	0.767854010842774;	0.778366535886356;	0.776521112711870;	0.785508358510608;	0.796004544066542;	0.806890376860365;	0.816758014324945;	0.826384352372865;	0.835188537408645;	0.843595409689042;	0.851713306370879;	0.858870272875539;	0.866087136786188;	0.861360066452282;	0.866391911001426;	0.871097404292545;	0.876784238477364;	0.882975788093502;	0.886291514230212;	0.891746222051890;	0.898804259198310;	0.905134296861218;	0.910977417256870;	0.911060323108204;	0.916797516760900;	0.922825205041732;	0.929447541405678;	0.935856547636932;	0.942024203060493;	0.949068277688792;	0.956659929987811;	0.967130672309585;	0.975186996522667;	0.997216889725546
0.630138612179852;	0.495580590966259;	0.486657564452363;	0.481695671334757;	0.475884319507283;	0.526781758641619;	0.583709822178857;	0.596770768551692;	0.565115411194908;	0.588437604892651;	0.613236498643826;	0.638418487742947;	0.655263261951980;	0.661458866344968;	0.669181298072082;	0.692530005896231;	0.698797965560326;	0.709224258544660;	0.729774844809471;	0.748548097383373;	0.753918406145622;	0.765502373105774;	0.775436522884286;	0.789549585995148;	0.805831491877342;	0.820583488227408;	0.821202080556435;	0.830392910768671;	0.829681777727399;	0.837485715730311;	0.846487649145686;	0.855795857128151;	0.864177250826476;	0.872235129798782;	0.879572070674184;	0.886535881266291;	0.893222894659347;	0.899102008206172;	0.904984972687037;	0.902310346719569;	0.906524068940715;	0.910459909685363;	0.914980024771797;	0.919895581221707;	0.922266546891408;	0.926602219019468;	0.932054531952876;	0.936874326790466;	0.941398654428903;	0.942088973583378;	0.946371583954013;	0.950814546506167;	0.955669239587205;	0.960254124123086;	0.964600263354619;	0.969430355863136;	0.974452489226305;	0.981114070673907;	0.986122759344357;	0.999409096996717
0.659987401196127;	0.539281648880418;	0.530900928292884;	0.524717365126415;	0.520523142363198;	0.568955510807959;	0.624353682787099;	0.639820151068601;	0.615169166913816;	0.639210163081678;	0.664062420727894;	0.689402684266561;	0.706453027289958;	0.713702689523371;	0.721643619638531;	0.743863040698343;	0.750953911316662;	0.761275868144975;	0.780662567374830;	0.797894769998421;	0.803864749108738;	0.814793422654404;	0.824154317455588;	0.836587800772028;	0.850811473201929;	0.863677475515665;	0.865184405377942;	0.873004533928361;	0.873415330966839;	0.879971936090294;	0.887448227196725;	0.895163885242412;	0.902057138807687;	0.908584936457210;	0.914498057392603;	0.920073987624388;	0.925396283411099;	0.930059310431252;	0.934689229927555;	0.933350948251787;	0.936727380388659;	0.939869588232400;	0.943330114849865;	0.947083661892039;	0.949019730798926;	0.952296881181134;	0.956319659981863;	0.959828157624815;	0.963162165123427;	0.964025430128290;	0.967060531281560;	0.970166102402976;	0.973534892414071;	0.976634602351245;	0.979520137989695;	0.982630377184337;	0.985748629516020;	0.989760896349821;	0.992703587763108;	0.999912840818868
0.689820127143510;	0.582597024528125;	0.574787155753562;	0.567641151979242;	0.564917725090059;	0.610778496138839;	0.664224799528115;	0.681433496905293;	0.663022637843107;	0.687229922628046;	0.711639643916044;	0.736547734019984;	0.753338330234364;	0.761189384888979;	0.769069535328264;	0.789767397618451;	0.797219077534666;	0.807111075972880;	0.824935211036786;	0.840385447129172;	0.846491140880163;	0.856461209854059;	0.864995411727478;	0.875677369239146;	0.887787249719357;	0.898699144090675;	0.900646506602148;	0.907117222446607;	0.908145084703544;	0.913497410412152;	0.919531395383917;	0.925738030041959;	0.931236552829240;	0.936367768927127;	0.940988052135744;	0.945313438630123;	0.949413698153187;	0.952989485918126;	0.956509632116981;	0.955987973598314;	0.958584692251681;	0.960989373513449;	0.963542758370327;	0.966299171557432;	0.967889335822202;	0.970255291227160;	0.973094703062272;	0.975537998243463;	0.977877108359890;	0.978680630357981;	0.980728061032819;	0.982791666883039;	0.985007364078260;	0.986992610448681;	0.988804053266727;	0.990694719668664;	0.992521067564748;	0.994798337254781;	0.996421229370112;	0.999992224308927
0.719414329294782;	0.625182481146007;	0.617967246356854;	0.610111264335282;	0.608678921013746;	0.651863832749348;	0.702932105449442;	0.721214691831043;	0.708240376017034;	0.732087652850287;	0.755597338398754;	0.779541049312100;	0.795659470787701;	0.803707706938574;	0.811283506860148;	0.830159492904216;	0.837580294097592;	0.846778420027384;	0.862759530816869;	0.876287486373668;	0.882168312290176;	0.890981845911985;	0.898507440627937;	0.907453180213680;	0.917495180708258;	0.926490512849551;	0.928550344020224;	0.933753876518638;	0.935055622884462;	0.939296139328027;	0.944022273191905;	0.948861174520168;	0.953108965986288;	0.957015879775329;	0.960509484516241;	0.963753758310011;	0.966804980527761;	0.969450534772823;	0.972030392440295;	0.971958216194675;	0.973872110106575;	0.975633381736221;	0.977443886262599;	0.979384916157818;	0.980594024828476;	0.982228712128002;	0.984146152230577;	0.985773065050106;	0.987334435709951;	0.987978411629939;	0.989292136145973;	0.990594091020144;	0.991972492019144;	0.993174360752674;	0.994247087965755;	0.995329451192563;	0.996335459583784;	0.997544818730863;	0.998377919860827;	0.999999633881911
0.748534520715953;	0.666684159162886;	0.660081396571626;	0.651757393307015;	0.651411621407533;	0.691820599334922;	0.740096743426322;	0.758806548757654;	0.750449787593577;	0.773455487143541;	0.795662361695871;	0.818185658458409;	0.833286265343414;	0.841187415852300;	0.848260944562802;	0.865111085627780;	0.872186968449247;	0.880496257051470;	0.894470386694194;	0.906031426429612;	0.911428261877238;	0.918984713845337;	0.925409111438931;	0.932705085322071;	0.940806882987346;	0.948007459131364;	0.949957460454814;	0.954018964518135;	0.955350581280584;	0.958607309353783;	0.962194443921210;	0.965844969988206;	0.969017720126030;	0.971893535889660;	0.974444706047013;	0.976792460933290;	0.978980687441718;	0.980864651072730;	0.982682591047391;	0.982818869634008;	0.984168065270522;	0.985400192237913;	0.986629895522679;	0.987936353833252;	0.988798969537566;	0.989875375313369;	0.991108608877815;	0.992139408356794;	0.993126480412922;	0.993588548403995;	0.994385710322120;	0.995160845786560;	0.995966831663520;	0.996649759180592;	0.997244427915315;	0.997823028133144;	0.998339455291793;	0.998934606143726;	0.999328512328033;	0.999999992063464
0.776935107954870;	0.706745074888281;	0.700765822052926;	0.692202390680443;	0.692724224147136;	0.730263393816632;	0.775363233753517;	0.793901489910119;	0.789350315700664;	0.811093528734719;	0.831662870761948;	0.852398888075099;	0.866212425254718;	0.873688689586932;	0.880112340613083;	0.894827487064507;	0.901324274738874;	0.908621220817577;	0.920532617411723;	0.930167372183759;	0.934915030183920;	0.941198698331084;	0.946508571977565;	0.952295783746594;	0.958645950435350;	0.964234958269129;	0.965942252644716;	0.969013812903344;	0.970224263330818;	0.972644157462584;	0.975276935639437;	0.977936136717691;	0.980222147608092;	0.982263478108539;	0.984057942221776;	0.985692656822451;	0.987200742540771;	0.988488272547574;	0.989716174438883;	0.989916613740141;	0.990823756446153;	0.991644627794933;	0.992441596949341;	0.993278765480949;	0.993856058681592;	0.994528622833388;	0.995280398019430;	0.995898584659349;	0.996486512329425;	0.996787821530515;	0.997242359497527;	0.997674866110492;	0.998114619967215;	0.998475911876143;	0.998781790596163;	0.999067839054569;	0.999312302289564;	0.999580535573920;	0.999749841311962;	0.999999999933391
0.804364055121601;	0.745012552504134;	0.739660476349482;	0.731071239911982;	0.732239175832231;	0.766823434692551;	0.808410310487719;	0.826249416256907;	0.824720415643779;	0.844852890979829;	0.863527767173538;	0.882206750846385;	0.894544753759930;	0.901387383164349;	0.907064317243467;	0.919624532393817;	0.925385768074777;	0.931614585379904;	0.941503124857705;	0.949323294125454;	0.953339179582959;	0.958403925946127;	0.962650678811667;	0.967107468271792;	0.971933930252748;	0.976132708607716;	0.977535675139702;	0.979781497373142;	0.980793218515011;	0.982528779678987;	0.984392609969291;	0.986258141929117;	0.987842662684950;	0.989235801825880;	0.990447843009328;	0.991539470430204;	0.992534874987787;	0.993376346849583;	0.994168351347235;	0.994357564287747;	0.994937171488243;	0.995456006388039;	0.995946593354341;	0.996454867716665;	0.996816616206875;	0.997213221805044;	0.997645011582364;	0.997993685154527;	0.998321478002293;	0.998500758390585;	0.998742392567962;	0.998966652667380;	0.999188511396248;	0.999364682446046;	0.999509064073745;	0.999638285512656;	0.999743578193555;	0.999852658476220;	0.999917709734183;	0.999999999999851
0.830568032855094;	0.781147408908949;	0.776418227244098;	0.768000751739998;	0.769603196517637;	0.801160359467046;	0.838961894315427;	0.855663280806872;	0.856421230072108;	0.874676050432107;	0.891282469314106;	0.907734927833445;	0.918489387152183;	0.924557811348649;	0.929439435872021;	0.939905030900347;	0.944845914240948;	0.950011196306290;	0.957995925213920;	0.964167768094569;	0.967438012525406;	0.971389988035915;	0.974672689134766;	0.977997949323953;	0.981547233587648;	0.984593327580975;	0.985682915694150;	0.987266372549536;	0.988055581260830;	0.989253635264885;	0.990522475060150;	0.991778942657229;	0.992832027995747;	0.993742922253298;	0.994526133489805;	0.995222542655044;	0.995849221873569;	0.996372918698551;	0.996858568260130;	0.997006007845457;	0.997356315781231;	0.997665922523786;	0.997951148952890;	0.998241818297545;	0.998453217583785;	0.998672484582842;	0.998904466802834;	0.999087985237692;	0.999257669897442;	0.999354791403017;	0.999473389402205;	0.999580309755239;	0.999682627319196;	0.999760804897675;	0.999822473637140;	0.999875007881766;	0.999915568410433;	0.999954829051803;	0.999976688151839;	1.000000000000000
0.855299668917516;	0.814835510498538;	0.810716447757507;	0.802651048879205;	0.804497519426485;	0.832974184019792;	0.866797280644448;	0.882022821127677;	0.884397345012008;	0.900593985741808;	0.915042038259525;	0.929196913321875;	0.938336475927612;	0.943553996478615;	0.947635639463185;	0.956134640118945;	0.960233398745354;	0.964389682766379;	0.970649901615050;	0.975376768771606;	0.977940314471995;	0.980920222348986;	0.983368363809674;	0.985765944126996;	0.988284492775415;	0.990412598080808;	0.991214597695352;	0.992287825975258;	0.992866168415543;	0.993659450164241;	0.994487099864969;	0.995296492503925;	0.995964916184614;	0.996533112546791;	0.997015168779291;	0.997437634824641;	0.997812122087157;	0.998120899166312;	0.998402467920387;	0.998503431990429;	0.998702557982101;	0.998875928583127;	0.999031488060219;	0.999186934060175;	0.999301441835647;	0.999414161208367;	0.999529702177636;	0.999618968281756;	0.999699691363460;	0.999747264596062;	0.999800351223317;	0.999846598377931;	0.999889103855609;	0.999920163454735;	0.999943571764920;	0.999962410030187;	0.999976072370994;	0.999988262877781;	0.999994500793033;	1.000000000000000
0.878327110369237;	0.845801729138969;	0.842271366304690;	0.834718828288558;	0.836648188706093;	0.862016805682300;	0.891759203703937;	0.905276155326844;	0.908675352988358;	0.922720733441977;	0.935002232570849;	0.946880512550329;	0.954442958730341;	0.958790179843666;	0.962104519302027;	0.968818036274605;	0.972104789454040;	0.975344386152796;	0.980099765131347;	0.983604309994686;	0.985536643692876;	0.987702869111634;	0.989460069857120;	0.991125540486319;	0.992844471671497;	0.994271429144629;	0.994831017678869;	0.995527656234661;	0.995926634234574;	0.996428410156382;	0.996943448208798;	0.997439877242448;	0.997843138721367;	0.998179552296646;	0.998460644509314;	0.998702974826751;	0.998914129059017;	0.999085532322796;	0.999238862302500;	0.999300934467963;	0.999406623944348;	0.999497029110565;	0.999575945367173;	0.999652990105262;	0.999709998081402;	0.999763324748288;	0.999816073952013;	0.999855712932852;	0.999890542993522;	0.999911372358140;	0.999932702246209;	0.999950536192981;	0.999966138512553;	0.999976950291030;	0.999984660693837;	0.999990460095254;	0.999994363316257;	0.999997516493460;	0.999998968293762;	0.999999999999999
0.899445341131006;	0.873824985304213;	0.870853467447017;	0.863950981378285;	0.865836051487799;	0.888102262773399;	0.913759577911672;	0.925439245721100;	0.929360525219144;	0.941246088903637;	0.951428205711847;	0.961132946451209;	0.967214213550214;	0.970720489057260;	0.973329359227725;	0.978475578277775;	0.981019407329246;	0.983459955652772;	0.986950406742867;	0.989458276683269;	0.990856040883627;	0.992369630826533;	0.993579788363389;	0.994690308133198;	0.995814331188431;	0.996728930634530;	0.997098425078689;	0.997529532039535;	0.997788429223186;	0.998090130348675;	0.998394295803589;	0.998682596842961;	0.998912495867720;	0.999100389392920;	0.999254668682381;	0.999385202975342;	0.999496725393615;	0.999585614372387;	0.999663397276937;	0.999697859693465;	0.999749766191440;	0.999793243020329;	0.999830089661769;	0.999865080568338;	0.999890871750436;	0.999913784145262;	0.999935542316144;	0.999951360063837;	0.999964758994238;	0.999972774552107;	0.999980308102322;	0.999986298652210;	0.999991229373745;	0.999994431676125;	0.999996564997924;	0.999998041595206;	0.999998948066273;	0.999999595030006;	0.999999855416937;	1.000000000000000
0.918488765815194;	0.898752690615574;	0.896302086582313;	0.890156800937654;	0.891904995621740;	0.911115557103761;	0.932782855269619;	0.942594009801550;	0.946630912248498;	0.956426425375606;	0.964641516258570;	0.972343870519918;	0.977085199781136;	0.979817804342788;	0.981803793108118;	0.985620893658752;	0.987516865106555;	0.989288829313139;	0.991756264286831;	0.993482303004119;	0.994449713384039;	0.995462458232348;	0.996258996166020;	0.996966634182968;	0.997667550054465;	0.998225124758208;	0.998455224600717;	0.998708180646204;	0.998865721456919;	0.999037116798770;	0.999206501297104;	0.999363971803547;	0.999486942772628;	0.999585187438491;	0.999664251818501;	0.999729721853594;	0.999784397681232;	0.999827051253949;	0.999863433130118;	0.999880667326843;	0.999903983939267;	0.999923029012717;	0.999938650711974;	0.999953001699868;	0.999963445477953;	0.999972233644658;	0.999980190218607;	0.999985745584066;	0.999990237193474;	0.999992884092422;	0.999995157656994;	0.999996855729046;	0.999998150019421;	0.999998924947889;	0.999999398412587;	0.999999693372007;	0.999999854470126;	0.999999952754324;	0.999999986044104;	1.000000000000000
0.935342901681708;	0.920511262173289;	0.918536392512520;	0.913218481522683;	0.914769168876691;	0.931018784727805;	0.948887230199233;	0.956884935745497;	0.960729094767378;	0.968572471944578;	0.975005375352823;	0.980927222720157;	0.984501039497682;	0.986553419348401;	0.988011228470831;	0.990741197843333;	0.992097899287631;	0.993333313131733;	0.995006494146993;	0.996144065656078;	0.996782204717267;	0.997428108866183;	0.997926761067408;	0.998355367841569;	0.998769789567117;	0.999091147784294;	0.999225615375710;	0.999365399370286;	0.999454830930886;	0.999546147652024;	0.999634395640531;	0.999714613323510;	0.999775780286379;	0.999823419059453;	0.999860874101081;	0.999891123031215;	0.999915722387458;	0.999934430518198;	0.999949916602593;	0.999957612177891;	0.999967049721134;	0.999974526933574;	0.999980435591021;	0.999985649739837;	0.999989358377325;	0.999992299131273;	0.999994813790832;	0.999996483265216;	0.999997754781775;	0.999998479632133;	0.999999043149456;	0.999999431537019;	0.999999699713576;	0.999999844374382;	0.999999923277759;	0.999999966172929;	0.999999986313879;	0.999999996400391;	0.999999999154263;	1.000000000000000
0.949952227853457;	0.939110222341963;	0.937559813148047;	0.933098210902994;	0.934418614060283;	0.947853746677140;	0.962201850207222;	0.968513017969805;	0.971951442840961;	0.978034756528990;	0.982907933032794;	0.987303177391873;	0.989898215240784;	0.991378709246036;	0.992406680164114;	0.994281320768375;	0.995209643646066;	0.996033060506201;	0.997116064327324;	0.997830211324319;	0.998229371784813;	0.998619766745905;	0.998914882912287;	0.999160009300422;	0.999390706114670;	0.999564498751181;	0.999637731786397;	0.999709873010777;	0.999756885402875;	0.999802089792378;	0.999844678645956;	0.999882391321174;	0.999910368928036;	0.999931535486563;	0.999947728450150;	0.999960427714646;	0.999970436160581;	0.999977818861895;	0.999983715841508;	0.999986738700944;	0.999990113053659;	0.999992688127023;	0.999994635481104;	0.999996270869950;	0.999997393691045;	0.999998225538767;	0.999998888647082;	0.999999301368501;	0.999999592191158;	0.999999748882095;	0.999999857273814;	0.999999924490048;	0.999999965275286;	0.999999984478324;	0.999999993495115;	0.999999997611050;	0.999999999207265;	0.999999999837349;	0.999999999970672;	1.000000000000000
0.962323700979562;	0.954641002888603;	0.953459584960570;	0.949841840473487;	0.950922301367570;	0.961741261023285;	0.972920569199841;	0.977726629342723;	0.980634669778255;	0.985187754665357;	0.988744909558345;	0.991880811707029;	0.993687937840363;	0.994709232349665;	0.995402248813376;	0.996631827947382;	0.997236112698992;	0.997757855657891;	0.998422902315996;	0.998847173592287;	0.999082389998109;	0.999304410882192;	0.999468273925557;	0.999599562396197;	0.999719412948737;	0.999806775931472;	0.999843606504075;	0.999878012934888;	0.999900667122008;	0.999921214275965;	0.999940015126211;	0.999956157848262;	0.999967756111678;	0.999976241010658;	0.999982524629202;	0.999987283023385;	0.999990894633572;	0.999993461539169;	0.999995425239383;	0.999996446788682;	0.999997484261405;	0.999998239563581;	0.999998780920209;	0.999999208082497;	0.999999486642748;	0.999999676882739;	0.999999815650591;	0.999999894981345;	0.999999945409653;	0.999999970297529;	0.999999985221775;	0.999999993267782;	0.999999997399691;	0.999999999033666;	0.999999999668242;	0.999999999902186;	0.999999999974349;	0.999999999996036;	0.999999999999472;	1.000000000000000
0.972527139819073;	0.967272039786152;	0.966402160830070;	0.963577999064266;	0.964427135210902;	0.972876592456230;	0.981292431221656;	0.984810140239513;	0.987140044180495;	0.990413315260578;	0.992902864052786;	0.995042446230706;	0.996242643187569;	0.996912626898165;	0.997356672328112;	0.998121999272101;	0.998493794017377;	0.998805862216886;	0.999190373363454;	0.999426954038742;	0.999556453886390;	0.999674181276519;	0.999758721586178;	0.999823890967289;	0.999881350820941;	0.999921684458958;	0.999938582633765;	0.999953541901777;	0.999963413936083;	0.999971858980316;	0.999979326722819;	0.999985507655630;	0.999989783317838;	0.999992789502208;	0.999994929929139;	0.999996483421727;	0.999997609512113;	0.999998373760438;	0.999998927991473;	0.999999215481315;	0.999999479667959;	0.999999660687288;	0.999999781917252;	0.999999870183222;	0.999999923655788;	0.999999956636416;	0.999999978079085;	0.999999989016236;	0.999999995079692;	0.999999997713889;	0.999999999038629;	0.999999999635894;	0.999999999885971;	0.999999999965985;	0.999999999990767;	0.999999999997897;	0.999999999999581;	0.999999999999954;	0.999999999999996;	1.000000000000000
0.980692438003639;	0.977240312078919;	0.976624865008541;	0.974512770236980;	0.975152403137036;	0.981519534354027;	0.987608784934640;	0.990070688977064;	0.991836671350271;	0.994083931320447;	0.995744169712833;	0.997130998869920;	0.997885948210415;	0.998300930527574;	0.998569336901395;	0.999017712995424;	0.999232127648846;	0.999406756184261;	0.999614052312453;	0.999736590346702;	0.999802487390761;	0.999860013236048;	0.999900037567101;	0.999929615931484;	0.999954673039865;	0.999971509003327;	0.999978467764353;	0.999984292323720;	0.999988111309549;	0.999991186337776;	0.999993797350317;	0.999995864525715;	0.999997230390883;	0.999998145738966;	0.999998766571720;	0.999999194004091;	0.999999486498602;	0.999999673689869;	0.999999800544251;	0.999999864786614;	0.999999917575226;	0.999999950959753;	0.999999971416556;	0.999999984813729;	0.999999992128028;	0.999999996086238;	0.999999998303613;	0.999999999277129;	0.999999999730345;	0.999999999896603;	0.999999999964477;	0.999999999989185;	0.999999999997349;	0.999999999999388;	0.999999999999878;	0.999999999999978;	0.999999999999998;	0.999999999999998;	1.000000000000000;	1.000000000000001
0.987003111592422;	0.984839024442250;	0.984423486329542;	0.982919689504941;	0.983379926005253;	0.987980213118298;	0.992187169635086;	0.993823783773827;	0.995084882943237;	0.996547521893681;	0.997594275634246;	0.998441111179687;	0.998886896733461;	0.999127361341136;	0.999278934820969;	0.999523628264409;	0.999638276799721;	0.999728649837949;	0.999831555248067;	0.999889718216917;	0.999920272230926;	0.999945780444354;	0.999962883694479;	0.999974942488092;	0.999984691361750;	0.999990913236968;	0.999993429213629;	0.999995411573439;	0.999996690017929;	0.999997654687870;	0.999998434245447;	0.999999018447536;	0.999999383159319;	0.999999613418924;	0.999999760250228;	0.999999854761619;	0.999999914822668;	0.999999950421773;	0.999999972506069;	0.999999983129557;	0.999999990784952;	0.999999995132926;	0.999999997501053;	0.999999998851199;	0.999999999491660;	0.999999999785842;	0.999999999922959;	0.999999999972980;	0.999999999991868;	0.999999999997513;	0.999999999999326;	0.999999999999844;	0.999999999999970;	0.999999999999997;	0.999999999999999;	1.000000000000002;	1.000000000000002;	1.000000000000001;	1.000000000000000;	0.999999999999999
0.991686100588606;	0.990401831288875;	0.990136440854863;	0.989125247323047;	0.989439841627067;	0.992601367235540;	0.995353613971291;	0.996378245671397;	0.997220876544713;	0.998114800548075;	0.998732472173773;	0.999214352877289;	0.999458601908721;	0.999587399396571;	0.999666361076407;	0.999789059153117;	0.999845088732376;	0.999887681978049;	0.999933944105207;	0.999958789571033;	0.999971453855446;	0.999981506714137;	0.999987957452601;	0.999992267521251;	0.999995563073781;	0.999997540740479;	0.999998314982647;	0.999998885134947;	0.999999242291708;	0.999999492856331;	0.999999683183491;	0.999999816219865;	0.999999893472583;	0.999999938653424;	0.999999965238155;	0.999999980904443;	0.999999989935798;	0.999999994769656;	0.999999997439447;	0.999999998617333;	0.999999999342794;	0.999999999700978;	0.999999999868821;	0.999999999949393;	0.999999999981455;	0.999999999993583;	0.999999999998144;	0.999999999999483;	0.999999999999880;	0.999999999999972;	0.999999999999994;	0.999999999999998;	1.000000000000000;	1.000000000000001;	1.000000000000001;	1.000000000000001;	1.000000000000001;	0.999999999999999;	1.000000000000000;	1.000000000000001
0.994997840678656;	0.994283820891660;	0.994125347715731;	0.993489946848137;	0.993692657127475;	0.995738180306721;	0.997424702013908;	0.998022088422933;	0.998543556784927;	0.999050190748426;	0.999386764035456;	0.999638648716525;	0.999760918187299;	0.999823656893012;	0.999860967179497;	0.999916463464168;	0.999941006398166;	0.999958909337764;	0.999977318424483;	0.999986635115042;	0.999991204077236;	0.999994624450346;	0.999996705229782;	0.999998010093586;	0.999998942266386;	0.999999460898741;	0.999999654772561;	0.999999786702479;	0.999999865626629;	0.999999916457359;	0.999999952097224;	0.999999974844673;	0.999999986859970;	0.999999993215217;	0.999999996576682;	0.999999998340139;	0.999999999235443;	0.999999999655114;	0.999999999855118;	0.999999999933077;	0.999999999973099;	0.999999999989750;	0.999999999996268;	0.999999999998829;	0.999999999999659;	0.999999999999907;	0.999999999999978;	0.999999999999995;	0.999999999999998;	1.000000000000000;	1.000000000000001;	1.000000000000001;	0.999999999999998;	1.000000000000003;	1.000000000000000;	1.000000000000002;	0.999999999999999;	0.999999999999999;	1.000000000000000;	0.999999999999999
0.997207893629096;	0.996841109483947;	0.996754020793526;	0.996386224495967;	0.996508024220178;	0.997737038116544;	0.998691007450497;	0.999010439070784;	0.999305016408410;	0.999566791401021;	0.999733084890204;	0.999851663013219;	0.999906408272752;	0.999933581701042;	0.999949197976079;	0.999971262878659;	0.999980636317234;	0.999987151977446;	0.999993428187246;	0.999996387393788;	0.999997767573670;	0.999998730604957;	0.999999278547208;	0.999999596610348;	0.999999805179932;	0.999999910631997;	0.999999947542313;	0.999999970344539;	0.999999983067131;	0.999999990441923;	0.999999995094018;	0.999999997729656;	0.999999998959887;	0.999999999531337;	0.999999999795072;	0.999999999914619;	0.999999999966526;	0.999999999987234;	0.999999999995517;	0.999999999998277;	0.999999999999427;	0.999999999999825;	0.999999999999949;	0.999999999999987;	0.999999999999994;	1.000000000000003;	1.000000000000001;	1.000000000000000;	1.000000000000001;	0.999999999999999;	1.000000000000001;	1.000000000000001;	0.999999999999999;	1.000000000000003;	0.999999999999999;	1.000000000000002;	1.000000000000002;	1.000000000000001;	0.999999999999999;	1.000000000000001
0.998581278692446;	0.998410503061529;	0.998367440567240;	0.998175227930081;	0.998242423847218;	0.998915365306167;	0.999403454869793;	0.999556798760148;	0.999705499818959;	0.999825891647433;	0.999898483055690;	0.999947360540679;	0.999968624352788;	0.999978753879930;	0.999984347594443;	0.999991773674436;	0.999994770116312;	0.999996734494739;	0.999998480222230;	0.999999234346962;	0.999999563410785;	0.999999773618150;	0.999999883258083;	0.999999940931290;	0.999999974760526;	0.999999989867347;	0.999999994683033;	0.999999997318897;	0.999999998648471;	0.999999999325060;	0.999999999697946;	0.999999999879964;	0.999999999952951;	0.999999999981948;	0.999999999993323;	0.999999999997666;	0.999999999999240;	0.999999999999762;	0.999999999999933;	0.999999999999981;	0.999999999999996;	1.000000000000000;	0.999999999999998;	1.000000000000001;	1.000000000000001;	1.000000000000001;	1.000000000000001;	1.000000000000000;	1.000000000000001;	0.999999999999998;	1.000000000000003;	1.000000000000001;	1.000000000000001;	0.999999999999999;	1.000000000000003;	1.000000000000001;	1.000000000000002;	0.999999999999998;	0.999999999999999;	1.000000000000000
0.999361517559490;	0.999291425519605;	0.999272892396670;	0.999184809050000;	0.999218086168868;	0.999544849236872;	0.999764161635163;	0.999828220338146;	0.999893207899514;	0.999940773071756;	0.999967711685666;	0.999984618239816;	0.999991456280834;	0.999994547458859;	0.999996173137625;	0.999998167535293;	0.999998919540801;	0.999999376912806;	0.999999743258663;	0.999999884543916;	0.999999940782982;	0.999999972775326;	0.999999987623599;	0.999999994492154;	0.999999997978866;	0.999999999309449;	0.999999999684112;	0.999999999861333;	0.999999999939717;	0.999999999973979;	0.999999999990071;	0.999999999996684;	0.999999999998913;	0.999999999999654;	0.999999999999891;	0.999999999999968;	0.999999999999992;	0.999999999999996;	1.000000000000000;	1.000000000000000;	0.999999999999999;	1.000000000000000;	1.000000000000000;	0.999999999999999;	0.999999999999999;	1.000000000000002;	1.000000000000001;	1.000000000000002;	1.000000000000001;	1.000000000000000;	1.000000000000001;	1.000000000000003;	1.000000000000001;	1.000000000000003;	1.000000000000002;	1.000000000000002;	1.000000000000002;	1.000000000000001;	1.000000000000001;	1.000000000000000
0.999755937934934;	0.999731646529324;	0.999725071598706;	0.999691254112270;	0.999705534848439;	0.999840544338220;	0.999923218532194;	0.999945395037931;	0.999968764703056;	0.999984015133837;	0.999991999834426;	0.999996580723242;	0.999998267841992;	0.999998978672765;	0.999999329519112;	0.999999716352651;	0.999999849020126;	0.999999921849647;	0.999999972521188;	0.999999989328484;	0.999999995221550;	0.999999998108568;	0.999999999262213;	0.999999999718297;	0.999999999913141;	0.999999999975215;	0.999999999990311;	0.999999999996371;	0.999999999998664;	0.999999999999512;	0.999999999999849;	0.999999999999957;	0.999999999999988;	0.999999999999997;	1.000000000000001;	1.000000000000003;	1.000000000000001;	1.000000000000000;	1.000000000000000;	1.000000000000000;	1.000000000000002;	1.000000000000000;	0.999999999999998;	0.999999999999999;	0.999999999999999;	1.000000000000002;	1.000000000000002;	1.000000000000002;	1.000000000000000;	1.000000000000002;	1.000000000000001;	1.000000000000000;	1.000000000000001;	0.999999999999999;	1.000000000000002;	1.000000000000002;	1.000000000000002;	0.999999999999998;	1.000000000000000;	0.999999999999999
0.999926155525473;	0.999919549764342;	0.999917806854871;	0.999907742989063;	0.999912738410200;	0.999956955109798;	0.999981150009336;	0.999987008737568;	0.999993350352332;	0.999996948392967;	0.999998641930935;	0.999999499610867;	0.999999776716555;	0.999999882077302;	0.999999929596336;	0.999999974689775;	0.999999988219919;	0.999999994691820;	0.999999998454129;	0.999999999493937;	0.999999999806321;	0.999999999935193;	0.999999999978664;	0.999999999993123;	0.999999999998245;	0.999999999999591;	0.999999999999864;	0.999999999999956;	0.999999999999991;	0.999999999999995;	0.999999999999999;	1.000000000000002;	0.999999999999999;	1.000000000000000;	1.000000000000001;	0.999999999999999;	1.000000000000000;	1.000000000000000;	0.999999999999999;	1.000000000000000;	1.000000000000001;	1.000000000000000;	0.999999999999998;	0.999999999999999;	1.000000000000003;	0.999999999999999;	0.999999999999999;	0.999999999999998;	1.000000000000003;	1.000000000000000;	1.000000000000000;	1.000000000000001;	0.999999999999999;	1.000000000000001;	1.000000000000002;	1.000000000000002;	1.000000000000004;	1.000000000000001;	1.000000000000000;	0.999999999999999
0.999984502590622;	0.999983280007707;	0.999983007222181;	0.999981018246780;	0.999982299830387;	0.999992378334232;	0.999997093027543;	0.999998090974631;	0.999999168673752;	0.999999673266506;	0.999999876273315;	0.999999962381761;	0.999999985695505;	0.999999993416244;	0.999999996512710;	0.999999998957182;	0.999999999583432;	0.999999999839252;	0.999999999961567;	0.999999999989496;	0.999999999996611;	0.999999999999056;	0.999999999999740;	0.999999999999934;	0.999999999999984;	0.999999999999996;	1.000000000000002;	1.000000000000000;	1.000000000000000;	1.000000000000000;	0.999999999999998;	1.000000000000002;	1.000000000000000;	1.000000000000001;	1.000000000000001;	1.000000000000001;	0.999999999999999;	1.000000000000002;	1.000000000000000;	1.000000000000002;	1.000000000000001;	0.999999999999998;	1.000000000000000;	0.999999999999999;	1.000000000000001;	1.000000000000001;	0.999999999999999;	1.000000000000002;	1.000000000000001;	1.000000000000002;	1.000000000000000;	1.000000000000000;	0.999999999999999;	1.000000000000000;	1.000000000000002;	1.000000000000002;	1.000000000000001;	0.999999999999998;	0.999999999999999;	1.000000000000000
0.999998380464213;	0.999998272761651;	0.999998263659488;	0.999998088134660;	0.999998265735743;	0.999999384126077;	0.999999804276133;	0.999999880177141;	0.999999957119772;	0.999999985903162;	0.999999995529222;	0.999999998885272;	0.999999999640817;	0.999999999857152;	0.999999999933703;	0.999999999983528;	0.999999999994408;	0.999999999998179;	0.999999999999646;	0.999999999999920;	0.999999999999979;	0.999999999999996;	0.999999999999998;	1.000000000000001;	0.999999999999999;	0.999999999999999;	1.000000000000002;	1.000000000000000;	0.999999999999999;	1.000000000000000;	0.999999999999997;	1.000000000000000;	1.000000000000000;	1.000000000000001;	1.000000000000000;	1.000000000000001;	0.999999999999999;	1.000000000000000;	1.000000000000002;	1.000000000000000;	1.000000000000002;	1.000000000000002;	0.999999999999998;	0.999999999999998;	1.000000000000001;	1.000000000000000;	0.999999999999999;	1.000000000000000;	0.999999999999999;	1.000000000000000;	1.000000000000004;	1.000000000000000;	0.999999999999999;	1.000000000000000;	1.000000000000003;	1.000000000000001;	1.000000000000002;	0.999999999999998;	0.999999999999999;	1.000000000000000
0.999999948421984;	0.999999945601617;	0.999999946181184;	0.999999942133541;	0.999999949498723;	0.999999985067865;	0.999999995990309;	0.999999997732681;	0.999999999321269;	0.999999999810929;	0.999999999949284;	0.999999999989511;	0.999999999997139;	0.999999999999032;	0.999999999999617;	0.999999999999924;	0.999999999999977;	0.999999999999996;	0.999999999999999;	0.999999999999999;	1.000000000000000;	0.999999999999999;	1.000000000000004;	1.000000000000001;	0.999999999999997;	1.000000000000000;	1.000000000000002;	1.000000000000002;	1.000000000000000;	1.000000000000000;	0.999999999999999;	1.000000000000001;	0.999999999999999;	1.000000000000003;	1.000000000000000;	1.000000000000001;	0.999999999999999;	0.999999999999999;	1.000000000000000;	0.999999999999999;	1.000000000000000;	0.999999999999999;	1.000000000000000;	1.000000000000001;	0.999999999999999;	0.999999999999999;	1.000000000000000;	1.000000000000000;	1.000000000000000;	0.999999999999999;	1.000000000000001;	1.000000000000003;	1.000000000000001;	1.000000000000000;	1.000000000000003;	1.000000000000002;	1.000000000000002;	1.000000000000000;	0.999999999999999;	1.000000000000000
0.999999999643940;	0.999999999628235;	0.999999999639567;	0.999999999624769;	0.999999999688031;	0.999999999920562;	0.999999999981624;	0.999999999990586;	0.999999999997639;	0.999999999999448;	0.999999999999878;	0.999999999999978;	0.999999999999994;	1.000000000000001;	1.000000000000000;	0.999999999999999;	1.000000000000000;	0.999999999999998;	1.000000000000000;	0.999999999999997;	1.000000000000002;	0.999999999999998;	1.000000000000000;	0.999999999999999;	0.999999999999999;	0.999999999999999;	1.000000000000002;	1.000000000000000;	1.000000000000000;	1.000000000000000;	1.000000000000001;	1.000000000000001;	1.000000000000000;	0.999999999999999;	1.000000000000000;	1.000000000000002;	1.000000000000001;	0.999999999999999;	1.000000000000002;	0.999999999999999;	0.999999999999999;	1.000000000000000;	1.000000000000000;	0.999999999999999;	1.000000000000001;	1.000000000000000;	0.999999999999999;	1.000000000000000;	1.000000000000000;	1.000000000000003;	1.000000000000001;	1.000000000000003;	0.999999999999999;	1.000000000000001;	1.000000000000002;	1.000000000000001;	1.000000000000002;	0.999999999999998;	1.000000000000000;	1.000000000000000
0.999999999999784;	0.999999999999777;	0.999999999999795;	0.999999999999798;	0.999999999999854;	0.999999999999965;	0.999999999999995;	0.999999999999996;	1.000000000000001;	0.999999999999999;	1.000000000000002;	0.999999999999997;	1.000000000000000;	1.000000000000002;	1.000000000000004;	0.999999999999999;	0.999999999999999;	1.000000000000002;	1.000000000000002;	1.000000000000000;	1.000000000000002;	0.999999999999999;	1.000000000000000;	0.999999999999998;	1.000000000000001;	1.000000000000000;	1.000000000000002;	0.999999999999998;	1.000000000000000;	1.000000000000001;	0.999999999999998;	1.000000000000002;	1.000000000000002;	0.999999999999999;	0.999999999999998;	1.000000000000000;	1.000000000000000;	1.000000000000000;	1.000000000000000;	1.000000000000000;	1.000000000000000;	1.000000000000000;	1.000000000000000;	0.999999999999999;	1.000000000000000;	1.000000000000001;	1.000000000000001;	0.999999999999999;	1.000000000000000;	0.999999999999999;	1.000000000000001;	1.000000000000001;	1.000000000000001;	1.000000000000001;	1.000000000000000;	1.000000000000002;	1.000000000000002;	0.999999999999999;	1.000000000000000;	1.000000000000000
1.000000000000000;	1.000000000000002;	0.999999999999999;	0.999999999999997;	1.000000000000002;	0.999999999999998;	0.999999999999997;	0.999999999999998;	1.000000000000001;	1.000000000000000;	1.000000000000000;	0.999999999999997;	0.999999999999998;	1.000000000000002;	0.999999999999999;	0.999999999999998;	0.999999999999999;	0.999999999999999;	0.999999999999999;	1.000000000000000;	1.000000000000002;	0.999999999999999;	1.000000000000000;	1.000000000000001;	0.999999999999999;	1.000000000000002;	1.000000000000000;	1.000000000000001;	0.999999999999999;	0.999999999999998;	1.000000000000001;	1.000000000000003;	0.999999999999999;	1.000000000000002;	0.999999999999999;	0.999999999999999;	1.000000000000000;	1.000000000000002;	1.000000000000000;	1.000000000000000;	0.999999999999999;	0.999999999999999;	0.999999999999998;	0.999999999999999;	1.000000000000001;	0.999999999999998;	1.000000000000000;	1.000000000000000;	1.000000000000000;	1.000000000000000;	1.000000000000003;	1.000000000000000;	0.999999999999999;	1.000000000000003;	1.000000000000000;	1.000000000000001;	1.000000000000002;	1.000000000000001;	1.000000000000000;	1.000000000000000
1.000000000000002;	1.000000000000002;	0.999999999999999;	0.999999999999997;	0.999999999999999;	0.999999999999998;	1.000000000000002;	1.000000000000002;	1.000000000000004;	0.999999999999997;	1.000000000000002;	0.999999999999997;	1.000000000000001;	1.000000000000002;	0.999999999999997;	0.999999999999998;	1.000000000000001;	0.999999999999999;	1.000000000000000;	0.999999999999999;	1.000000000000000;	0.999999999999999;	1.000000000000001;	1.000000000000001;	0.999999999999999;	1.000000000000000;	1.000000000000000;	0.999999999999998;	1.000000000000000;	0.999999999999999;	0.999999999999998;	1.000000000000000;	1.000000000000000;	0.999999999999999;	0.999999999999999;	0.999999999999998;	1.000000000000000;	1.000000000000000;	1.000000000000002;	1.000000000000000;	0.999999999999999;	1.000000000000001;	0.999999999999998;	0.999999999999998;	0.999999999999999;	1.000000000000001;	1.000000000000000;	0.999999999999999;	1.000000000000000;	1.000000000000000;	1.000000000000003;	1.000000000000003;	0.999999999999999;	1.000000000000002;	1.000000000000001;	1.000000000000002;	1.000000000000003;	0.999999999999998;	1.000000000000000;	1.000000000000000
0.999999999999997;	1.000000000000002;	0.999999999999999;	0.999999999999997;	1.000000000000000;	0.999999999999999;	1.000000000000001;	0.999999999999998;	1.000000000000000;	1.000000000000002;	1.000000000000002;	1.000000000000000;	1.000000000000000;	1.000000000000002;	1.000000000000000;	0.999999999999998;	1.000000000000001;	0.999999999999999;	0.999999999999999;	1.000000000000000;	1.000000000000000;	0.999999999999998;	1.000000000000000;	0.999999999999999;	0.999999999999999;	1.000000000000000;	1.000000000000002;	1.000000000000001;	1.000000000000000;	0.999999999999999;	0.999999999999999;	1.000000000000002;	1.000000000000000;	0.999999999999998;	0.999999999999999;	0.999999999999999;	1.000000000000000;	1.000000000000002;	1.000000000000000;	1.000000000000000;	0.999999999999999;	1.000000000000001;	0.999999999999998;	0.999999999999998;	0.999999999999999;	1.000000000000001;	1.000000000000002;	0.999999999999999;	1.000000000000000;	1.000000000000000;	1.000000000000002;	1.000000000000003;	0.999999999999999;	1.000000000000003;	1.000000000000001;	1.000000000000002;	1.000000000000002;	0.999999999999999;	1.000000000000000;	0.999999999999999
1.000000000000000;	1.000000000000001;	0.999999999999999;	1.000000000000000;	1.000000000000000;	0.999999999999999;	0.999999999999997;	0.999999999999998;	0.999999999999999;	0.999999999999999;	0.999999999999999;	0.999999999999999;	0.999999999999998;	1.000000000000000;	1.000000000000000;	0.999999999999999;	0.999999999999999;	1.000000000000002;	0.999999999999999;	1.000000000000001;	1.000000000000000;	0.999999999999998;	1.000000000000003;	1.000000000000000;	1.000000000000001;	0.999999999999999;	0.999999999999999;	1.000000000000000;	1.000000000000002;	0.999999999999998;	0.999999999999999;	1.000000000000001;	1.000000000000001;	1.000000000000001;	0.999999999999999;	0.999999999999999;	0.999999999999999;	1.000000000000000;	1.000000000000000;	1.000000000000001;	0.999999999999999;	1.000000000000001;	1.000000000000002;	0.999999999999999;	0.999999999999999;	1.000000000000000;	0.999999999999999;	1.000000000000001;	1.000000000000000;	1.000000000000000;	1.000000000000003;	1.000000000000003;	1.000000000000000;	1.000000000000003;	1.000000000000001;	1.000000000000002;	1.000000000000002;	0.999999999999999;	0.999999999999999;	0.999999999999999
1.000000000000000;	1.000000000000005;	0.999999999999999;	0.999999999999993;	1.000000000000002;	0.999999999999997;	0.999999999999997;	0.999999999999998;	0.999999999999997;	1.000000000000003;	0.999999999999999;	0.999999999999999;	1.000000000000001;	1.000000000000001;	1.000000000000000;	1.000000000000003;	0.999999999999999;	1.000000000000001;	0.999999999999997;	1.000000000000000;	1.000000000000000;	0.999999999999999;	1.000000000000001;	1.000000000000002;	0.999999999999998;	0.999999999999999;	1.000000000000001;	0.999999999999997;	0.999999999999999;	0.999999999999999;	0.999999999999997;	1.000000000000001;	1.000000000000002;	0.999999999999999;	0.999999999999997;	1.000000000000002;	0.999999999999999;	1.000000000000000;	1.000000000000001;	1.000000000000001;	0.999999999999999;	1.000000000000001;	1.000000000000000;	1.000000000000000;	1.000000000000001;	1.000000000000002;	1.000000000000001;	1.000000000000002;	0.999999999999999;	0.999999999999999;	1.000000000000002;	1.000000000000001;	0.999999999999998;	1.000000000000001;	1.000000000000001;	1.000000000000001;	1.000000000000002;	0.999999999999998;	0.999999999999999;	1.000000000000000
1.000000000000000;	1.000000000000008;	0.999999999999999;	0.999999999999992;	1.000000000000002;	0.999999999999998;	0.999999999999998;	0.999999999999998;	0.999999999999997;	1.000000000000004;	1.000000000000002;	0.999999999999995;	0.999999999999997;	1.000000000000000;	1.000000000000000;	0.999999999999998;	0.999999999999999;	0.999999999999999;	1.000000000000000;	0.999999999999999;	1.000000000000000;	0.999999999999999;	1.000000000000001;	0.999999999999999;	0.999999999999998;	1.000000000000002;	1.000000000000002;	0.999999999999999;	1.000000000000003;	0.999999999999998;	0.999999999999997;	1.000000000000001;	1.000000000000003;	0.999999999999999;	0.999999999999997;	1.000000000000000;	1.000000000000001;	1.000000000000001;	1.000000000000000;	1.000000000000000;	1.000000000000000;	1.000000000000000;	1.000000000000000;	0.999999999999999;	0.999999999999999;	1.000000000000002;	1.000000000000000;	1.000000000000000;	0.999999999999999;	1.000000000000000;	1.000000000000002;	1.000000000000001;	0.999999999999999;	1.000000000000001;	1.000000000000003;	1.000000000000002;	1.000000000000002;	0.999999999999999;	1.000000000000000;	1.000000000000000
1.000000000000000;	1.000000000000000;	1.000000000000000;	1.000000000000000;	1.000000000000000;	1.000000000000000;	1.000000000000000;	1.000000000000000;	1.000000000000000;	1.000000000000000;	1.000000000000000;	1.000000000000000;	1.000000000000000;	1.000000000000000;	1.000000000000000;	1.000000000000000;	1.000000000000000;	1.000000000000000;	1.000000000000000;	1.000000000000000;	1.000000000000000;	1.000000000000000;	1.000000000000000;	1.000000000000000;	1.000000000000000;	1.000000000000000;	1.000000000000000;	1.000000000000000;	1.000000000000000;	1.000000000000000;	1.000000000000000;	1.000000000000000;	1.000000000000000;	1.000000000000000;	1.000000000000000;	1.000000000000000;	1.000000000000000;	1.000000000000000;	1.000000000000000;	1.000000000000000;	1.000000000000000;	1.000000000000000;	1.000000000000000;	1.000000000000000;	1.000000000000000;	1.000000000000000;	1.000000000000000;	1.000000000000000;	1.000000000000000;	1.000000000000000;	1.000000000000000;	1.000000000000000;	1.000000000000000;	1.000000000000000;	1.000000000000000;	1.000000000000000;	1.000000000000000;	1.000000000000000;	1.000000000000000;	1.000000000000000
