0.348397617555110;	0.000000000006664;	0.000000000009338;	0.050727754944757;	0.037313913232626;	0.085425129657109;	0.113181047280592;	0.076583677111699;	0.016844509362026;	0.016574533411881;	0.016010145170820;	0.016034952016319;	0.015812417556654;	0.015774679235032;	0.015950656004468;	0.016718604284876;	0.017315591656636;	0.017889732732189;	0.018968928968749;	0.020550464721652;	0.022370279609241;	0.024234401512331;	0.024757572785118;	0.026725935529623;	0.029303773285878;	0.031816356241905;	0.033799580373251;	0.036357351415169;	0.036328071961083;	0.039043813304806;	0.042300749331012;	0.044702391402719;	0.047405147750533;	0.050691939314259;	0.053916172737184;	0.057186705100571;	0.060361015356434;	0.062927116552042;	0.065390591981028;	0.066517248406243;	0.069045865043378;	0.071021102091215;	0.072436638535803;	0.074325705269184;	0.075812132752045;	0.079107553126775;	0.083451723102153;	0.086793424586177;	0.091393957551588;	0.094147058208184;	0.098640339712734;	0.104312462374098;	0.112633993208582;	0.121091399781119;	0.130593652927704;	0.144419347013916;	0.159824717523154;	0.190284682335288;	0.223698224553515;	0.410709109924035
0.351110812395406;	0.001893788357173;	0.001570756863132;	0.050951122487673;	0.037505565975461;	0.085602884493638;	0.113365028747329;	0.076733087236412;	0.016985491062725;	0.016721874941154;	0.016159714362459;	0.016191332279335;	0.015970585806616;	0.015935955508639;	0.016115020731437;	0.016896003408710;	0.017499532586016;	0.018078387710892;	0.019170373292993;	0.020767652412970;	0.022601099120380;	0.024479899053408;	0.025006734776061;	0.026991666972648;	0.029587528529547;	0.032115661626783;	0.034108950728609;	0.036683232877632;	0.036650567365650;	0.039382972086099;	0.042658833204191;	0.045073902870870;	0.047790662902376;	0.051094725633167;	0.054334933682222;	0.057620721936375;	0.060809097871433;	0.063386972755542;	0.065861377845638;	0.066989377990846;	0.069526582036014;	0.071508931751737;	0.072934890016666;	0.074833486805788;	0.076323397887374;	0.079631410011379;	0.083989714460068;	0.087344733228490;	0.091955960050734;	0.094711314405904;	0.099218004943022;	0.104903528288286;	0.113237143807372;	0.121706734837175;	0.131219620893274;	0.145053747006100;	0.160462049237989;	0.190917370568757;	0.224322685265101;	0.412257808803610
0.351812952896204;	0.002396319141035;	0.001976718452738;	0.051342119927657;	0.037830469843932;	0.085892015119490;	0.113655139259520;	0.076967876831768;	0.017516063128442;	0.016943171699923;	0.016379692414423;	0.016416890259777;	0.016194511575752;	0.016160270348237;	0.016339750632776;	0.017134877823771;	0.017743049468318;	0.018324240386794;	0.019429073813445;	0.021042272452107;	0.022887962340180;	0.024780401045059;	0.025307747979202;	0.027308338441720;	0.029921131087439;	0.032463150359065;	0.034464144302074;	0.037053556715395;	0.037013795315765;	0.039760935008834;	0.043053516933966;	0.045479539281256;	0.048207472993345;	0.051525574183845;	0.054778161738039;	0.058075289553160;	0.061273572885115;	0.063858934383454;	0.066339862856211;	0.067464319026854;	0.070005286267330;	0.071989613221203;	0.073420851808816;	0.075329000544304;	0.076824376442608;	0.080146651414996;	0.084520802233182;	0.087890661053553;	0.092513190568302;	0.095270672824858;	0.099790427731332;	0.105489056468868;	0.113834707808267;	0.122316625859968;	0.131840637603467;	0.145684041659718;	0.161097318521756;	0.191553478699479;	0.224958331925860;	0.413016857094668
0.352588944120455;	0.003146662464131;	0.002576201892615;	0.056701649258124;	0.038224652052400;	0.086238532055916;	0.114001421656372;	0.077254605445160;	0.017780763532509;	0.017212465183462;	0.016648922670888;	0.016694912138492;	0.016472395398431;	0.016440262581876;	0.016621290617209;	0.017435420709352;	0.018049986427369;	0.018634848272754;	0.019756928118516;	0.021390904014652;	0.023252010469617;	0.025162241711734;	0.025691338618996;	0.027712688581782;	0.030347838099128;	0.032908106899355;	0.034918975301336;	0.037528345489936;	0.037480856050095;	0.040247788476474;	0.043562957937718;	0.046005235513193;	0.048749832512723;	0.052088314990487;	0.055359572281553;	0.058674479141400;	0.061889250709389;	0.064488600462769;	0.066982935034003;	0.068107357150535;	0.070658686393260;	0.072651515174736;	0.074096919925526;	0.076018137069245;	0.077518100657550;	0.080856581141626;	0.085249998737563;	0.088639479085835;	0.093279435254971;	0.096044198127263;	0.100588517398244;	0.106314830459174;	0.114690736108346;	0.123208978517310;	0.132774939561711;	0.146667608585132;	0.162137902070333;	0.192671421880636;	0.226150443750577;	0.416359428572513
0.354748789142291;	0.004317097804171;	0.003519009363199;	0.057375112483264;	0.051375614164504;	0.086728760438838;	0.114488952699574;	0.077664013705737;	0.018181180187262;	0.017996738927096;	0.017024910896683;	0.017077024666450;	0.016848600206958;	0.016814589447817;	0.016994114863454;	0.017830883968044;	0.018450776510037;	0.019038039499849;	0.020180850408272;	0.021839718307878;	0.023717979537841;	0.025649398328336;	0.026180367679041;	0.028227676734996;	0.030891007548332;	0.033474393952500;	0.035496986608303;	0.038131636737590;	0.038075276569586;	0.040867313734810;	0.044211144974527;	0.046675314402772;	0.049442386669709;	0.052807988207778;	0.056137998242765;	0.059585917517711;	0.062939666887637;	0.065662721417009;	0.068251761143751;	0.069432816067363;	0.072057553231552;	0.074115008591613;	0.075633246092861;	0.077624426409261;	0.079174417720165;	0.082590884427860;	0.087073155958556;	0.090554382506784;	0.095285204468473;	0.098113412835868;	0.102762028832935;	0.108590170412543;	0.117060865018922;	0.125668591965146;	0.135311050292271;	0.149266290085521;	0.164777586256633;	0.195376786091835;	0.228909741601408;	0.422903198213276
0.359066319977409;	0.007511146070808;	0.006196506118885;	0.058508859855846;	0.052355096792863;	0.097764749439396;	0.115403112218015;	0.078451442153384;	0.019110779482227;	0.018806990397699;	0.018304443540341;	0.018503558181546;	0.017668886855977;	0.017651098993358;	0.017845736481819;	0.018751186247806;	0.019401989644919;	0.020013198245782;	0.021223397840635;	0.022962014405416;	0.024903664975668;	0.026909043350637;	0.027462856695629;	0.029597299140077;	0.032356696776591;	0.035024347811888;	0.037100547155960;	0.039826340224163;	0.039763690950701;	0.042648034925032;	0.046095941622604;	0.048645043220918;	0.051499848787789;	0.054966777626149;	0.058361928471450;	0.061805864840486;	0.065151696301478;	0.067876183831784;	0.070497655549296;	0.071676488457155;	0.074345137402144;	0.076445918820118;	0.078033715748683;	0.080099746591186;	0.081696760996677;	0.085196786920717;	0.089779838786081;	0.093362272567340;	0.098188477696392;	0.101063768092123;	0.105820228477795;	0.111766012957783;	0.120366469465433;	0.129105863342556;	0.138875388681741;	0.152951558615761;	0.168562234258962;	0.199333968241243;	0.233026095028609;	0.434633469894149
0.363526989698444;	0.011183327455472;	0.009114274414907;	0.065417099902714;	0.061322741085613;	0.099338940045838;	0.131520789719026;	0.079785134784347;	0.020465622872330;	0.020350691837464;	0.019547019766604;	0.019776027227989;	0.019574777476151;	0.018824202721091;	0.019009593975206;	0.019992583981730;	0.020658011282665;	0.021278062424350;	0.022554652622140;	0.024375258994506;	0.026374255766693;	0.028455332599608;	0.029028071690047;	0.031259805152306;	0.034128946099354;	0.036893666853256;	0.039028199628323;	0.041861973913307;	0.041796735604104;	0.044793187935860;	0.048368865589260;	0.051030575670401;	0.054003165457562;	0.057604867447889;	0.061145705990390;	0.064759167043383;	0.068265394279684;	0.071128612904004;	0.073875523276689;	0.075095374628501;	0.077859706727292;	0.080037737869090;	0.081729354372045;	0.083902705872259;	0.085559613283073;	0.089175162894253;	0.093898612730634;	0.097617614313639;	0.102580943885642;	0.105507855700199;	0.110403592178839;	0.116498296348864;	0.125270970735525;	0.134175706844053;	0.144102165522688;	0.158326924486157;	0.174050296570120;	0.205091570776960;	0.239053337659425;	0.454290064688353
0.371104312171576;	0.019935780077500;	0.014415320461229;	0.068707088505220;	0.068890108565176;	0.111261200241641;	0.135240953557739;	0.107962459086546;	0.055698860694499;	0.022423239671179;	0.021958250771797;	0.022346559631660;	0.021768266858369;	0.021544217420853;	0.021771077286622;	0.022030826306578;	0.022729748805912;	0.023372176997809;	0.024790560123420;	0.026750290131373;	0.028842468956553;	0.031043175741150;	0.031640730447987;	0.034023525707026;	0.037062191918308;	0.039971046504040;	0.042178227529288;	0.045162794887011;	0.045068574126477;	0.048214267464754;	0.051958520751405;	0.054764896892908;	0.057884704333170;	0.061651464899539;	0.065347309526567;	0.069110072680555;	0.072765227494924;	0.075767604661753;	0.078659916732939;	0.079915808578622;	0.082805649166814;	0.085082288437462;	0.086910164038250;	0.089233093361422;	0.090973488662444;	0.094746478431798;	0.099663118534665;	0.103564598372383;	0.108726855257207;	0.111704803655093;	0.116780671370851;	0.123067760690282;	0.132079035213087;	0.141197941661216;	0.151321738220087;	0.165727509491576;	0.181565348116255;	0.213006224306155;	0.247385660679759;	0.488837395677245
0.379632647140709;	0.031103332249518;	0.024182302931929;	0.078099118236249;	0.081674146487979;	0.118728699399351;	0.151641088746475;	0.123041837646072;	0.074714577976890;	0.063389559406337;	0.067045091827476;	0.026048149020041;	0.025172483505555;	0.024867492079536;	0.025119423974008;	0.025918630094269;	0.026721727481612;	0.027458328094429;	0.027872623605745;	0.030012849405498;	0.032218250751148;	0.034596417542979;	0.035224698478508;	0.037809071929658;	0.041076972518814;	0.044180194725762;	0.046477500124848;	0.049662446465935;	0.049522875635094;	0.052863212802698;	0.056825856302515;	0.059826646180205;	0.063144456469184;	0.067126407914030;	0.071026598673035;	0.074988070519533;	0.078840460719509;	0.082026632011412;	0.085112117330330;	0.086411316746657;	0.089471878818423;	0.091872179809170;	0.093867978287220;	0.096384631778444;	0.098228662773841;	0.102196666766214;	0.107356170344957;	0.111476497962079;	0.116902603662861;	0.119887364263293;	0.125169501436251;	0.131680026011792;	0.141001100120909;	0.150378019636294;	0.160734795532196;	0.175351200376344;	0.191293237626435;	0.223320001485734;	0.258347747978363;	0.550248278724835
0.390706780644243;	0.047473242974969;	0.038298090854475;	0.090839941380958;	0.095878565790600;	0.131629172184465;	0.166413815277704;	0.148061768290275;	0.104848450899292;	0.096329005518202;	0.104014541067158;	0.076696993861075;	0.078909127923003;	0.029757481727433;	0.030036789984702;	0.030905939022381;	0.031798859395483;	0.032614798288428;	0.033547362241838;	0.036029906974088;	0.038444409839414;	0.039427733656459;	0.040086146403255;	0.042929749290517;	0.046498497284729;	0.049857083534864;	0.052263049685907;	0.055708606401161;	0.055431852191089;	0.059014190103979;	0.063247138855517;	0.066498899825009;	0.070071531835320;	0.074321107677128;	0.078477217326932;	0.082689684662553;	0.086793475360844;	0.090215618623427;	0.093551569381423;	0.094903966440322;	0.098193793357480;	0.100745151819196;	0.102943148170562;	0.105708885098665;	0.107685531364967;	0.111894667842329;	0.117358553032691;	0.121739239404850;	0.127518457827716;	0.130361391155761;	0.135871418595818;	0.142631042558520;	0.152342384342568;	0.162013437926450;	0.172623434722441;	0.187457304018537;	0.203448863331221;	0.236267661063773;	0.272207966707393;	0.608606189198872
0.403553615874763;	0.068805147214421;	0.057237702463299;	0.108717070066891;	0.117088561265664;	0.146710979115932;	0.185084763673547;	0.175203003956718;	0.137200219118714;	0.134441480198293;	0.145810484278603;	0.126439380989798;	0.131565363604326;	0.089225384840676;	0.091520822588653;	0.097655227878100;	0.039278079425613;	0.040206921016265;	0.040567961230941;	0.043530349274348;	0.046159541458872;	0.047660920813508;	0.048456387482216;	0.051722641288964;	0.055807194778054;	0.059605511000226;	0.062200284786701;	0.066025229742315;	0.063153649258736;	0.067028158453955;	0.071584431299295;	0.075150852095522;	0.079039147360407;	0.083605006732094;	0.088063329690916;	0.092572535655580;	0.096974848692289;	0.100676565836836;	0.104310935787155;	0.105706576080380;	0.109271957227982;	0.111997005267192;	0.114402669923969;	0.117448624249465;	0.119556931046099;	0.124016564283587;	0.129807084649922;	0.134438980921360;	0.140625704307862;	0.143463497241111;	0.149208054622654;	0.156231875599981;	0.166431668412624;	0.176435769145279;	0.187322887923507;	0.202389585568194;	0.218369506928961;	0.252287560378700;	0.289557999389449;	0.665401149876140
0.418239428295330;	0.095706175216787;	0.081566782680045;	0.131416104172587;	0.143435071711486;	0.169100933247780;	0.207178675994368;	0.205767423217777;	0.172721529904664;	0.175603427774352;	0.190438227886070;	0.178689070290902;	0.186943038859142;	0.154092271876066;	0.158948125141445;	0.170703654681196;	0.115124040361602;	0.117648484094561;	0.122396839440519;	0.053899635444770;	0.056750911424442;	0.057449135829372;	0.058348154992121;	0.062060194823083;	0.066706127206806;	0.071785741760219;	0.074613280971858;	0.078922795121454;	0.075815638562825;	0.080100385253837;	0.085120184213186;	0.089183770958104;	0.093562761791618;	0.098596275464444;	0.103508327085113;	0.108471970112404;	0.113342541874562;	0.117490207559343;	0.121609472653693;	0.123150182537081;	0.127186128490482;	0.129715211040935;	0.132397853748678;	0.135858062994167;	0.138209014499211;	0.143026749670565;	0.149300950605219;	0.154283258516341;	0.161115606909797;	0.158806375034540;	0.164699301135844;	0.171900213777191;	0.182571891628587;	0.192818906756707;	0.203867618698339;	0.219026795952147;	0.234778424959603;	0.269826112347449;	0.308520540626100;	0.725988887404439
0.434625440397782;	0.125864861007312;	0.111918253922710;	0.159358441316617;	0.174913011929987;	0.196253269201301;	0.238301448369690;	0.246642763709217;	0.211654592950687;	0.220006728457351;	0.237793446245878;	0.233256429372662;	0.243714389090852;	0.220488834223269;	0.227493915232203;	0.244634807174540;	0.201521787638300;	0.205994882535736;	0.214928616250830;	0.149712882111550;	0.155299504909390;	0.158461411074766;	0.162463054313045;	0.169792979314229;	0.176359205145127;	0.086658260378212;	0.089607872404901;	0.094328328410834;	0.090114352802222;	0.094765941137632;	0.100195466638832;	0.104730114761266;	0.109566505323367;	0.114993569113354;	0.120285274945510;	0.125628022399181;	0.130892112025987;	0.135406066433507;	0.139929124103130;	0.141506332641993;	0.145959190811355;	0.153105248500475;	0.156188553505845;	0.160276721365546;	0.163055919051991;	0.168430777252651;	0.175431233852788;	0.180916592047386;	0.188786314912937;	0.184157670003296;	0.190415874261259;	0.198059952026505;	0.209750058971905;	0.220641957951416;	0.232238140816395;	0.247916381534524;	0.263681148753617;	0.301252183754788;	0.343173700934331;	0.790590323637127
0.452733786987604;	0.158768129674795;	0.145450583182733;	0.193331750650887;	0.211847145059494;	0.228402228531092;	0.274444803483291;	0.291689971369050;	0.261191110007546;	0.267508832277018;	0.287652961079782;	0.289614246712370;	0.302004824848927;	0.287102933551991;	0.295672599599381;	0.317212904016428;	0.286300964433912;	0.292267378897263;	0.305389364952475;	0.258225575915488;	0.266593173572669;	0.272159534126067;	0.279318784857003;	0.290333716756186;	0.298936331287401;	0.213662001235575;	0.219439468478082;	0.227404818058677;	0.225917332359879;	0.234022808425287;	0.243639318458417;	0.251421510948773;	0.259162172534198;	0.269317068413546;	0.278896824411560;	0.288318074000722;	0.297451560788743;	0.306016865317192;	0.314586821660772;	0.319781209022136;	0.325369967155611;	0.175218327633559;	0.178358981366929;	0.182753199565377;	0.185641349321332;	0.191219513984381;	0.198549764750057;	0.204108202211825;	0.212622601010032;	0.207949831712376;	0.214305359270078;	0.222137918176468;	0.234626931108334;	0.245932679700467;	0.257877095679264;	0.273920615631075;	0.289617348713155;	0.329477617299831;	0.374563371623559;	0.858418018078604
0.472522519569564;	0.194395228268697;	0.181710927718525;	0.230060396401359;	0.254991911472104;	0.266014471376102;	0.316013157638518;	0.341083031173414;	0.314530151543390;	0.326468714814852;	0.348050982441788;	0.348170547647715;	0.361671628387949;	0.353581712139005;	0.362990347445904;	0.388123170224767;	0.367513203214049;	0.374332311763824;	0.390556883250534;	0.360755273242603;	0.370932964399181;	0.378679749328010;	0.387948578406559;	0.401647126278766;	0.411836805749576;	0.351730015950679;	0.359819836641233;	0.370598282106752;	0.371725986850114;	0.382729444985008;	0.395806642627398;	0.406217640620153;	0.416230032708656;	0.430056069622704;	0.442844819446701;	0.455209250603457;	0.467029418110982;	0.478317565923602;	0.489504314870577;	0.496667272458177;	0.502535028652766;	0.390332573087520;	0.404553689146575;	0.417184060597407;	0.428416064806542;	0.443512127104875;	0.460996612937759;	0.481869499108232;	0.496762324884131;	0.504245593725743;	0.530204206881731;	0.558230213554542;	0.582769967210906;	0.615768848510681;	0.653359511981536;	0.697197691643197;	0.750890883949071;	0.792151943566515;	0.827702164662227;	0.911902034677542
0.493980388038619;	0.232547202543155;	0.220544016599002;	0.269066640473275;	0.300249401987344;	0.309761127370539;	0.363150528625810;	0.395115229627029;	0.371465903905971;	0.388777059860107;	0.410448690837284;	0.416802358567469;	0.430503570790921;	0.420538549816747;	0.430066733848903;	0.457863040697889;	0.444534420988706;	0.451518273756645;	0.470045210601499;	0.454661151942922;	0.465133337622514;	0.474398749165677;	0.484596849364010;	0.499883179753021;	0.511122094393183;	0.473875376672851;	0.482780598950984;	0.495115150649929;	0.497657607982828;	0.510117034868159;	0.524886667293063;	0.536554909314481;	0.547557188641232;	0.562894760983299;	0.576854665472012;	0.590158912416643;	0.602711952299993;	0.614623977214253;	0.626292723870114;	0.632950473446301;	0.638259565824420;	0.583368453087994;	0.602445589338820;	0.617910444695580;	0.631374756875507;	0.648783368742202;	0.668214940269259;	0.692075170823852;	0.706022597890056;	0.714871227254190;	0.741036586200728;	0.766719106630892;	0.785262659684452;	0.809030855767812;	0.831812804504816;	0.854525184771289;	0.879584882079363;	0.897516305069917;	0.911187578853960;	0.954340052172138
0.517051215277988;	0.273068747357361;	0.261756625035440;	0.310048131267130;	0.346848768721636;	0.355421698588937;	0.411657004556224;	0.454134759688433;	0.432257013149247;	0.454035965361790;	0.474259308996863;	0.486258380576603;	0.498853606574180;	0.495688111143657;	0.504490441480851;	0.533565301391909;	0.518555173151781;	0.525006084441831;	0.544962583156410;	0.540734802330712;	0.549346726675789;	0.559570448606829;	0.569606219546084;	0.585513772997732;	0.597297519880674;	0.577578278396026;	0.585264068154199;	0.597987869330671;	0.600761154576712;	0.613398005632991;	0.628318347741081;	0.640057360923406;	0.650959958532776;	0.666037118236239;	0.679542089985509;	0.692229709253408;	0.704037465817854;	0.715042245310450;	0.725681124410240;	0.730120935222331;	0.734356387048829;	0.714842775153027;	0.732345972142045;	0.745713255971677;	0.756160913805887;	0.770082685437370;	0.785285656119802;	0.803188723647833;	0.811918914431552;	0.815661481084301;	0.831739621906310;	0.846307738874739;	0.855662676666264;	0.868324311713787;	0.880750943622036;	0.894784192155273;	0.912074151057604;	0.926917553998792;	0.938707076225029;	0.970215552108845
0.541657248785399;	0.315729257747825;	0.305118161552126;	0.352719135948595;	0.394278171433786;	0.402184027197774;	0.460609845635220;	0.512070785395534;	0.497159407638206;	0.522180586669349;	0.539413443536977;	0.555800142706415;	0.566009829307317;	0.568596415040682;	0.575418753593319;	0.604557665891288;	0.597466905911758;	0.602641088025467;	0.622836834125989;	0.626564070608716;	0.625615904763527;	0.636274359898594;	0.645120798426286;	0.660809826421702;	0.672625490631325;	0.665083576313855;	0.669797255985245;	0.682058437471370;	0.684181759010200;	0.696123791825279;	0.710146043534001;	0.721154173192072;	0.731250078289033;	0.744954551694123;	0.757037151254524;	0.768226097232428;	0.778490364841251;	0.787818602890946;	0.796702550495363;	0.797255720591702;	0.800320721487468;	0.797330282812996;	0.810571586853416;	0.820133410831598;	0.826029620106899;	0.835230907750573;	0.845408611759549;	0.857018681637891;	0.861878227903722;	0.862902267215172;	0.873193157572633;	0.882916901130211;	0.889529649781468;	0.898984966459476;	0.908711137913489;	0.920288383259674;	0.934615646431803;	0.947775258360750;	0.958192503571209;	0.982090976709617
0.567686996563199;	0.360249937234831;	0.350343079748158;	0.396750936530128;	0.442064020951323;	0.449527869251079;	0.509399172118874;	0.567644965588447;	0.559082260763409;	0.586162120621199;	0.606204451422231;	0.625510159484254;	0.631813250293810;	0.638538581990428;	0.642375238855471;	0.670541667986632;	0.669593491324247;	0.672429674894586;	0.691959550894619;	0.700638569647831;	0.703001736745799;	0.713589359143499;	0.720194477184288;	0.734848894330888;	0.746057044568163;	0.746172629548424;	0.740391745901933;	0.751597626024116;	0.752378550489186;	0.763095376673434;	0.775583743859164;	0.785357314662430;	0.794236922123048;	0.806012713808769;	0.816259563332933;	0.825637664226537;	0.834141745742951;	0.841692555044262;	0.848800912561000;	0.845404835707917;	0.847611581738621;	0.850202529452984;	0.859491983944963;	0.866042171985739;	0.868586710993646;	0.874886433835884;	0.882232626734068;	0.890590991946259;	0.894165484697982;	0.895157611507507;	0.903129846491836;	0.910945935397127;	0.916715382686850;	0.924630814545432;	0.932755744989430;	0.942391567863334;	0.953858028746773;	0.964373103663215;	0.972446415616174;	0.989730283408104
0.594994684188299;	0.406298696236633;	0.397093434835187;	0.441777017746201;	0.489728613129895;	0.496977323309033;	0.557479366329167;	0.620146237434640;	0.616760263946699;	0.644790996846196;	0.666900512292142;	0.687763399545124;	0.696981911112230;	0.706176841641734;	0.705409892252352;	0.731693242770473;	0.734767493670232;	0.734792539934971;	0.752996712441948;	0.764188380118478;	0.768745565812531;	0.778651078505037;	0.782091742899236;	0.795126868307822;	0.805320610663847;	0.809534811244294;	0.808326286946929;	0.818175519449741;	0.817154646595074;	0.826534590776987;	0.837221553506617;	0.845411121059014;	0.852882758808202;	0.862502087023565;	0.870833412123657;	0.878399847118015;	0.885188710673373;	0.891103651480468;	0.896547143370199;	0.884242060062768;	0.886243399053537;	0.890058077146343;	0.896955686791517;	0.901958358827851;	0.902681582519388;	0.907769489496326;	0.913729559523271;	0.920286704778572;	0.923568415356429;	0.925072788971543;	0.931403971842990;	0.937610254130451;	0.942481684644404;	0.948680066072668;	0.954930471671356;	0.962212963917043;	0.970416158741310;	0.977416593027430;	0.982597252650940;	0.994760375789557
0.623397469019473;	0.453490051630360;	0.444979131444928;	0.487398517110981;	0.536799508286388;	0.544051904598304;	0.604329923608844;	0.669075859071444;	0.669646224929259;	0.697638944045761;	0.720640760085915;	0.741905975246816;	0.753248410766810;	0.763517080625646;	0.766066216363941;	0.789780243203797;	0.794953709281364;	0.790438368514918;	0.806809728469146;	0.818588794819491;	0.823982305536109;	0.832740142588824;	0.833295492771468;	0.844448580579673;	0.853417783150739;	0.859324927563488;	0.860555309114665;	0.868665792060930;	0.865285831947863;	0.872972452127352;	0.881577696928202;	0.888083383797858;	0.894012366825937;	0.901417573653077;	0.907781182279408;	0.913507755934441;	0.918591460520977;	0.922921904855970;	0.926850369974489;	0.924365514478952;	0.926533218635810;	0.930032224402319;	0.934711508522992;	0.938197188076632;	0.937067241170160;	0.940908722350168;	0.945109512564096;	0.949408787994403;	0.951883901182917;	0.953052274619390;	0.957249399925307;	0.961368797268915;	0.964761041418175;	0.968868229927236;	0.973007618352335;	0.977825236549191;	0.982979735334037;	0.986779606502876;	0.989510642720765;	0.997892715177055
0.652672660598851;	0.501384220580087;	0.493556936780047;	0.533186965102722;	0.582821435002648;	0.590273601851711;	0.649463222364531;	0.714086461468458;	0.717494055092929;	0.744622422801578;	0.767442440932152;	0.788200246534662;	0.800497781473760;	0.810818527785891;	0.815645368544290;	0.836330552154167;	0.842257258058822;	0.842232368429668;	0.856458923614687;	0.867516523969870;	0.872578895955076;	0.879908442931712;	0.875840453290310;	0.885037367704988;	0.892657616512661;	0.898696794238574;	0.900744876794305;	0.907089045639876;	0.902277141364052;	0.908282387884015;	0.914921005113081;	0.919981847466149;	0.924574957265937;	0.930117085404294;	0.934867534472516;	0.939133684621058;	0.942924610588093;	0.946138426898310;	0.949072795626974;	0.948451881032044;	0.950105103545743;	0.952583515262532;	0.955707194726575;	0.958129991029378;	0.955678129457320;	0.958470864859114;	0.961551376785643;	0.964647239765490;	0.966556929575489;	0.967591258321864;	0.970637599991486;	0.973645135855451;	0.976204401094440;	0.979201690921829;	0.982191777538128;	0.985636845651925;	0.989238511292350;	0.991921165529743;	0.993835285418631;	0.999490493297958
0.682557514245103;	0.549490828126836;	0.542331962581724;	0.578688273236775;	0.627366546456447;	0.635181836065659;	0.692439034018990;	0.754979471086065;	0.760258146277494;	0.785877716736476;	0.807688206419084;	0.827277483958553;	0.839569714201846;	0.849275499733024;	0.855094068990974;	0.872681090181376;	0.878542948168743;	0.881265410413587;	0.893226822051636;	0.902866687882907;	0.907214177254752;	0.913157219618773;	0.914113421082215;	0.921396983458326;	0.927639694983905;	0.933017984467192;	0.934854266879241;	0.939530019770722;	0.931639447803699;	0.936178514118882;	0.941150576798558;	0.945090673029576;	0.948644169617760;	0.952740035314674;	0.956260323176591;	0.959428249436914;	0.962267878929644;	0.964700872320958;	0.966956226404503;	0.966829231081498;	0.968166723594520;	0.969956002112565;	0.972123471575268;	0.973903458127423;	0.970738269137997;	0.972778980164339;	0.975022336626818;	0.977207229495948;	0.978672632855963;	0.979520523774029;	0.981586882721254;	0.983613887165746;	0.985392362454270;	0.987369328097572;	0.989299258954857;	0.991470436074097;	0.993678245853127;	0.995370888804518;	0.996561881226878;	0.999849727814612
0.712753795794132;	0.597282223253481;	0.590773025583860;	0.623434579771587;	0.670043875429184;	0.678342511259247;	0.732880513021716;	0.791697509230438;	0.798065204322272;	0.821721616211709;	0.841948302029311;	0.859943286375526;	0.871582614066853;	0.880304984245285;	0.886201357509720;	0.900896013714108;	0.906272550504559;	0.910111874163271;	0.919991716366335;	0.928056658689385;	0.931673902758887;	0.936461357885314;	0.939395832684470;	0.944947313432071;	0.949880060999799;	0.954251202090140;	0.955632275043885;	0.958949947054287;	0.957908978417188;	0.960998665263154;	0.964316450478743;	0.967207936744577;	0.969736232705009;	0.972389401994667;	0.974657123427574;	0.976684230730355;	0.978515737575309;	0.980104305073017;	0.981602210831728;	0.981411575657206;	0.982283728902472;	0.983326992405604;	0.984610052150336;	0.985739358633644;	0.982905026300472;	0.984210001761965;	0.985650045525534;	0.987012407578691;	0.987997911804522;	0.988532334384546;	0.989742224434901;	0.990921024394785;	0.991991322961204;	0.993114904414551;	0.994179816765500;	0.995333922473006;	0.996482333268488;	0.997474648029134;	0.998181028190231;	0.999963344564030
0.742929031394896;	0.644200160771641;	0.638319967743210;	0.666957424975537;	0.710512586572689;	0.719356014970178;	0.770481834271155;	0.824319138309322;	0.831177511479715;	0.852602859372682;	0.870900069912480;	0.887082933434590;	0.897686291938010;	0.905291009007954;	0.910748331830842;	0.922901849471024;	0.927639185992137;	0.931622281039096;	0.939735539721549;	0.946352635638762;	0.949359193914517;	0.953242656313105;	0.956414375674982;	0.960644216714958;	0.964533442973330;	0.968005145353887;	0.969082002421036;	0.971494825017129;	0.971950979717312;	0.974015220705374;	0.976246101613983;	0.978268179235586;	0.980013233532892;	0.981789526068340;	0.983313848302413;	0.984683959946349;	0.985931793862364;	0.987013738322445;	0.988040736931695;	0.987955817510120;	0.988576499529750;	0.989296972917183;	0.990153727872791;	0.990926981413174;	0.991531861734864;	0.992187307102479;	0.992948101915016;	0.993662288467362;	0.994215488488363;	0.994458791102977;	0.995051541959403;	0.995627069586219;	0.996174134453263;	0.996711024334646;	0.997197669275103;	0.997690660869342;	0.998169455526828;	0.998702363828632;	0.999094139408828;	0.999992771042501
0.772720556337730;	0.689667622585841;	0.684394134558387;	0.708796259461169;	0.748490514641970;	0.757871824925355;	0.805012528605237;	0.853033605982244;	0.859958768186891;	0.879043311966248;	0.895262414596923;	0.909566751532772;	0.918959956071632;	0.925460376004163;	0.930248272422526;	0.940248882504609;	0.944333467189661;	0.948006891014337;	0.954665879273761;	0.960044387792518;	0.962561126369017;	0.965732963532513;	0.968526063432525;	0.971784226275985;	0.974859631698268;	0.977602672474397;	0.978495244306144;	0.980293468648104;	0.980905680379761;	0.982379589965051;	0.983979231251256;	0.985459279026609;	0.986731577043741;	0.987996621777174;	0.989083927652149;	0.990060616870521;	0.990949600480416;	0.991716624296282;	0.992443071433925;	0.992452272696282;	0.992908004749713;	0.993412944690835;	0.993985075039260;	0.994511520404391;	0.994800153177017;	0.995239235315485;	0.995745888118936;	0.996210725252067;	0.996582933368916;	0.996768978480486;	0.997147930147135;	0.997514051599390;	0.997865032601884;	0.998199100450339;	0.998497395899050;	0.998795097430863;	0.999074990403499;	0.999370220116647;	0.999578151116716;	0.999999649130906
0.801739749446089;	0.733098954243844;	0.728411131459287;	0.748511204598188;	0.783756916104144;	0.793600587844192;	0.836324715056916;	0.878110123767832;	0.884830300340629;	0.901582872394762;	0.915722537251501;	0.928181570755489;	0.936330740571289;	0.941813060085665;	0.945881313575346;	0.954075067687492;	0.957551200674152;	0.960751238794469;	0.966197491253025;	0.970533683912381;	0.972639097026117;	0.975217715459536;	0.977507605194385;	0.980020781947875;	0.982431668126182;	0.984568710688341;	0.985312306373581;	0.986648809303588;	0.987189621129110;	0.988260151349015;	0.989415199745981;	0.990492753629422;	0.991412350589141;	0.992303210329596;	0.993065976253798;	0.993747699241880;	0.994365032900747;	0.994893184327907;	0.995389856512460;	0.995437508190273;	0.995756098338711;	0.996095164810110;	0.996462933696829;	0.996806109278470;	0.997019484667991;	0.997300169918425;	0.997619545339664;	0.997904598606375;	0.998140180630485;	0.998266829992818;	0.998490107078186;	0.998703635646556;	0.998909623478689;	0.999098093461089;	0.999262412904420;	0.999421593661630;	0.999565383328930;	0.999715885374894;	0.999818144649485;	0.999999982127234
0.829590750444283;	0.773934757704180;	0.769807150076150;	0.785692219393686;	0.816153183660777;	0.826319370961903;	0.864358802091565;	0.899866255841975;	0.906223638360063;	0.920735554170006;	0.932881543029449;	0.943588243927470;	0.950534314290617;	0.955111196338346;	0.958494306544321;	0.965161643725429;	0.968081699710060;	0.970775323817291;	0.975185317954400;	0.978634273305765;	0.980368517189651;	0.982430729680762;	0.984242035125619;	0.986153127119109;	0.988001736724089;	0.989625439960571;	0.990225234387561;	0.991197022691209;	0.991636128322626;	0.992398030216139;	0.993211922378090;	0.993973882190573;	0.994618183756594;	0.995227004113958;	0.995745053786180;	0.996204663055315;	0.996617882930610;	0.996968120105538;	0.997294748000792;	0.997350021196496;	0.997562608542356;	0.997781049692474;	0.998008651440744;	0.998223124131299;	0.998361764600466;	0.998533176398825;	0.998725407784186;	0.998892722719142;	0.999034008722570;	0.999114512336554;	0.999240278163260;	0.999359070125607;	0.999473515266286;	0.999574419392004;	0.999660213067452;	0.999740778470015;	0.999810621276756;	0.999881901155127;	0.999928240614584;	0.999999999583719
0.855883098897895;	0.811664698371311;	0.808071409791830;	0.819992979630087;	0.845585826632352;	0.855876549147993;	0.889133870593426;	0.918636938244011;	0.924537395157314;	0.936949963590053;	0.947235105837259;	0.956306197024516;	0.962127757709178;	0.965904258673068;	0.968667726951098;	0.974028818200780;	0.976436965922003;	0.978646521702485;	0.982153375293469;	0.984841765710616;	0.986235057236993;	0.987842490942685;	0.989232404407057;	0.990651301413034;	0.992028218384763;	0.993223180714912;	0.993685499017282;	0.994370917949090;	0.994708727491003;	0.995234619991689;	0.995790182208718;	0.996310439027657;	0.996745725069772;	0.997147165669425;	0.997486243233861;	0.997784449780706;	0.998050240968950;	0.998273193859314;	0.998479081541158;	0.998527152377915;	0.998662140465820;	0.998796535460432;	0.998931444718319;	0.999059281590244;	0.999145180256590;	0.999244808472474;	0.999354639105504;	0.999447863477998;	0.999527717315478;	0.999575211805143;	0.999641980838778;	0.999704062820551;	0.999763416970553;	0.999813780781301;	0.999855399882950;	0.999893127023614;	0.999924431538719;	0.999955351149924;	0.999974448389330;	0.999999999995508
0.880249036996415;	0.845853754225638;	0.842767257584187;	0.851137536923133;	0.872026327950321;	0.882195198084512;	0.910734762334488;	0.934738397330369;	0.940123579983306;	0.950592925552331;	0.959171691907129;	0.966729159076428;	0.971521656266569;	0.974587218501017;	0.976804237581438;	0.981038640731518;	0.982980915498478;	0.984745811101311;	0.987468696718056;	0.989513397962774;	0.990597667440000;	0.991813064268204;	0.992847545568109;	0.993870630898350;	0.994862526402540;	0.995711844314806;	0.996052627768246;	0.996520316894890;	0.996767391415079;	0.997117923189154;	0.997483786727690;	0.997825605572726;	0.998108217105563;	0.998362710612305;	0.998575767023605;	0.998761255348425;	0.998924902547653;	0.999060625983586;	0.999184525581660;	0.999220426427842;	0.999301718514077;	0.999380326066166;	0.999456514260111;	0.999528806730574;	0.999578796855345;	0.999633566205164;	0.999692769826153;	0.999741767800893;	0.999784030615349;	0.999809962043103;	0.999843147700638;	0.999873410328567;	0.999901927280406;	0.999925172150695;	0.999943765996259;	0.999959961930083;	0.999972772146215;	0.999984891060333;	0.999991937424708;	0.999999999999253
0.902361851372945;	0.876171195141314;	0.873565164935764;	0.878932924081541;	0.895496050040166;	0.905277297100044;	0.929301431986156;	0.948447177903913;	0.953273545324907;	0.961960271581686;	0.968993310582021;	0.975167253870637;	0.979029908007886;	0.981468803350123;	0.983208643368676;	0.986480943322660;	0.988006015217699;	0.989375849873261;	0.991433557367390;	0.992944859321352;	0.993760511518268;	0.994650031634378;	0.995394422020437;	0.996108599987600;	0.996798694450750;	0.997380441693221;	0.997620305459617;	0.997927791456750;	0.998099696752352;	0.998324550369376;	0.998556107718539;	0.998771395853377;	0.998947059975067;	0.999101587149452;	0.999229606070759;	0.999339763274206;	0.999435790400007;	0.999514423245507;	0.999585256656806;	0.999609253910993;	0.999655475617343;	0.999698946912719;	0.999739689872254;	0.999778236405086;	0.999805459899267;	0.999833741755818;	0.999863629068114;	0.999887725428685;	0.999908505026875;	0.999921522700415;	0.999936810111762;	0.999950423179217;	0.999962974414049;	0.999972770804422;	0.999980316328248;	0.999986596068350;	0.999991302781580;	0.999995517577274;	0.999997798084000;	0.999999999999274
0.921963041427755;	0.902420965857093;	0.900262049443987;	0.903279550334716;	0.916057864559724;	0.925194661229241;	0.945022578052155;	0.959993892914136;	0.964228492657691;	0.971299255662013;	0.976947431434062;	0.981880411689455;	0.984919189891139;	0.986813818600329;	0.988145269071017;	0.990611476028714;	0.991773507693070;	0.992805468376271;	0.994313912760172;	0.995397160271978;	0.995989287104744;	0.996617617449436;	0.997134671668394;	0.997616109945958;	0.998078039129786;	0.998460691062361;	0.998621778682110;	0.998815918195050;	0.998929482191533;	0.999067700499233;	0.999208012022790;	0.999337504213435;	0.999441613330764;	0.999531047578053;	0.999604242816122;	0.999666385568457;	0.999719815503389;	0.999762941255151;	0.999801195558998;	0.999815777832678;	0.999840448230067;	0.999863026839165;	0.999883507397259;	0.999902741795369;	0.999916515471472;	0.999930118220049;	0.999944122010223;	0.999955102517928;	0.999964500228984;	0.999970454005613;	0.999976902814194;	0.999982480520376;	0.999987471024593;	0.999991182762721;	0.999993917051263;	0.999996075246692;	0.999997595509175;	0.999998865617277;	0.999999495610217;	0.999999999999286
0.938904469621251;	0.924596311151482;	0.922847230703449;	0.924189408828500;	0.933802902774811;	0.942082466066171;	0.958113618527511;	0.969580490737171;	0.973200121789874;	0.978832373207243;	0.983264775856446;	0.987107201805831;	0.989435680990401;	0.990867281895012;	0.991859325308159;	0.993666049686524;	0.994524436447321;	0.995276573652741;	0.996347015988276;	0.997097788066168;	0.997511283690862;	0.997938670443745;	0.998284066749880;	0.998596133241969;	0.998892720688366;	0.999133651272726;	0.999236536693671;	0.999353723787017;	0.999424837568468;	0.999505916510390;	0.999586918675840;	0.999660927248988;	0.999719456226107;	0.999768533439634;	0.999808134664491;	0.999841239739274;	0.999869250179473;	0.999891492033279;	0.999910873262927;	0.999918964661083;	0.999931237335947;	0.999942163552920;	0.999951756110709;	0.999960656311461;	0.999967072786234;	0.999973103455022;	0.999979126060960;	0.999983706853278;	0.999987567277563;	0.999990017163030;	0.999992470318743;	0.999994517516468;	0.999996277901849;	0.999997516832414;	0.999998382163781;	0.999999023210759;	0.999999442868753;	0.999999764001581;	0.999999907132860;	0.999999999999300
0.953176542912434;	0.942894848805311;	0.941514336300610;	0.941795283745941;	0.948859622887395;	0.956124554645751;	0.968807640414215;	0.977393221162056;	0.980400596076721;	0.984777108346333;	0.988167921852668;	0.991078456449809;	0.992811688557065;	0.993861901774949;	0.994579034449467;	0.995862524881235;	0.996475090676328;	0.997004045856159;	0.997736875085063;	0.998238001626209;	0.998515159319847;	0.998793987469261;	0.999015003118943;	0.999208847217634;	0.999390734265833;	0.999535284669127;	0.999597584811026;	0.999664904976689;	0.999706945949433;	0.999752078659805;	0.999796385709179;	0.999836351176099;	0.999867376332294;	0.999892741251940;	0.999912875773163;	0.999929410993721;	0.999943143688320;	0.999953845748368;	0.999962980459669;	0.999967071945745;	0.999972710747682;	0.999977588093347;	0.999981729396040;	0.999985505239032;	0.999988225824253;	0.999990658343801;	0.999993002565441;	0.999994725407128;	0.999996142489916;	0.999997034206375;	0.999997859181815;	0.999998517741390;	0.999999055544948;	0.999999410126091;	0.999999642231803;	0.999999801256189;	0.999999896488159;	0.999999961640795;	0.999999987035076;	0.999999999999313
0.964918764987824;	0.957685289232193;	0.956626339732261;	0.956317561476191;	0.961387249776465;	0.967558575647476;	0.977351941860812;	0.983622697808364;	0.986047389287301;	0.989356314290556;	0.991877702204037;	0.994016089138289;	0.995264926053569;	0.996010726185958;	0.996511778886204;	0.997392863086786;	0.997813601772954;	0.998171495486203;	0.998653527081518;	0.998974554565864;	0.999152104778838;	0.999325846734897;	0.999460800130287;	0.999575584559804;	0.999681596815552;	0.999763832720944;	0.999799425688249;	0.999836006472044;	0.999859356636291;	0.999883049442931;	0.999905855911224;	0.999926101917340;	0.999941493318270;	0.999953744357979;	0.999963285342305;	0.999970960803722;	0.999977198602502;	0.999981955621146;	0.999985919233101;	0.999987792426788;	0.999990158053710;	0.999992141448874;	0.999993767129294;	0.999995214738475;	0.999996248951742;	0.999997126825426;	0.999997937774216;	0.999998510431823;	0.999998965383961;	0.999999245953489;	0.999999484810141;	0.999999665114502;	0.999999802816034;	0.999999886669670;	0.999999937270364;	0.999999968677812;	0.999999985496320;	0.999999995456456;	0.999999998729661;	0.999999999999326
0.974371347870066;	0.969409193364274;	0.968621925514579;	0.968042731661023;	0.971586800383458;	0.976657977114401;	0.984019041894640;	0.988470384482602;	0.990362807581359;	0.992789644125345;	0.994605311922696;	0.996124078127179;	0.996992370518576;	0.997502786920215;	0.997840145252363;	0.998422050341018;	0.998699286116850;	0.998931157687687;	0.999234517400037;	0.999430917149323;	0.999539112061281;	0.999642033744133;	0.999720215019972;	0.999784642889711;	0.999843027046986;	0.999887101142369;	0.999906169426446;	0.999924842617204;	0.999936946481342;	0.999948582625975;	0.999959539039475;	0.999969078495464;	0.999976159725507;	0.999981635110966;	0.999985805312842;	0.999989080525852;	0.999991675417788;	0.999993604788162;	0.999995167343749;	0.999995935332059;	0.999996828218470;	0.999997551286781;	0.999998121528603;	0.999998613790994;	0.999998959346502;	0.999999236639921;	0.999999480034199;	0.999999643855048;	0.999999767941181;	0.999999841859577;	0.999999899276183;	0.999999939612142;	0.999999967832462;	0.999999983390611;	0.999999991836418;	0.999999996450221;	0.999999998589342;	0.999999999641473;	0.999999999920078;	0.999999999999339
0.981802392066351;	0.978495748700804;	0.977928699067705;	0.977281712011345;	0.979687939912261;	0.983711141068140;	0.989079700672639;	0.992140707465440;	0.993565616911962;	0.995286080296787;	0.996547848618735;	0.997586119344283;	0.998166319570315;	0.998501525594816;	0.998719409554857;	0.999087434232125;	0.999261816608104;	0.999404964793288;	0.999586649616701;	0.999700725523085;	0.999763112009291;	0.999820699224161;	0.999863395183907;	0.999897436606801;	0.999927591583574;	0.999949673231817;	0.999959180092189;	0.999968054994264;	0.999973860595609;	0.999979156313321;	0.999984018823347;	0.999988154107932;	0.999991140910262;	0.999993377902725;	0.999995037450472;	0.999996304468104;	0.999997278517489;	0.999997981319204;	0.999998531570573;	0.999998809067915;	0.999999106462036;	0.999999337850062;	0.999999512530230;	0.999999657361450;	0.999999756157080;	0.999999830574773;	0.999999891909282;	0.999999930801640;	0.999999958415269;	0.999999974003807;	0.999999984890192;	0.999999991848165;	0.999999996183237;	0.999999998285906;	0.999999999277982;	0.999999999737034;	0.999999999913914;	0.999999999982938;	0.999999999996670;	0.999999999999351
0.987488962664897;	0.985357502930549;	0.984963571773891;	0.984365360891623;	0.985945656871625;	0.989019113615341;	0.992803669914798;	0.994834750609179;	0.995866154615798;	0.997039792359329;	0.997882164897323;	0.998562178636254;	0.998932833224682;	0.999143040470119;	0.999277232571393;	0.999498880312051;	0.999602949228188;	0.999686673457908;	0.999789529118266;	0.999852012319901;	0.999885798866475;	0.999916003820226;	0.999937807678610;	0.999954590362649;	0.999969065394181;	0.999979307130983;	0.999983674018144;	0.999987558832647;	0.999990107556310;	0.999992313614173;	0.999994281477209;	0.999995908302251;	0.999997046511366;	0.999997868901856;	0.999998460192676;	0.999998896655268;	0.999999220287455;	0.999999445496328;	0.999999614752990;	0.999999701150829;	0.999999786318654;	0.999999849497113;	0.999999894797543;	0.999999930435801;	0.999999953724083;	0.999999970006473;	0.999999982400962;	0.999999989679805;	0.999999994413133;	0.999999996879339;	0.999999998392259;	0.999999999244441;	0.999999999700112;	0.999999999887291;	0.999999999960905;	0.999999999988550;	0.999999999997035;	0.999999999999523;	0.999999999999501;	0.999999999999364
0.991708873003851;	0.990386060643902;	0.990123336737530;	0.989631198601916;	0.990631129753231;	0.992883082486115;	0.995449751924742;	0.996743861739092;	0.997458371962228;	0.998224651378804;	0.998761899871375;	0.999186150026550;	0.999411115651772;	0.999536189627635;	0.999614499006997;	0.999740709126952;	0.999799223096308;	0.999845254947579;	0.999899854631901;	0.999931846160149;	0.999948879051866;	0.999963589676156;	0.999973895186446;	0.999981532694568;	0.999987915915238;	0.999992259297928;	0.999994084055441;	0.999995628489382;	0.999996637955624;	0.999997466099075;	0.999998180321611;	0.999998750819717;	0.999999135269056;	0.999999401787949;	0.999999586286315;	0.999999717020223;	0.999999809778996;	0.999999871520246;	0.999999915639686;	0.999999938093099;	0.999999958327668;	0.999999972479369;	0.999999982004180;	0.999999988996977;	0.999999993290281;	0.999999996028830;	0.999999997909889;	0.999999998907738;	0.999999999483591;	0.999999999750770;	0.999999999890177;	0.999999999956684;	0.999999999985980;	0.999999999995762;	0.999999999998838;	0.999999999999738;	0.999999999999947;	0.999999999999957;	0.999999999999562;	0.999999999999375
0.994732647244472;	0.993946684477263;	0.993779449493967;	0.993409784203169;	0.994016385412222;	0.995591689250036;	0.997256500026414;	0.998043506631634;	0.998514512790684;	0.998990323100236;	0.999315375124971;	0.999565701146101;	0.999694459679089;	0.999764490518764;	0.999807443013469;	0.999874790499463;	0.999905510444262;	0.999929074056437;	0.999955975331129;	0.999971118576354;	0.999979022100669;	0.999985593019838;	0.999990043149150;	0.999993206889047;	0.999995754618585;	0.999997412187708;	0.999998094224858;	0.999998641831380;	0.999998995765655;	0.999999270193633;	0.999999497587392;	0.999999671739677;	0.999999783922311;	0.999999857981039;	0.999999906909173;	0.999999939870308;	0.999999962008052;	0.999999975941777;	0.999999985285320;	0.999999989940032;	0.999999993731640;	0.999999996191014;	0.999999997717631;	0.999999998739734;	0.999999999313735;	0.999999999639442;	0.999999999835072;	0.999999999925728;	0.999999999970400;	0.999999999988102;	0.999999999995682;	0.999999999998624;	0.999999999999650;	0.999999999999921;	0.999999999999985;	0.999999999999998;	0.999999999999998;	0.999999999999963;	0.999999999999568;	0.999999999999387
0.996813779811367;	0.996369770629261;	0.996268911886493;	0.996013220900720;	0.996363919638010;	0.997409449606015;	0.998434919870020;	0.998888284640500;	0.999181554014690;	0.999460272486908;	0.999645264322496;	0.999783676564044;	0.999852509036709;	0.999889040508418;	0.999910952007865;	0.999944260531624;	0.999959143090800;	0.999970238672909;	0.999982378461606;	0.999988912969212;	0.999992238303552;	0.999994887823563;	0.999996613794530;	0.999997785106700;	0.999998687624094;	0.999999244884034;	0.999999467841404;	0.999999636855634;	0.999999743907283;	0.999999821976832;	0.999999883604186;	0.999999928396098;	0.999999955694670;	0.999999972674765;	0.999999983251012;	0.999999989934081;	0.999999994119375;	0.999999996570269;	0.999999998084199;	0.999999998805009;	0.999999999326333;	0.999999999632653;	0.999999999803653;	0.999999999904925;	0.999999999955196;	0.999999999979776;	0.999999999992231;	0.999999999997091;	0.999999999999056;	0.999999999999696;	0.999999999999914;	0.999999999999980;	0.999999999999995;	1.000000000000002;	1.000000000000002;	1.000000000000002;	0.999999999999998;	0.999999999999964;	0.999999999999577;	0.999999999999398
0.998180622536627;	0.997944188083388;	0.997887089800771;	0.997724233160261;	0.997916010581904;	0.998569092239649;	0.999163527989624;	0.999408603552006;	0.999579427856763;	0.999731865789982;	0.999829822584766;	0.999900710705429;	0.999934654905417;	0.999952181717174;	0.999962437003132;	0.999977486693341;	0.999984039794144;	0.999988769045320;	0.999993700651974;	0.999996223511549;	0.999997467300965;	0.999998411385559;	0.999998999020918;	0.999999377188315;	0.999999653465070;	0.999999813791168;	0.999999875588915;	0.999999919497045;	0.999999946442452;	0.999999964779613;	0.999999978408175;	0.999999987677752;	0.999999992945846;	0.999999995986680;	0.999999997741888;	0.999999998762577;	0.999999999346093;	0.999999999656883;	0.999999999829331;	0.999999999905391;	0.999999999953064;	0.999999999977693;	0.999999999989683;	0.999999999995755;	0.999999999998325;	0.999999999999373;	0.999999999999805;	0.999999999999942;	0.999999999999985;	0.999999999999997;	1.000000000000000;	1.000000000000002;	1.000000000000000;	1.000000000000003;	1.000000000000002;	1.000000000000002;	0.999999999999997;	0.999999999999964;	0.999999999999586;	0.999999999999410
0.999030178517644;	0.998912831331299;	0.998882864474487;	0.998787909755498;	0.998886137512345;	0.999265999744473;	0.999586483905758;	0.999709288349631;	0.999801229510170;	0.999878020377405;	0.999925594630308;	0.999958713298031;	0.999973903402432;	0.999981505284736;	0.999985831340233;	0.999991924246036;	0.999994494009845;	0.999996279364162;	0.999998040955518;	0.999998890495321;	0.999999292985572;	0.999999581629397;	0.999999751769337;	0.999999854633978;	0.999999925031989;	0.999999962919830;	0.999999976814564;	0.999999985966514;	0.999999991324785;	0.999999994686486;	0.999999996999634;	0.999999998443207;	0.999999999192847;	0.999999999585852;	0.999999999791138;	0.999999999898228;	0.999999999952617;	0.999999999978228;	0.999999999990620;	0.999999999995508;	0.999999999998095;	0.999999999999234;	0.999999999999703;	0.999999999999900;	0.999999999999969;	0.999999999999992;	0.999999999999999;	1.000000000000001;	0.999999999999999;	1.000000000000001;	1.000000000000001;	1.000000000000002;	1.000000000000000;	1.000000000000003;	1.000000000000002;	1.000000000000002;	0.999999999999997;	0.999999999999965;	0.999999999999594;	0.999999999999421
0.999524467289452;	0.999470984021019;	0.999456651618440;	0.999406577601018;	0.999453113923949;	0.999655911758698;	0.999814118899880;	0.999870234401470;	0.999915202364690;	0.999950193003337;	0.999970977278153;	0.999984801802220;	0.999990834702055;	0.999993745694443;	0.999995350418609;	0.999997502560312;	0.999998374850261;	0.999998954020604;	0.999999489284119;	0.999999729955991;	0.999999838334225;	0.999999910924632;	0.999999950931416;	0.999999973356110;	0.999999987491572;	0.999999994416964;	0.999999996791246;	0.999999998217180;	0.999999998996872;	0.999999999439675;	0.999999999715238;	0.999999999868973;	0.999999999940017;	0.999999999972948;	0.999999999988088;	0.999999999994973;	0.999999999997992;	0.999999999999214;	0.999999999999716;	0.999999999999886;	0.999999999999961;	0.999999999999987;	0.999999999999996;	0.999999999999999;	1.000000000000000;	1.000000000000001;	1.000000000000001;	1.000000000000001;	0.999999999999999;	1.000000000000001;	1.000000000000001;	1.000000000000002;	1.000000000000000;	1.000000000000002;	1.000000000000002;	1.000000000000002;	0.999999999999999;	0.999999999999966;	0.999999999999602;	0.999999999999432
0.999789801796490;	0.999767870858621;	0.999761772705644;	0.999738337820070;	0.999758386547579;	0.999855818751185;	0.999925801063549;	0.999948661735201;	0.999968187811278;	0.999982250217896;	0.999990199881349;	0.999995206863261;	0.999997267181108;	0.999998218822840;	0.999998724057724;	0.999999362274420;	0.999999608178927;	0.999999762596477;	0.999999894346684;	0.999999948709559;	0.999999971619805;	0.999999985709594;	0.999999992836613;	0.999999996468357;	0.999999998526978;	0.999999999421691;	0.999999999701481;	0.999999999851304;	0.999999999925693;	0.999999999963061;	0.999999999983523;	0.999999999993444;	0.999999999997415;	0.999999999999000;	0.999999999999624;	0.999999999999867;	0.999999999999956;	0.999999999999987;	0.999999999999997;	0.999999999999999;	1.000000000000001;	1.000000000000001;	1.000000000000001;	1.000000000000000;	1.000000000000001;	1.000000000000001;	1.000000000000001;	1.000000000000002;	1.000000000000000;	1.000000000000001;	1.000000000000002;	1.000000000000002;	1.000000000000000;	1.000000000000002;	1.000000000000002;	1.000000000000002;	0.999999999999998;	0.999999999999966;	0.999999999999610;	0.999999999999443
0.999918617638259;	0.999910761722894;	0.999908533895800;	0.999899078846216;	0.999906746278454;	0.999947690537796;	0.999974584104513;	0.999982620793449;	0.999989898144146;	0.999994702182497;	0.999997260362213;	0.999998766843804;	0.999999343892846;	0.999999596370958;	0.999999724321915;	0.999999874132036;	0.999999928153767;	0.999999959730757;	0.999999984070237;	0.999999993069387;	0.999999996537541;	0.999999998446998;	0.999999999310050;	0.999999999699141;	0.999999999891536;	0.999999999963514;	0.999999999983485;	0.999999999992797;	0.999999999996877;	0.999999999998649;	0.999999999999483;	0.999999999999826;	0.999999999999942;	0.999999999999981;	0.999999999999994;	1.000000000000000;	1.000000000000000;	1.000000000000002;	1.000000000000002;	1.000000000000000;	1.000000000000001;	1.000000000000001;	1.000000000000001;	1.000000000000000;	1.000000000000001;	1.000000000000001;	1.000000000000000;	1.000000000000001;	0.999999999999999;	1.000000000000000;	1.000000000000001;	1.000000000000001;	0.999999999999999;	1.000000000000002;	1.000000000000002;	1.000000000000002;	0.999999999999999;	0.999999999999968;	0.999999999999618;	0.999999999999453
0.999973573705147;	0.999971223599916;	0.999970563757851;	0.999967423065983;	0.999969932831896;	0.999984349138573;	0.999992913795168;	0.999995233148874;	0.999997442023755;	0.999998758804440;	0.999999409188493;	0.999999760640353;	0.999999883513946;	0.999999933601724;	0.999999957492895;	0.999999982761051;	0.999999991080176;	0.999999995493679;	0.999999998467329;	0.999999999420132;	0.999999999745531;	0.999999999901073;	0.999999999962031;	0.999999999985704;	0.999999999995640;	0.999999999998768;	0.999999999999521;	0.999999999999821;	0.999999999999935;	0.999999999999975;	0.999999999999992;	0.999999999999999;	0.999999999999999;	0.999999999999999;	1.000000000000000;	1.000000000000001;	1.000000000000001;	1.000000000000001;	1.000000000000001;	1.000000000000000;	1.000000000000001;	1.000000000000001;	0.999999999999999;	1.000000000000000;	1.000000000000001;	1.000000000000001;	1.000000000000000;	1.000000000000001;	0.999999999999999;	0.999999999999999;	1.000000000000001;	1.000000000000000;	1.000000000000000;	1.000000000000002;	1.000000000000002;	1.000000000000001;	0.999999999999999;	0.999999999999968;	0.999999999999625;	0.999999999999463
0.999993297251283;	0.999992752524438;	0.999992609614292;	0.999991815052561;	0.999992477047391;	0.999996437000154;	0.999998527177420;	0.999999033027241;	0.999999533197305;	0.999999795844537;	0.999999913095802;	0.999999969420435;	0.999999986805936;	0.999999993223959;	0.999999996036612;	0.999999998621681;	0.999999999372174;	0.999999999722088;	0.999999999920984;	0.999999999974606;	0.999999999990416;	0.999999999996830;	0.999999999998968;	0.999999999999671;	0.999999999999916;	0.999999999999982;	0.999999999999994;	0.999999999999999;	1.000000000000000;	1.000000000000000;	1.000000000000000;	1.000000000000001;	1.000000000000000;	0.999999999999999;	1.000000000000000;	1.000000000000001;	1.000000000000001;	1.000000000000001;	1.000000000000000;	1.000000000000000;	1.000000000000001;	1.000000000000001;	0.999999999999999;	1.000000000000000;	1.000000000000001;	1.000000000000001;	0.999999999999999;	1.000000000000001;	1.000000000000000;	0.999999999999999;	1.000000000000001;	1.000000000000001;	1.000000000000000;	1.000000000000002;	1.000000000000002;	1.000000000000001;	0.999999999999999;	0.999999999999968;	0.999999999999632;	0.999999999999474
0.999998833506912;	0.999998748520198;	0.999998730775115;	0.999998599089580;	0.999998725418387;	0.999999470660993;	0.999999807681186;	0.999999878761088;	0.999999949644417;	0.999999980946853;	0.999999993028264;	0.999999997952117;	0.999999999240169;	0.999999999657386;	0.999999999821182;	0.999999999947798;	0.999999999979459;	0.999999999992168;	0.999999999998159;	0.999999999999504;	0.999999999999842;	0.999999999999956;	0.999999999999990;	0.999999999999998;	0.999999999999999;	1.000000000000001;	1.000000000000001;	1.000000000000001;	1.000000000000001;	1.000000000000000;	1.000000000000000;	1.000000000000001;	1.000000000000000;	1.000000000000000;	1.000000000000001;	1.000000000000001;	1.000000000000001;	1.000000000000001;	1.000000000000001;	1.000000000000000;	1.000000000000002;	1.000000000000001;	1.000000000000000;	1.000000000000000;	1.000000000000001;	1.000000000000001;	1.000000000000000;	1.000000000000001;	0.999999999999999;	1.000000000000000;	1.000000000000002;	1.000000000000001;	1.000000000000000;	1.000000000000002;	1.000000000000002;	1.000000000000001;	0.999999999999999;	0.999999999999969;	0.999999999999639;	0.999999999999483
0.999999896440670;	0.999999890003150;	0.999999889608894;	0.999999879631468;	0.999999893001087;	0.999999962948237;	0.999999988645034;	0.999999993278220;	0.999999997676310;	0.999999999256925;	0.999999999770140;	0.999999999944106;	0.999999999982304;	0.999999999993068;	0.999999999996816;	0.999999999999225;	0.999999999999740;	0.999999999999916;	0.999999999999984;	0.999999999999997;	0.999999999999999;	1.000000000000000;	1.000000000000002;	1.000000000000001;	1.000000000000000;	1.000000000000000;	1.000000000000001;	1.000000000000002;	1.000000000000000;	1.000000000000000;	0.999999999999999;	1.000000000000001;	1.000000000000001;	1.000000000000000;	1.000000000000001;	1.000000000000001;	1.000000000000000;	1.000000000000000;	1.000000000000001;	0.999999999999999;	1.000000000000002;	1.000000000000001;	1.000000000000000;	1.000000000000000;	1.000000000000001;	1.000000000000002;	1.000000000000000;	1.000000000000000;	0.999999999999999;	1.000000000000000;	1.000000000000003;	1.000000000000001;	1.000000000000000;	1.000000000000002;	1.000000000000002;	1.000000000000002;	0.999999999999998;	0.999999999999970;	0.999999999999647;	0.999999999999493
0.999999997020404;	0.999999996871436;	0.999999996907981;	0.999999996698424;	0.999999997169194;	0.999999999176920;	0.999999999785547;	0.999999999882286;	0.999999999965723;	0.999999999990663;	0.999999999997546;	0.999999999999504;	0.999999999999866;	0.999999999999956;	0.999999999999983;	0.999999999999998;	0.999999999999999;	1.000000000000001;	1.000000000000001;	1.000000000000001;	1.000000000000000;	1.000000000000000;	1.000000000000002;	1.000000000000000;	0.999999999999999;	1.000000000000000;	1.000000000000001;	1.000000000000002;	1.000000000000001;	1.000000000000001;	0.999999999999999;	1.000000000000001;	1.000000000000001;	1.000000000000000;	1.000000000000001;	1.000000000000001;	0.999999999999999;	1.000000000000000;	1.000000000000001;	0.999999999999999;	1.000000000000001;	1.000000000000001;	0.999999999999999;	1.000000000000000;	1.000000000000001;	1.000000000000001;	1.000000000000000;	1.000000000000000;	0.999999999999999;	1.000000000000000;	1.000000000000002;	1.000000000000001;	1.000000000000000;	1.000000000000002;	1.000000000000002;	1.000000000000002;	0.999999999999998;	0.999999999999970;	0.999999999999654;	0.999999999999502
0.999999999976761;	0.999999999979355;	0.999999999979800;	0.999999999976603;	0.999999999982746;	0.999999999994565;	0.999999999998927;	0.999999999999533;	0.999999999999887;	0.999999999999976;	0.999999999999996;	1.000000000000000;	0.999999999999999;	1.000000000000001;	1.000000000000001;	1.000000000000002;	1.000000000000000;	1.000000000000000;	1.000000000000001;	0.999999999999999;	1.000000000000002;	1.000000000000001;	1.000000000000002;	1.000000000000001;	0.999999999999999;	1.000000000000000;	1.000000000000001;	1.000000000000001;	1.000000000000001;	1.000000000000000;	0.999999999999999;	1.000000000000001;	1.000000000000001;	0.999999999999999;	1.000000000000001;	1.000000000000001;	1.000000000000000;	1.000000000000001;	1.000000000000001;	0.999999999999999;	1.000000000000001;	1.000000000000001;	0.999999999999999;	1.000000000000000;	1.000000000000001;	1.000000000000002;	1.000000000000000;	1.000000000000001;	0.999999999999998;	1.000000000000000;	1.000000000000002;	1.000000000000001;	1.000000000000000;	1.000000000000002;	1.000000000000002;	1.000000000000002;	0.999999999999998;	0.999999999999971;	0.999999999999661;	0.999999999999512
0.999999999996227;	0.999999999999548;	0.999999999999364;	0.999999999996887;	0.999999999999320;	0.999999999998734;	0.999999999999863;	0.999999999999998;	1.000000000000000;	1.000000000000002;	1.000000000000001;	1.000000000000001;	0.999999999999999;	1.000000000000001;	1.000000000000001;	1.000000000000002;	1.000000000000000;	1.000000000000001;	1.000000000000001;	1.000000000000001;	1.000000000000001;	0.999999999999999;	1.000000000000001;	1.000000000000001;	0.999999999999999;	1.000000000000000;	1.000000000000002;	1.000000000000000;	1.000000000000001;	1.000000000000000;	0.999999999999999;	1.000000000000001;	1.000000000000001;	0.999999999999999;	0.999999999999999;	1.000000000000001;	1.000000000000000;	1.000000000000001;	1.000000000000001;	1.000000000000000;	1.000000000000001;	1.000000000000002;	1.000000000000001;	1.000000000000000;	1.000000000000001;	1.000000000000003;	0.999999999999999;	1.000000000000001;	0.999999999999998;	1.000000000000000;	1.000000000000002;	1.000000000000001;	1.000000000000000;	1.000000000000002;	1.000000000000002;	1.000000000000003;	0.999999999999997;	0.999999999999972;	0.999999999999667;	0.999999999999521
0.999999999996301;	0.999999999999568;	0.999999999999385;	0.999999999996948;	0.999999999999339;	0.999999999998756;	0.999999999999865;	0.999999999999998;	1.000000000000000;	1.000000000000002;	1.000000000000001;	1.000000000000001;	0.999999999999999;	1.000000000000002;	1.000000000000001;	1.000000000000001;	1.000000000000001;	1.000000000000000;	1.000000000000001;	1.000000000000001;	1.000000000000001;	0.999999999999999;	1.000000000000003;	1.000000000000001;	1.000000000000000;	1.000000000000000;	1.000000000000001;	1.000000000000000;	1.000000000000000;	0.999999999999999;	0.999999999999999;	1.000000000000001;	1.000000000000001;	0.999999999999999;	0.999999999999999;	1.000000000000001;	0.999999999999999;	1.000000000000001;	1.000000000000001;	1.000000000000000;	1.000000000000001;	1.000000000000002;	1.000000000000000;	0.999999999999999;	1.000000000000001;	1.000000000000003;	1.000000000000000;	1.000000000000001;	0.999999999999999;	1.000000000000000;	1.000000000000002;	1.000000000000002;	1.000000000000000;	1.000000000000002;	1.000000000000002;	1.000000000000002;	0.999999999999998;	0.999999999999972;	0.999999999999674;	0.999999999999530
0.999999999996393;	0.999999999999577;	0.999999999999399;	0.999999999997022;	0.999999999999354;	0.999999999998786;	0.999999999999869;	0.999999999999998;	1.000000000000000;	1.000000000000002;	1.000000000000000;	1.000000000000001;	1.000000000000000;	1.000000000000001;	1.000000000000000;	1.000000000000001;	1.000000000000001;	1.000000000000001;	1.000000000000002;	1.000000000000000;	1.000000000000001;	0.999999999999999;	1.000000000000002;	1.000000000000001;	1.000000000000001;	1.000000000000000;	1.000000000000001;	1.000000000000000;	1.000000000000000;	1.000000000000000;	1.000000000000000;	1.000000000000000;	1.000000000000001;	0.999999999999999;	0.999999999999999;	1.000000000000001;	1.000000000000001;	1.000000000000001;	1.000000000000001;	1.000000000000001;	1.000000000000001;	1.000000000000002;	1.000000000000000;	0.999999999999999;	1.000000000000001;	1.000000000000003;	1.000000000000000;	1.000000000000000;	0.999999999999999;	0.999999999999999;	1.000000000000002;	1.000000000000002;	1.000000000000000;	1.000000000000002;	1.000000000000002;	1.000000000000003;	0.999999999999998;	0.999999999999972;	0.999999999999680;	0.999999999999539
0.999999999996469;	0.999999999999590;	0.999999999999414;	0.999999999997084;	0.999999999999368;	0.999999999998812;	0.999999999999872;	0.999999999999998;	1.000000000000000;	1.000000000000002;	1.000000000000000;	1.000000000000000;	0.999999999999999;	1.000000000000001;	1.000000000000000;	1.000000000000001;	1.000000000000000;	1.000000000000001;	1.000000000000001;	1.000000000000001;	1.000000000000001;	0.999999999999999;	1.000000000000002;	1.000000000000001;	1.000000000000001;	1.000000000000000;	1.000000000000001;	0.999999999999999;	1.000000000000000;	0.999999999999999;	0.999999999999999;	1.000000000000000;	1.000000000000001;	1.000000000000000;	0.999999999999998;	1.000000000000001;	1.000000000000001;	1.000000000000001;	1.000000000000002;	1.000000000000001;	1.000000000000001;	1.000000000000002;	1.000000000000001;	0.999999999999999;	1.000000000000001;	1.000000000000003;	1.000000000000000;	1.000000000000000;	0.999999999999999;	0.999999999999999;	1.000000000000002;	1.000000000000002;	1.000000000000000;	1.000000000000003;	1.000000000000002;	1.000000000000003;	0.999999999999998;	0.999999999999972;	0.999999999999686;	0.999999999999547
0.999999999996543;	0.999999999999601;	0.999999999999427;	0.999999999997143;	0.999999999999381;	0.999999999998835;	0.999999999999876;	0.999999999999999;	0.999999999999998;	1.000000000000003;	1.000000000000000;	1.000000000000000;	1.000000000000001;	1.000000000000000;	1.000000000000000;	1.000000000000001;	1.000000000000001;	1.000000000000001;	1.000000000000001;	1.000000000000001;	1.000000000000001;	0.999999999999999;	1.000000000000002;	1.000000000000001;	1.000000000000001;	1.000000000000000;	1.000000000000001;	0.999999999999999;	1.000000000000000;	1.000000000000000;	1.000000000000000;	0.999999999999999;	1.000000000000001;	0.999999999999999;	0.999999999999998;	1.000000000000001;	1.000000000000001;	1.000000000000001;	1.000000000000002;	1.000000000000002;	1.000000000000001;	1.000000000000002;	1.000000000000001;	1.000000000000000;	1.000000000000001;	1.000000000000004;	1.000000000000000;	1.000000000000000;	0.999999999999999;	0.999999999999999;	1.000000000000002;	1.000000000000003;	1.000000000000001;	1.000000000000004;	1.000000000000002;	1.000000000000003;	0.999999999999998;	0.999999999999972;	0.999999999999692;	0.999999999999556
0.999999999996612;	0.999999999999611;	0.999999999999439;	0.999999999997198;	0.999999999999394;	0.999999999998857;	0.999999999999878;	0.999999999999998;	0.999999999999998;	1.000000000000004;	1.000000000000001;	1.000000000000000;	1.000000000000001;	1.000000000000001;	1.000000000000000;	0.999999999999999;	1.000000000000001;	1.000000000000002;	1.000000000000000;	1.000000000000001;	1.000000000000003;	0.999999999999999;	1.000000000000002;	1.000000000000000;	1.000000000000002;	1.000000000000001;	1.000000000000001;	1.000000000000000;	1.000000000000000;	1.000000000000000;	1.000000000000000;	0.999999999999998;	1.000000000000001;	0.999999999999999;	0.999999999999997;	1.000000000000001;	1.000000000000001;	1.000000000000002;	1.000000000000002;	1.000000000000002;	1.000000000000001;	1.000000000000003;	1.000000000000001;	1.000000000000000;	1.000000000000001;	1.000000000000004;	0.999999999999999;	1.000000000000000;	0.999999999999999;	1.000000000000000;	1.000000000000002;	1.000000000000004;	1.000000000000000;	1.000000000000004;	1.000000000000003;	1.000000000000003;	0.999999999999998;	0.999999999999972;	0.999999999999699;	0.999999999999564
0.999999999996677;	0.999999999999621;	0.999999999999451;	0.999999999997249;	0.999999999999404;	0.999999999998876;	0.999999999999882;	0.999999999999998;	0.999999999999998;	1.000000000000004;	1.000000000000001;	0.999999999999999;	1.000000000000000;	1.000000000000001;	1.000000000000000;	0.999999999999998;	1.000000000000001;	1.000000000000001;	1.000000000000000;	1.000000000000001;	1.000000000000003;	0.999999999999999;	1.000000000000002;	1.000000000000000;	1.000000000000001;	1.000000000000001;	1.000000000000001;	1.000000000000001;	1.000000000000000;	1.000000000000000;	0.999999999999999;	0.999999999999997;	1.000000000000001;	0.999999999999999;	0.999999999999997;	1.000000000000000;	1.000000000000002;	1.000000000000003;	1.000000000000002;	1.000000000000002;	1.000000000000001;	1.000000000000004;	1.000000000000001;	0.999999999999999;	1.000000000000001;	1.000000000000004;	0.999999999999999;	1.000000000000000;	0.999999999999999;	1.000000000000000;	1.000000000000002;	1.000000000000004;	1.000000000000001;	1.000000000000004;	1.000000000000003;	1.000000000000003;	0.999999999999998;	0.999999999999971;	0.999999999999705;	0.999999999999572
1.000000000000000;	1.000000000000000;	1.000000000000000;	1.000000000000000;	1.000000000000000;	1.000000000000000;	1.000000000000000;	1.000000000000000;	1.000000000000000;	1.000000000000000;	1.000000000000000;	1.000000000000000;	1.000000000000000;	1.000000000000000;	1.000000000000000;	1.000000000000000;	1.000000000000000;	1.000000000000000;	1.000000000000000;	1.000000000000000;	1.000000000000000;	1.000000000000000;	1.000000000000000;	1.000000000000000;	1.000000000000000;	1.000000000000000;	1.000000000000000;	1.000000000000000;	1.000000000000000;	1.000000000000000;	1.000000000000000;	1.000000000000000;	1.000000000000000;	1.000000000000000;	1.000000000000000;	1.000000000000000;	1.000000000000000;	1.000000000000000;	1.000000000000000;	1.000000000000000;	1.000000000000000;	1.000000000000000;	1.000000000000000;	1.000000000000000;	1.000000000000000;	1.000000000000000;	1.000000000000000;	1.000000000000000;	1.000000000000000;	1.000000000000000;	1.000000000000000;	1.000000000000000;	1.000000000000000;	1.000000000000000;	1.000000000000000;	1.000000000000000;	1.000000000000000;	1.000000000000000;	1.000000000000000;	1.000000000000000
0.053882972924919;	0.055980685719640;	0.059345005864464;	0.062883968316391;	0.095283362333725;	0.099646430191911;	0.113298248028029;	0.119849097390953;	0.127122432193914;	0.135396428463193;	0.145819469382914;	0.157458293567116;	0.171749047332864;	0.187222058213886;	0.205646966825692;	0.226488260809388;	0.249499673918812;	0.275703357818856;	0.305066372154435;	0.336071442051311;	0.368906723652089;	0.404718652707499;	0.442695807952363;	0.482426022267833;	0.523578292582293;	0.563673650869945;	0.603163005479051;	0.643146051491380;	0.682472827023140;	0.719569011002541;	0.755494711281399;	0.789687673822512;	0.820113091449580;	0.848172787644686;	0.873647433148872;	0.895977770696252;	0.915498667369276;	0.931991225550932;	0.945991286993074;	0.957397453872276;	0.966863633753355;	0.973885213657948;	0.979869794768433;	0.984779541371351;	0.988587674189433;	0.991583798673557;	0.993893057522399;	0.995658975410002;	0.997033176705457;	0.997919377561408;	0.998585338695734;	0.999071665164344;	0.999421639239048;	0.999637601667977;	0.999789471547905;	0.999882767591282;	0.999941442083804;	0.999977035039173;	0.999991764482588;	1.000000000000000
