0.364848106943089;	0.041868122405210;	0.040646741582631;	0.037481358383537;	0.032287006564090;	0.033734497962869;	0.083848047511263;	0.024184970206733;	0.895673313250606;	0.819123998665180;	0.110341716268277;	0.172672832881943;	0.158784435169371;	0.017306985710099;	0.015710508886917;	0.014547228030437;	0.016061383233724;	0.014002738316078;	0.015478840678373;	0.013897343594816;	0.015106592103304;	0.014949236622308;	0.016308797495596;	0.015383391972277;	0.015508228918322;	0.016738297943078;	0.015852847779382;	0.016040637058486;	0.017029682454073;	0.017931271797748;	0.016900706738809;	0.017741890803957;	0.018275645306555;	0.019447528364135;	0.018418559833351;	0.018986375389801;	0.019734277244689;	0.020674654190272;	0.021811146190818;	0.020962773110444;	0.020823795952406;	0.021646519119463;	0.022487142665647;	0.023228745489797;	0.023953071796108;	0.024666048246972;	0.024223778450988;	0.024598321931024;	0.024442000649595;	0.025171139233040;	0.025652051916753;	0.026443296395143;	0.027239989028527;	0.028065550265008;	0.029072202055723;	0.029993112052877;	0.030936229856805;	0.030452031150120;	0.031201628013876;	0.032253078112793;	0.033285052992067;	0.034305712547855;	0.035264203526623;	0.036074142581064;	0.037165013843419;	0.037688774794421;	0.038467958210750;	0.039563330635440;	0.040574539068782;	0.041014749040205;	0.042443073731978;	0.043773383266954;	0.045139084718195;	0.046545321560603;	0.047976199633769;	0.048636200409577;	0.050535847398694;	0.050600614386499;	0.052544718871515;	0.054153002691442;	0.056138160510755;	0.058109757632292;	0.060462621066471;	0.063401133573076;	0.064678764440395;	0.067988139670591;	0.070883577369803;	0.074171236803317;	0.079022777594862;	0.082794048335991;	0.087923170515877;	0.094239783557624;	0.101231333883970;	0.104372539539586;	0.119010927180233;	0.130904569949023;	0.145149180339862;	0.166666645295923;	0.186237605985107;	0.159600156775637
0.364848113812392;	0.041868128157830;	0.040646747153630;	0.037481363553335;	0.032287011072697;	0.033734504619047;	0.083848053669845;	0.024184973757633;	0.895673317243009;	0.819124002292252;	0.110341719973007;	0.172672836207419;	0.158784438133239;	0.017306988890585;	0.015710512123793;	0.014547230949746;	0.016061386671316;	0.014002741326627;	0.015478844211792;	0.013897346762380;	0.015106595539339;	0.014949237680507;	0.016308798655469;	0.015383393081105;	0.015508230059892;	0.016738299187309;	0.015852848977379;	0.016040638288177;	0.017029683768816;	0.017931273201485;	0.016900708080992;	0.017741892233465;	0.018275646788959;	0.019447529957907;	0.018418561366131;	0.018986376982019;	0.019734278909096;	0.020674655948507;	0.021811148054196;	0.020962774932190;	0.020823797778694;	0.021646521037155;	0.022487144667494;	0.023228747571505;	0.023953073957989;	0.024666050487395;	0.024223780683360;	0.024598324211760;	0.024442002939080;	0.025171141605839;	0.025652054359127;	0.026443298926016;	0.027239991648646;	0.028065552973890;	0.029072204868098;	0.029993114966355;	0.030936232875375;	0.030452034159767;	0.031201631119213;	0.032253081339958;	0.033285056341259;	0.034305716020536;	0.035264207119959;	0.036074146289199;	0.037165017682363;	0.037688778685779;	0.038467962169765;	0.039563334704992;	0.040574543242828;	0.041014753283886;	0.042443078114135;	0.043773387780466;	0.045139089364440;	0.046545326343343;	0.047976204554164;	0.048636205446819;	0.050535852601173;	0.050600619601028;	0.052544724240334;	0.054153008194290;	0.056138166170380;	0.058109763446587;	0.060462627051588;	0.063401139752763;	0.064678770726307;	0.067988146136571;	0.070883584007860;	0.074171243600716;	0.079022784588569;	0.082794055494301;	0.087923177856611;	0.094239791089907;	0.101231341604292;	0.104372547379243;	0.119010935263666;	0.130904578070614;	0.145149188564343;	0.166666653576278;	0.186237614251500;	0.162543135014098
0.364848120340540;	0.041868133705507;	0.040646752289413;	0.037481368127251;	0.032287014927482;	0.033734510106268;	0.083848058428687;	0.024184976524749;	0.895673320234812;	0.819124004824286;	0.110341722617341;	0.172672838535743;	0.158784440165859;	0.017306991019618;	0.015710514247962;	0.014547232831311;	0.016061388831326;	0.014002743191048;	0.015478846347404;	0.013897348648587;	0.015106597541732;	0.014949240085724;	0.016308801258676;	0.015383395546493;	0.015508232570021;	0.016738301889154;	0.015852851551896;	0.016040640899644;	0.017029686526146;	0.017931276109099;	0.016900710829308;	0.017741895118300;	0.018275649741841;	0.019447533087469;	0.018418564335964;	0.018986380024865;	0.019734282042673;	0.020674659207168;	0.021811151450973;	0.020962778203353;	0.020823800996563;	0.021646524354105;	0.022487148065087;	0.023228751036403;	0.023953077483910;	0.024666054065227;	0.024223784173195;	0.024598327700416;	0.024442006359839;	0.025171145063668;	0.025652057828214;	0.026443302425549;	0.027239995173228;	0.028065556520626;	0.029072208447792;	0.029993118566444;	0.030936236491073;	0.030452037652902;	0.031201634605912;	0.032253084841086;	0.033285059849523;	0.034305719531582;	0.035264210626969;	0.036074149785208;	0.037165021183264;	0.037688782161649;	0.038467965653451;	0.039563338220943;	0.040574546783520;	0.041014756820087;	0.042443081699299;	0.043773391408393;	0.045139093034815;	0.046545330057535;	0.047976208311080;	0.048636209183067;	0.050535856389800;	0.050600623350440;	0.052544728052800;	0.054153012053234;	0.056138170087325;	0.058109767412559;	0.060462631072586;	0.063401143842878;	0.064678774840390;	0.067988150327092;	0.070883588273579;	0.074171247937927;	0.079022789018725;	0.082794060002363;	0.087923182447506;	0.094239795754401;	0.101231346331015;	0.104372552126518;	0.119010940060758;	0.130904582829062;	0.145149193273908;	0.166666658203855;	0.186237618772474;	0.163536050847796
0.364848127359054;	0.041868140415460;	0.040646758532337;	0.037481373737294;	0.032287019718368;	0.033734517036762;	0.083848064262927;	0.024184980076210;	0.895673324073842;	0.819124007975945;	0.110341726083297;	0.172672841627559;	0.158784442894388;	0.028286749631618;	0.015710517147260;	0.014547235423533;	0.016061391816359;	0.014002745800672;	0.015478849350140;	0.013897351332508;	0.015106600410247;	0.014949242707847;	0.016308804077965;	0.015383398213240;	0.015508235276026;	0.016738304787550;	0.015852854311344;	0.016040643690776;	0.017029689460766;	0.017931279195270;	0.016900713744036;	0.017741898170296;	0.018275652862411;	0.019447536388256;	0.018418567468854;	0.018986383226160;	0.019734285337249;	0.020674662631104;	0.021811155017513;	0.020962781645950;	0.020823804389289;	0.021646527853576;	0.022487151654940;	0.023228754705468;	0.023953081227484;	0.024666057876382;	0.024223787907968;	0.024598331447769;	0.024442010053689;	0.025171148814966;	0.025652061615662;	0.026443306272808;	0.027239999075844;	0.028065560474284;	0.029072212467261;	0.029993122643545;	0.030936240626532;	0.030452041695773;	0.031201638690461;	0.032253088995296;	0.033285064069748;	0.034305723817492;	0.035264214974338;	0.036074154188148;	0.037165025661706;	0.037688786647266;	0.038467970164514;	0.039563342807203;	0.040574551436735;	0.041014761504960;	0.042443086483170;	0.043773396282052;	0.045139097997545;	0.046545335110886;	0.047976213453522;	0.048636214398445;	0.050535861717994;	0.050600628638283;	0.052544733435949;	0.054153017510184;	0.056138175637828;	0.058122024184705;	0.060510950165748;	0.063485347772305;	0.064786262607607;	0.068110244718218;	0.071018353632094;	0.074317150968647;	0.079179600306443;	0.082960335551746;	0.088099177117407;	0.094425952507039;	0.101428562680300;	0.104580919738501;	0.119235366782100;	0.131140326311187;	0.145400283758168;	0.166935189280564;	0.186523318608739;	0.164435093280588
0.364848135254312;	0.041868148308389;	0.040646765845792;	0.037481380297670;	0.032287025330863;	0.033734524971312;	0.083848070861458;	0.024184984226836;	0.895673328508611;	0.819124011462007;	0.110341730080632;	0.172672845203109;	0.158784446050258;	0.028286752945811;	0.015710520484028;	0.014547238410261;	0.016061395231606;	0.014002748792751;	0.015478852767075;	0.013897354391240;	0.015106603663467;	0.014949245689444;	0.016308807271602;	0.015383401237028;	0.015508238340447;	0.016738308060267;	0.015852857428322;	0.016040646839235;	0.017029692764493;	0.017931282664874;	0.016900717021902;	0.017741901591900;	0.018275656358481;	0.019447540079348;	0.018418570972121;	0.018986386804997;	0.019734289016898;	0.020674666450678;	0.021811158989755;	0.020962785484064;	0.020823808161482;	0.021646531737763;	0.022487155633851;	0.023228758767181;	0.023953085366051;	0.024666062083960;	0.024223792028496;	0.024598335580421;	0.024442014122017;	0.025171152937720;	0.025652065770461;	0.026443310483955;	0.027243739565901;	0.028083816287715;	0.029106407371653;	0.030041098324739;	0.030994763517894;	0.030517862721301;	0.031275969013124;	0.032335816876351;	0.033375522190104;	0.034403440816444;	0.035368737202542;	0.036185134966258;	0.037283087658010;	0.037812320574547;	0.038597745844463;	0.039700508830432;	0.040718733082250;	0.041164762966908;	0.042601145377685;	0.043939350966593;	0.045313096772251;	0.046727655253471;	0.048167015727822;	0.048834175662588;	0.050743888119490;	0.050813325473436;	0.052768118774907;	0.054386635149595;	0.056383729086482;	0.058376959857762;	0.060772813911470;	0.063758011563238;	0.065070610964438;	0.068413160404461;	0.071340928493820;	0.074661320063427;	0.079549454145589;	0.083356284885672;	0.088524995786495;	0.094884882296591;	0.101924041615039;	0.105113535639986;	0.119815019041050;	0.131753446396556;	0.146064752071463;	0.167666365102232;	0.187328254962452;	0.165370163959714
0.364848144008587;	0.041868157580767;	0.040646774397830;	0.037481387955802;	0.032287031895929;	0.039432054385431;	0.083848078263285;	0.024184989073704;	0.895673333619840;	0.819124015309705;	0.110341734686681;	0.172672849330853;	0.158784449694502;	0.028286756748744;	0.039836945160151;	0.014547241840204;	0.016061399125653;	0.014011542819866;	0.015514350013967;	0.013946490562145;	0.015167412894744;	0.014975350779110;	0.016342349040446;	0.015420213020857;	0.015550531665321;	0.016788588346677;	0.015905335377177;	0.016098081907513;	0.017094391914256;	0.018003842396719;	0.016973203663334;	0.017821663614366;	0.018361091844096;	0.019542246189611;	0.018512175453041;	0.019085519201319;	0.019840028674229;	0.020788542895401;	0.021933739092430;	0.021084860814217;	0.020947647678003;	0.021777783896703;	0.022625531752982;	0.023374085037577;	0.024105247332388;	0.024824966213315;	0.024383345837083;	0.024762253603835;	0.024606866157596;	0.025341729529209;	0.025827430286479;	0.026624731030779;	0.027427801782050;	0.028262136138037;	0.029279643151882;	0.030211606456197;	0.031165935069598;	0.030684875258225;	0.031445577946364;	0.032510357202273;	0.033555847736628;	0.034590581044967;	0.035563379004161;	0.036387710013480;	0.037495193834252;	0.038030823965727;	0.038824212856912;	0.039937957172158;	0.040967230647335;	0.041423084916002;	0.042873495738992;	0.044226160572154;	0.045615275673646;	0.047046309817164;	0.048502953411278;	0.049185143831218;	0.051115931783525;	0.051197814188355;	0.053176204688349;	0.054817911030089;	0.056842149690064;	0.058860448343334;	0.061277845098260;	0.064287525346880;	0.065624058011336;	0.069003240939528;	0.071969438081032;	0.075333521957753;	0.080274799651870;	0.084137565102759;	0.089373856760085;	0.095814029195177;	0.102949864336925;	0.106251551500118;	0.121099164845717;	0.133146522580884;	0.147638747218299;	0.169497247700280;	0.189393144082170;	0.166335815407903
0.370336000671380;	0.042104263860610;	0.040871684717981;	0.037690178501666;	0.032472150511107;	0.039709229354286;	0.085269217318253;	0.024339022651769;	0.895850747024051;	0.819290342460728;	0.110509928066206;	0.172827540900216;	0.158924792032801;	0.028524724239180;	0.039991765459751;	0.036715073770385;	0.016229822401796;	0.014153624838706;	0.015653992835305;	0.014056849575635;	0.015278732761853;	0.015086148432207;	0.016457843085071;	0.015527582002940;	0.015657447813793;	0.016900754300614;	0.016011128927267;	0.016203888692448;	0.017204453070726;	0.018119359283062;	0.017082561498890;	0.017936093688168;	0.018478856504959;	0.019668260062317;	0.018633495839112;	0.019210905668838;	0.019971333124792;	0.020927926443488;	0.022082056069816;	0.021232020901250;	0.021096190161449;	0.021934700161427;	0.022790913417260;	0.023548124140853;	0.024288051821032;	0.025016759242196;	0.024577368160621;	0.024963361254198;	0.024811125556697;	0.025555101625752;	0.026049385428036;	0.026857293536057;	0.027670910118570;	0.028515929246625;	0.029544440327355;	0.030486468365310;	0.031450899513502;	0.030969671662724;	0.031739279402518;	0.032815172488860;	0.033871723685613;	0.034918203291959;	0.035903092356945;	0.036739666938901;	0.037861793006294;	0.038406124121791;	0.039210245215041;	0.040340080679455;	0.041385399753818;	0.041855991930311;	0.043328054679902;	0.044703129495929;	0.046116195059903;	0.047573037587104;	0.049056681340422;	0.049762564175886;	0.051726586271405;	0.051827938732712;	0.053843745779986;	0.055521801130200;	0.057589453864321;	0.059651291298908;	0.062111778578116;	0.065169402355150;	0.066554391591404;	0.070004605565398;	0.073045537750993;	0.076497296508008;	0.081542271215558;	0.085503908899507;	0.090841841649630;	0.097366693395780;	0.104572998955426;	0.107925422506622;	0.122786552932623;	0.134713933095471;	0.149159928438376;	0.171034863773649;	0.190920941705239;	0.167365914011559
0.370606119973204;	0.042359603757650;	0.041105312344883;	0.037898014463421;	0.032649680592280;	0.040241700998342;	0.085481989861711;	0.024542732592225;	0.895990662943136;	0.819404018890765;	0.110634663784910;	0.172940482295532;	0.159025620077806;	0.028628182689181;	0.040299045667722;	0.036826389583518;	0.043475071840172;	0.014268394596656;	0.015806690252983;	0.014210105813531;	0.015448753709647;	0.015221816358344;	0.016608162213210;	0.015676460684567;	0.015813859001274;	0.017072332862919;	0.016180172065744;	0.016378985278867;	0.017391760606923;	0.018320954169193;	0.017277414059729;	0.018142704815793;	0.018693818311721;	0.019900087864398;	0.018857674803742;	0.019442208345982;	0.020212944895005;	0.021183302642877;	0.022351856443991;	0.021498013246989;	0.021361970868217;	0.022212129886511;	0.023079891694673;	0.023848689663342;	0.024599865771189;	0.025339890008922;	0.024900459758553;	0.025294237339198;	0.025142890540667;	0.025897312592776;	0.026401597798882;	0.027222666695762;	0.028048698496326;	0.028906349620850;	0.029949076814890;	0.030904890575968;	0.031883768991000;	0.031402289267872;	0.032185140613732;	0.033277488947873;	0.034350239446709;	0.035414033646209;	0.036416778933553;	0.037271439861407;	0.038415300813381;	0.038971671370174;	0.039790482721432;	0.040943427526903;	0.042011513554315;	0.042503610893802;	0.044006721908928;	0.045414017410349;	0.046861640840022;	0.048355920250284;	0.049878692363377;	0.050620494834105;	0.052634637599767;	0.052766794198301;	0.054840129376635;	0.056572682168415;	0.058704668740472;	0.060823661556839;	0.063337713046915;	0.066443359254461;	0.067855248707841;	0.071338641740540;	0.074386438936046;	0.077838349267011;	0.082874698946979;	0.086801424128438;	0.092102780590157;	0.098596200837731;	0.105776768519921;	0.109114603064520;	0.123955775889790;	0.135810501588071;	0.150260726372744;	0.172192666521718;	0.192124344338909;	0.168471794984044
0.375363262403460;	0.042821648212175;	0.041535259577242;	0.038291200154317;	0.032997220425477;	0.040860287203231;	0.086041110858898;	0.024824886500006;	0.897254842380774;	0.819681584316707;	0.110925701659091;	0.173207861786480;	0.159266363832713;	0.028945712931848;	0.040623099138955;	0.037231540939117;	0.043864795029126;	0.043719622320482;	0.052376491046054;	0.014447229279177;	0.015698929846260;	0.015449038014562;	0.016849945162680;	0.015909703645560;	0.016053107044803;	0.017329018648319;	0.016430024230355;	0.016634633408691;	0.017662048704181;	0.018609998973296;	0.017555977319891;	0.018436563663016;	0.018999015720189;	0.020228967782737;	0.019176063626557;	0.019769764857989;	0.020555149749105;	0.021545284561132;	0.022734210001868;	0.021876220928066;	0.021740058005372;	0.022606258603656;	0.023490211738341;	0.024275464143367;	0.025042466516718;	0.025798437564951;	0.025359224708880;	0.025763867297342;	0.025613129894856;	0.026379899031679;	0.026895992399555;	0.027733707589670;	0.028575093629687;	0.029448905190064;	0.030509925291361;	0.031483443259982;	0.032480873628287;	0.031998395243928;	0.032798044285347;	0.033911199315578;	0.035004020911267;	0.036089512250554;	0.037114692193460;	0.037992022709553;	0.039163411016056;	0.039732668652622;	0.040567338095326;	0.041747750403741;	0.042842081522752;	0.043359622922052;	0.044898758445342;	0.046342816302256;	0.047828316007455;	0.049360966158637;	0.050918529398268;	0.051679773043211;	0.053724954220113;	0.053857104065793;	0.055945512034693;	0.057675427415893;	0.059804760193485;	0.061909151033072;	0.064409086366021;	0.067496722796706;	0.068892193458956;	0.072372913255062;	0.075410931770929;	0.078862511515307;	0.083905756244972;	0.087836170430040;	0.093147979492932;	0.099653081379590;	0.106849444336846;	0.110211736101285;	0.125061544281700;	0.136871728078954;	0.151337409193969;	0.173330786681559;	0.193311229919155;	0.172125763683101
0.377242818731019;	0.043434694680526;	0.042094899985398;	0.038794483042164;	0.033437567235465;	0.041655962961208;	0.086614591413882;	0.025174666367075;	0.897677542744925;	0.820119111513148;	0.112035665240405;	0.173532537954650;	0.159560796437098;	0.029293122199283;	0.041062488641220;	0.037639422530988;	0.044368082141798;	0.044236093196030;	0.052988700962587;	0.051471234206889;	0.016036483930294;	0.015757462982353;	0.017177187809897;	0.016226851333240;	0.016378320066257;	0.017676296814153;	0.016768376976798;	0.016979753284758;	0.018025019993976;	0.018997172656091;	0.017928758284431;	0.018827515024826;	0.019404128671838;	0.020664627863111;	0.019597528661480;	0.020201421763505;	0.021005022345320;	0.022020327585513;	0.023234531751021;	0.022371800193927;	0.022234171524937;	0.023119428073476;	0.024023228484877;	0.024829057866031;	0.025615500967578;	0.026391198485778;	0.025952091187532;	0.026370111629895;	0.026218718077098;	0.026999016040041;	0.027528979364780;	0.028386844157396;	0.029246003939490;	0.030139069081224;	0.031221586684315;	0.032215573385939;	0.033234263069859;	0.032749375359377;	0.033567705620210;	0.034703851277524;	0.035818047944391;	0.036927005937750;	0.037976426269802;	0.038877907462017;	0.040078878336314;	0.040656540731127;	0.041498269948270;	0.042699685820252;	0.043809302470674;	0.044339112912305;	0.045895213335177;	0.047348796325640;	0.048839548300273;	0.050373531827622;	0.051925898731949;	0.052674272130128;	0.054715025928490;	0.054821891289439;	0.056908772183224;	0.058631988002903;	0.060763902917016;	0.062869490524780;	0.065376914342474;	0.068472779955521;	0.069874542842204;	0.073370973626950;	0.076417173022170;	0.079882739676283;	0.084943088568294;	0.088883563138877;	0.094208593420317;	0.100726687867193;	0.107939152068271;	0.111326926786187;	0.126185293275761;	0.137949503861920;	0.152434624950244;	0.174494945435197;	0.194530049563295;	0.176000855612120
0.380897012207596;	0.044286981280765;	0.042868720792926;	0.039490463593459;	0.034049512617334;	0.044999876793007;	0.088306909587100;	0.025654673662411;	0.898248645131796;	0.820555852640215;	0.112560626178167;	0.174650095961283;	0.159954535821942;	0.029737456666681;	0.041591004955518;	0.038142029019779;	0.044951022594005;	0.044830026523104;	0.053675079022433;	0.052212626371877;	0.052012314789476;	0.055268770603153;	0.017591346628282;	0.016634732173189;	0.016795709799747;	0.018119385114775;	0.017199988731105;	0.017418632217204;	0.018484045437032;	0.019485829394299;	0.018399165214100;	0.019318302947700;	0.019911644847431;	0.021209384993629;	0.020124265128639;	0.020738047614356;	0.021562866670553;	0.022608258600843;	0.023851724993306;	0.022984038675830;	0.022842524543465;	0.023748416701540;	0.024674589654741;	0.025504161983135;	0.026312479995453;	0.027110512634189;	0.026670868335488;	0.027104155741399;	0.026949549981110;	0.027742401818773;	0.028286382397284;	0.029165710257794;	0.030042279295323;	0.030954743276292;	0.032058264748774;	0.033071175858169;	0.034108683221410;	0.033615780649514;	0.034447733782611;	0.035600031509992;	0.036725946230234;	0.037847036184188;	0.038907057269700;	0.039816443080915;	0.041027498241898;	0.041588383552482;	0.042413111946894;	0.043610782862436;	0.044712390545891;	0.045235168917552;	0.046790308957808;	0.048246526665096;	0.049741466221522;	0.051281327776323;	0.052838872587752;	0.053584064887471;	0.055636225021431;	0.055738854942848;	0.057839492061937;	0.059572156236374;	0.061723735268331;	0.063863262917142;	0.066437652652929;	0.069599828496297;	0.071054982295922;	0.074607986179716;	0.077703835869102;	0.081227475837792;	0.086353950818572;	0.090357214454092;	0.095755207947296;	0.102353400077582;	0.109658343200711;	0.113158270318476;	0.128132227159223;	0.139953302741378;	0.154604892149508;	0.176930986946190;	0.197253297585958;	0.178947752685366
0.384085485025198;	0.053649098456734;	0.043860361560269;	0.040378933546596;	0.034833379313919;	0.046267063643305;	0.089401567989672;	0.026337620431806;	0.899408303327314;	0.821092901108097;	0.113195997440104;	0.175259228721657;	0.161112632699574;	0.030277250614218;	0.042206223485317;	0.038725620668011;	0.045619638474036;	0.045500469630021;	0.054434612411871;	0.053001777846176;	0.052910069914541;	0.056180992573325;	0.056219539312395;	0.017119206372019;	0.017287264890053;	0.018635781620122;	0.017732725714493;	0.017959101273597;	0.019041001228561;	0.020077088222176;	0.018967819815520;	0.019909968671474;	0.020522029737287;	0.021863022747209;	0.020755792119497;	0.021375804776053;	0.022223413428712;	0.023302177826132;	0.024576714990479;	0.023703265792931;	0.023555763738260;	0.024481380362083;	0.025429977016701;	0.026283912857956;	0.027113637448559;	0.027933446493947;	0.027490412743188;	0.027936402269879;	0.027774608238231;	0.028575751657132;	0.029132080854259;	0.030033346412213;	0.030931284811040;	0.031878787054874;	0.033018474625087;	0.034061783072199;	0.035125877611601;	0.034628408910187;	0.035478251173531;	0.036651323667366;	0.037794712528814;	0.038936163169212;	0.040018095601773;	0.040950454178124;	0.042192954719855;	0.042762583902146;	0.043596023395536;	0.044826970681801;	0.045961363106370;	0.046518652539966;	0.048121362703669;	0.049627733726135;	0.051176615073116;	0.052774570715237;	0.054391416637184;	0.055188593116385;	0.057314547046843;	0.057458568519535;	0.059642648766078;	0.061453387357729;	0.063697071093623;	0.065918227032584;	0.068566908660277;	0.071812515869722;	0.073356967633185;	0.077041113754324;	0.080267046833532;	0.083945034398762;	0.089251044321679;	0.093422665759027;	0.099001221275291;	0.105770306169539;	0.113242743902672;	0.116911007635427;	0.132007007667043;	0.143722400719757;	0.158448085789325;	0.180989664718555;	0.201443645796278;	0.183628092605757
0.387061277925316;	0.061760677319175;	0.054228181236011;	0.041485099626278;	0.035823499191877;	0.049551409127843;	0.090622165347107;	0.027114608476166;	0.900642826152227;	0.821854832931181;	0.114633761617262;	0.175999682910345;	0.161792403903221;	0.041404115148888;	0.063783012803121;	0.039388328130051;	0.046348986147460;	0.046245234389651;	0.055284370314140;	0.053894722705783;	0.053893904386064;	0.057138258876180;	0.057337618700830;	0.057249424494016;	0.060059856588272;	0.062405220534219;	0.018386529277769;	0.018622147156462;	0.019802912954589;	0.020891560592747;	0.019757282159050;	0.020716732371438;	0.021358553587420;	0.022762203859542;	0.021628802697375;	0.022269751121054;	0.023154883252972;	0.024286263140348;	0.025611418964507;	0.024736475814087;	0.024582218698872;	0.025544469381378;	0.026534249079056;	0.027432438942935;	0.028303265586685;	0.029165358561020;	0.028726470152369;	0.029203066471291;	0.029038089860947;	0.029860713892459;	0.030440641865339;	0.031376378902490;	0.032297538662083;	0.033262645577322;	0.034422946319216;	0.035487329398956;	0.036576759496340;	0.036063997076525;	0.036939620932504;	0.038147093028284;	0.039323796315593;	0.040503803731198;	0.041627163492791;	0.042602343254929;	0.043897955598460;	0.044485761796286;	0.045331067268005;	0.046611494026340;	0.047792910707510;	0.048397860521837;	0.050066511434303;	0.051641483190150;	0.053263377701276;	0.054939239742966;	0.056634050913379;	0.057492371446710;	0.059712060541014;	0.059901481776905;	0.062181456928566;	0.064070455501453;	0.066405454881465;	0.068698369450654;	0.071413529188536;	0.074710743357692;	0.076283263145836;	0.080011303241143;	0.083238705294851;	0.086920791940715;	0.092226281304314;	0.096364522436124;	0.101916025823555;	0.108664555630597;	0.116130352564443;	0.119825099653080;	0.134908322307883;	0.146484333664861;	0.161242412898425;	0.183936535531849;	0.204512914325479;	0.189634803172013
0.394831084782680;	0.069160160547765;	0.064097219794486;	0.053166434310071;	0.037261282133887;	0.056016765042576;	0.094247257572232;	0.028361085185191;	0.901905250475728;	0.822827711791883;	0.115833187147559;	0.177683560690278;	0.163035086035901;	0.042639906048643;	0.066461180933532;	0.060667408962235;	0.072132258189549;	0.048790508581534;	0.059220327724597;	0.054965516605962;	0.055109846363885;	0.058311779090791;	0.058635992066912;	0.058725285267227;	0.061595717745572;	0.064005390454312;	0.064539345155271;	0.066372605105318;	0.020770246723428;	0.021913604875965;	0.020735784801251;	0.021852271568796;	0.022530249588097;	0.024014277373483;	0.022838440609293;	0.023473316118892;	0.024401547613900;	0.025593959507890;	0.026975856046902;	0.026089680204762;	0.025927038864668;	0.026925338141737;	0.027956056682623;	0.028898000278768;	0.029807781720875;	0.030709531343803;	0.030262890148878;	0.030759213610323;	0.030580634763077;	0.031418762823545;	0.032020498985015;	0.032993784252857;	0.033947298431095;	0.034949976966624;	0.036152328331849;	0.037257009984080;	0.038388923572376;	0.037868442815536;	0.038782514191619;	0.040036700134891;	0.041256635138425;	0.042485435350804;	0.043660236383924;	0.044687750484714;	0.046047811936459;	0.046652618382845;	0.047482861287676;	0.048813764821055;	0.050037978211834;	0.050685331605278;	0.052408743712877;	0.054032092041007;	0.055697940913818;	0.057412513186746;	0.059132920621393;	0.059990450000837;	0.062231032333695;	0.062388440228717;	0.064679912646607;	0.066560291602002;	0.068902359397670;	0.071194505821577;	0.073923536058401;	0.077234474265484;	0.078824041927688;	0.082591288822465;	0.085841837121126;	0.089565463591336;	0.094921702808222;	0.099099081291154;	0.104700249594431;	0.111500748241433;	0.119031457451874;	0.122824779590415;	0.137964587826463;	0.149475063994549;	0.164349466064615;	0.187300791654643;	0.208131768054436;	0.195255134598885
0.402454096923414;	0.075867286476680;	0.072566333562636;	0.064343247136059;	0.049984121733870;	0.058727584113540;	0.096779207280248;	0.030032466654460;	0.904334084384806;	0.824240343350598;	0.118338236153545;	0.179159529697958;	0.164725043276080;	0.044640579782214;	0.068733615003009;	0.062491616144184;	0.074063465007559;	0.075310735395095;	0.090603192225799;	0.088264729830634;	0.056418363944749;	0.059590163373392;	0.059997677663631;	0.060256399996222;	0.063158226240611;	0.065614300370687;	0.066414508388808;	0.068272667153060;	0.069883263438851;	0.074521933265657;	0.074644071544981;	0.023108955719304;	0.023827539614217;	0.025397909080921;	0.024177306684501;	0.024922482497642;	0.025894022107930;	0.027151812364656;	0.028594266226558;	0.027697105947244;	0.027500545519266;	0.028536114299830;	0.029612188227380;	0.030605005209401;	0.031561397678537;	0.032513037248761;	0.032067076141975;	0.032577161585037;	0.032386843152082;	0.033245947359278;	0.033877375673180;	0.034898355003802;	0.035889879846998;	0.036936738155121;	0.038186429739895;	0.039334901766657;	0.040511336112119;	0.039979740003777;	0.040929855222303;	0.042225654938561;	0.043478906166268;	0.044745081254624;	0.045957166088431;	0.047019648319404;	0.048423181225306;	0.049011009203566;	0.049752074041872;	0.051098936333045;	0.052330832758388;	0.052991637446301;	0.054740058849756;	0.056393577325760;	0.058093832441093;	0.059847786609493;	0.061606480152489;	0.062485096577368;	0.064782858346168;	0.064960496243399;	0.067321335778652;	0.069262282329137;	0.071691035139111;	0.074079233703403;	0.076938090325872;	0.080380381154687;	0.082098441678851;	0.086025216694192;	0.089426437026357;	0.093333135800616;	0.098900306980290;	0.103281705649166;	0.109109413087356;	0.116137719747732;	0.123907305600743;	0.127968225766220;	0.143309705959719;	0.154756083670708;	0.169822833603301;	0.193163074436483;	0.214297404104909;	0.203117700924935
0.408896844810085;	0.082240729267577;	0.079655793415787;	0.073344613035520;	0.061860410583319;	0.077022890769655;	0.101041545567072;	0.032108377461131;	0.906286284756328;	0.825819828200842;	0.120654891197930;	0.182173202490686;	0.166713972773580;	0.046439855064566;	0.070724005074272;	0.065053174976656;	0.076759609940414;	0.077508285236819;	0.093026986996453;	0.091674306022723;	0.090444553230047;	0.095778726206651;	0.081163065314608;	0.061648111080829;	0.064551271183419;	0.067043246817375;	0.068114461049527;	0.069956243148698;	0.071885372392629;	0.076591954437963;	0.076609816330849;	0.079720459176854;	0.080861429381642;	0.086829615069509;	0.086862153339367;	0.026578899222976;	0.027631889423618;	0.029006579668081;	0.030565695385839;	0.029718272837510;	0.029340224971937;	0.030430115359159;	0.031573569652537;	0.032644259464775;	0.033672876940424;	0.034701018140754;	0.034278901844352;	0.034684870768924;	0.034488318456737;	0.035370479983632;	0.036041034369654;	0.037123185537562;	0.038166353916466;	0.039282611297619;	0.040603157593893;	0.041814632468887;	0.043051229702259;	0.042517919299409;	0.043515999193604;	0.044866653745759;	0.046167533238517;	0.047490412858887;	0.048764243558746;	0.049892205046987;	0.051378625565523;	0.051988586251641;	0.052609431216060;	0.054030739676770;	0.055333519513278;	0.056073735539034;	0.057922853634030;	0.059682280531629;	0.061495146487859;	0.063368847692269;	0.065245920596387;	0.066217837575314;	0.068656698498447;	0.068909011526673;	0.071417867324557;	0.073483098544212;	0.076058161840318;	0.078563742261493;	0.081530638817721;	0.085065644854222;	0.086859606145805;	0.090890832300290;	0.094342829091406;	0.098310242045905;	0.103933107259428;	0.108322900864330;	0.114161188831760;	0.121194207534005;	0.128979398822731;	0.133102862166302;	0.148420375885934;	0.159626735594466;	0.174739631284692;	0.198322808464822;	0.219653674515972;	0.210940515462258
0.414360437613021;	0.098954969013281;	0.090106746764739;	0.080268089787503;	0.070864009772737;	0.091704217440917;	0.111490917692188;	0.034449840753050;	0.909189041765484;	0.827708348352277;	0.123848491275233;	0.184389248390379;	0.169525725090444;	0.057096049341816;	0.089763495633470;	0.067024046057811;	0.078828255104232;	0.080322348294805;	0.095952523507100;	0.094125536970509;	0.093133052806164;	0.099113601544449;	0.098428239283797;	0.098468214560630;	0.103691514655514;	0.107124034662795;	0.070449726991462;	0.072729691779438;	0.073747518631974;	0.078544049238208;	0.078480496124289;	0.081718419397208;	0.082873949271646;	0.088930890609293;	0.088870020379421;	0.089576557180388;	0.091437133276038;	0.095564997239250;	0.098944565634732;	0.098711297578198;	0.032175865583588;	0.033380609654591;	0.034649157037446;	0.035856847229387;	0.037004480047077;	0.038150208046190;	0.037771789011850;	0.037683445801873;	0.037486702876009;	0.038406015348503;	0.039130898210458;	0.040293162470412;	0.041393782323669;	0.042570569656480;	0.043955741418353;	0.045229491026674;	0.046532911428941;	0.045990425575595;	0.047048866901066;	0.048472297018000;	0.049837609660652;	0.051236705835736;	0.052592306190646;	0.053805424884027;	0.055396156795746;	0.056025334816602;	0.056384791202593;	0.057884545417679;	0.059253471448999;	0.060066090834314;	0.062003858476632;	0.063846703295170;	0.065739022173687;	0.067687378760559;	0.069621077625798;	0.070604949340415;	0.073098016814379;	0.073326427629937;	0.075877491116648;	0.077952383802040;	0.080563785750849;	0.083090724991065;	0.086101129340299;	0.089675419396804;	0.091516759459902;	0.095629269934295;	0.099140372589964;	0.103201231699378;	0.108937014972577;	0.113431866431102;	0.119399192701592;	0.126569738466860;	0.134520764505819;	0.138872906264589;	0.154337437933017;	0.165454159342488;	0.180794694619736;	0.204838287797529;	0.226583353931351;	0.220936965439908
0.423762545464865;	0.111901949971530;	0.107041711160202;	0.095555178897253;	0.077734076619685;	0.106938574633808;	0.123666873353377;	0.053507971607792;	0.911582804400588;	0.829997080916077;	0.127303299494439;	0.188267629941355;	0.172624427589715;	0.061515016587107;	0.096736363226772;	0.088689517555116;	0.104468067024653;	0.087577199087598;	0.105848867903446;	0.101994867187868;	0.096343273193392;	0.101861197915330;	0.101391748225064;	0.102361899334755;	0.107590733862379;	0.111046074493983;	0.112597858324072;	0.115812608400619;	0.093382163447585;	0.100781952124694;	0.102446231594929;	0.084123968822563;	0.085378596107499;	0.091627922809003;	0.091521393735384;	0.092030813080242;	0.093961850764355;	0.098194511504079;	0.101669211608558;	0.101429962009972;	0.102209582757130;	0.104457423023814;	0.106247399103191;	0.108464851694804;	0.110301939293044;	0.112026733762536;	0.112168740654425;	0.041754028687429;	0.041530895128619;	0.042462730107794;	0.043231793490597;	0.044471955956772;	0.045624839724658;	0.046868779257409;	0.048324812385712;	0.049662775594911;	0.051031075351294;	0.050466741448632;	0.051573801137269;	0.053056297453076;	0.054464183231032;	0.055917642604676;	0.057330867874525;	0.058603362210840;	0.060270698233336;	0.060870754742196;	0.060703886268661;	0.062244001644821;	0.063639253480386;	0.064494704299313;	0.066492355711962;	0.068403151955913;	0.070370519324471;	0.072402705515293;	0.074416645475119;	0.075445628468716;	0.078050066913579;	0.078329049514677;	0.081012209899352;	0.083200262248090;	0.085968238852453;	0.088648885868343;	0.091845369571215;	0.095597060030868;	0.097610762216852;	0.101931813868406;	0.105614836938225;	0.109875784775377;	0.115822513353282;	0.120492757501902;	0.126641620493668;	0.133976650035503;	0.142096993473210;	0.146664360383460;	0.162208439993369;	0.173063183716024;	0.188518504315975;	0.212930499601507;	0.234943711230632;	0.231555470303986
0.433583252643735;	0.123394753422426;	0.119802880477056;	0.111733035303629;	0.096615299453609;	0.117933865287397;	0.132427805142734;	0.067572934961039;	0.931238119397455;	0.832598818856242;	0.132013404434583;	0.192454215609281;	0.176604982795927;	0.065619317224682;	0.101084254354120;	0.092810745107721;	0.108699233098071;	0.111026208645861;	0.132191281369637;	0.130341118591002;	0.117087527330944;	0.124610120957929;	0.114469184088308;	0.105461236032073;	0.110715809630014;	0.114250019770057;	0.116380938611053;	0.119537915523764;	0.122403590509235;	0.130311120710068;	0.130179852150806;	0.128837404601008;	0.131282687733625;	0.141648749278228;	0.143107030053199;	0.095321607606667;	0.097398884313997;	0.101843249074946;	0.105508387637870;	0.105365579913995;	0.105349178030399;	0.107686360201546;	0.109590818415104;	0.111941594437905;	0.113902654202602;	0.115759412179780;	0.115953127765470;	0.117108009550543;	0.116143786349963;	0.117002168938539;	0.117644336836502;	0.118977691047014;	0.119740571999061;	0.120744333048176;	0.122068343433025;	0.123226015479147;	0.124391204997013;	0.123162081191847;	0.123766908040064;	0.125048220917970;	0.125977606800335;	0.127151373398120;	0.128344670959143;	0.129625041276712;	0.131466960666152;	0.131801588582768;	0.066281057071617;	0.067923060260755;	0.069408045805827;	0.070373691205199;	0.072507497682889;	0.074557901736631;	0.076668215709879;	0.078846648149475;	0.080991297155212;	0.082089520687993;	0.084835283730537;	0.085152688544338;	0.087966688389244;	0.090237885832925;	0.093121712105553;	0.095877752452708;	0.099153765725398;	0.102965003093129;	0.105035815985093;	0.109449843584159;	0.113179053007817;	0.117515174596880;	0.123546511163054;	0.128281015754884;	0.134515442265853;	0.141941721959014;	0.150190938261205;	0.154972486654284;	0.170611969656605;	0.181262451405552;	0.196937103667545;	0.221854165152571;	0.244308533067664;	0.244112901849908
0.440967198360252;	0.138585961521176;	0.132653697150589;	0.123177048655970;	0.111808579881032;	0.142202013748173;	0.144586179130133;	0.075300143000156;	0.942792941571444;	0.841017980482886;	0.160499712911131;	0.197351731760512;	0.181506692885404;	0.075769421289606;	0.117146378321572;	0.097081212496477;	0.113009521915145;	0.115482468372668;	0.136728330107487;	0.134871360146513;	0.133159561159949;	0.141175951871075;	0.139178269923380;	0.138977465931694;	0.146475650097781;	0.151120601044689;	0.120700625640995;	0.124282540459242;	0.126220515125946;	0.134333449827085;	0.134446287206263;	0.139413586752253;	0.141094449316030;	0.151151931834604;	0.150851086343340;	0.151698920616894;	0.154449666214637;	0.161139185426161;	0.166275957595706;	0.166593531173340;	0.114145396211567;	0.117361380181008;	0.120193099107244;	0.123582010385673;	0.126580433061376;	0.129513200642565;	0.130721831348599;	0.122048948479507;	0.121082090538709;	0.121946175792795;	0.122668112052783;	0.124119346336353;	0.124965072253244;	0.126061864514973;	0.127481077465181;	0.128728080591262;	0.129986030108107;	0.128747059587547;	0.129431110873375;	0.130803451374702;	0.131807642116024;	0.133072175824384;	0.134362586660589;	0.135743460389752;	0.137708260834316;	0.138029200198718;	0.137570528789994;	0.139153836022788;	0.140261739255201;	0.141079560664144;	0.143611241572190;	0.146081657216678;	0.148610727028204;	0.151326091857521;	0.153845428300847;	0.155655007040886;	0.158889637547555;	0.159051777064512;	0.162389773448011;	0.164708164968359;	0.168276472990005;	0.171354300064432;	0.175155613805704;	0.179504722173747;	0.181785743352259;	0.186664203860916;	0.191446020393787;	0.196210843224667;	0.202625591807184;	0.208529721617365;	0.215693102263785;	0.223738338269311;	0.233034684272603;	0.238243039509923;	0.255107925214203;	0.265917929411645;	0.283177110903263;	0.311021104470230;	0.335797671169491;	0.258197911884468
0.450751225600408;	0.156539154600557;	0.152049532929318;	0.140714181668634;	0.122191828900629;	0.161901489715609;	0.161416902939690;	0.094581526644209;	0.948024539374002;	0.846624109451585;	0.171672760616066;	0.229399260173626;	0.186925824000840;	0.084163705057849;	0.129766187689712;	0.119320573558635;	0.138777005828922;	0.124801818156007;	0.148582037756088;	0.144865221345366;	0.138656217323224;	0.146365324200969;	0.145059967826023;	0.146356615387102;	0.153544097047717;	0.157917873183778;	0.160889279213190;	0.165192464349172;	0.150105737281580;	0.161098218158280;	0.162932983782490;	0.148596233311681;	0.151129300721666;	0.162572071976293;	0.163359763545611;	0.156538541762207;	0.159398124356505;	0.166239129882419;	0.171505626663489;	0.171843639401461;	0.172424709267691;	0.175690787510188;	0.178167115370190;	0.181505703097288;	0.184164155469544;	0.186639343437016;	0.187245975444091;	0.153430960366087;	0.153334869867502;	0.155252738187733;	0.157127499958264;	0.159849122653088;	0.161745943418472;	0.163960629505933;	0.166533680063472;	0.168896530248798;	0.171247899242746;	0.170794433237735;	0.172376779366279;	0.174781198676332;	0.176641528983879;	0.178854325214087;	0.181108284951752;	0.183562463917019;	0.186694266632051;	0.187807648742553;	0.144474676795006;	0.146161880037853;	0.147361095379779;	0.148302647979803;	0.150981688262001;	0.153610974477700;	0.156308888954850;	0.159203187096354;	0.161890899443499;	0.163765583472820;	0.167195581567532;	0.167452413151193;	0.170991454835454;	0.173467258255580;	0.177237802999708;	0.180483276363315;	0.184466745016533;	0.188974786869051;	0.191421107978397;	0.196502961293309;	0.201433918028586;	0.206415818165419;	0.213120093027941;	0.219355143652632;	0.226937882609673;	0.235468595718831;	0.245362294612147;	0.251332571374772;	0.268867870314470;	0.280008967455348;	0.298233491578005;	0.327493365905883;	0.353652983245515;	0.274267561743608
0.462115525025019;	0.170303776832573;	0.167656552709976;	0.160097303465806;	0.145046313588445;	0.177908749978418;	0.174061943049257;	0.113002287374163;	0.959811997642864;	0.850891496170499;	0.179992520192146;	0.237769449458373;	0.220471957700514;	0.119679157092196;	0.137851930588184;	0.126167692128396;	0.145604530688076;	0.149198997128952;	0.175197065298522;	0.173085593729568;	0.163041591845663;	0.172751553536570;	0.164078910941660;	0.156976178081827;	0.165034976835185;	0.170232939891117;	0.166539637960246;	0.170824555613043;	0.174611662211261;	0.185440613004075;	0.185513262677988;	0.189455486440963;	0.192026304249318;	0.205644273896881;	0.206018009975196;	0.182027918604216;	0.186170671837035;	0.194948319649986;	0.201875433867397;	0.203426435909113;	0.179576220480149;	0.183234982862143;	0.186209559941430;	0.190123839245060;	0.193373465709208;	0.196499452473793;	0.197680414476151;	0.195965328480590;	0.194302471927986;	0.194112778478724;	0.194792630980934;	0.196449823373689;	0.197073181070500;	0.198100102499220;	0.199536645881394;	0.200753803200772;	0.201970735572875;	0.200167039101492;	0.200561251343215;	0.201893693745905;	0.202618142353990;	0.203789874151450;	0.205050274010050;	0.206587462785736;	0.208879582051516;	0.208918014762185;	0.204580962414317;	0.206793344067224;	0.208231100038932;	0.209550747111032;	0.212978752012223;	0.216332459272992;	0.219709312373585;	0.223325236853839;	0.226550861542280;	0.229092700216275;	0.233045283213384;	0.233238081703466;	0.237268962437142;	0.239845048434141;	0.244217061450351;	0.247766294347808;	0.252211386008271;	0.257171938623240;	0.259823294416795;	0.265307076681203;	0.271054519845606;	0.276365490052803;	0.283304976980854;	0.290299404753744;	0.298406336325213;	0.307170107759424;	0.317572374056764;	0.323592634774235;	0.341612639817526;	0.352243988937990;	0.371173567589327;	0.402132474015993;	0.429455255525367;	0.363152620683922
0.470891318517173;	0.188145009491316;	0.183349539654216;	0.174076100969256;	0.161728411794949;	0.205070553007899;	0.191258653387185;	0.125510149819212;	0.967403032622090;	0.860195621169688;	0.210811519727763;	0.250660790840443;	0.227814070940599;	0.132177900290914;	0.183287037004231;	0.139438168782378;	0.160647102659420;	0.157265493670426;	0.183995367032882;	0.180956007759125;	0.177814706085331;	0.187189321210214;	0.185003462049873;	0.186472954361759;	0.195261414993221;	0.200516541494708;	0.188784566598318;	0.194246279644664;	0.187944815690085;	0.200483139178459;	0.201927149669807;	0.200311303421352;	0.202930395481354;	0.217053415833240;	0.217201227241425;	0.214796200595553;	0.218411559793051;	0.227327639890957;	0.233990941508867;	0.234770399334419;	0.223623666854467;	0.228358866619530;	0.232163514494029;	0.237080373145027;	0.241073237170122;	0.244815669393819;	0.246385195460338;	0.219685374866713;	0.218993812752427;	0.220034169330431;	0.221976691608009;	0.225042020811275;	0.226937867749227;	0.229313982542097;	0.232135116101341;	0.234714957567020;	0.237290131951116;	0.236570137661956;	0.238181189992024;	0.240819959221263;	0.242708135804884;	0.245107311623225;	0.247594380528924;	0.250412425077300;	0.254052077398383;	0.255000082276872;	0.218246059494121;	0.220118396858868;	0.221270075423474;	0.222428925848914;	0.225809075574490;	0.229206497097379;	0.232720077880625;	0.236564300058001;	0.240084803815557;	0.241692553168128;	0.246123585117306;	0.246737504354167;	0.251365897983399;	0.254508438654735;	0.259552393731092;	0.263754805161586;	0.268911967112111;	0.274588496436189;	0.277981087190249;	0.284284387719153;	0.290863370430099;	0.297052885442131;	0.304937219862425;	0.312989497650700;	0.322214706213734;	0.332114605582521;	0.343790654758658;	0.351160364088279;	0.370468878343407;	0.381852850324499;	0.402337498025426;	0.435388046210729;	0.464621803071208;	0.440486240594717
0.482645609350434;	0.206820123699125;	0.204154778565601;	0.194946097787998;	0.177300478418601;	0.224776930461002;	0.209370180697963;	0.150710991391077;	0.973440592512024;	0.866127904773216;	0.222762562394912;	0.279841919029687;	0.247599310259060;	0.154603081136573;	0.195652222155841;	0.182871756144096;	0.207791669584392;	0.182325130344954;	0.212791314981005;	0.205537168026391;	0.196174842595487;	0.205585732226412;	0.199674982194425;	0.197484826892874;	0.206159110370627;	0.211811875944694;	0.212800343989219;	0.217574295365148;	0.217528817432734;	0.231002486141642;	0.231476412380799;	0.233472348467169;	0.237009550752246;	0.253588592894329;	0.254363993400437;	0.234636473822979;	0.239493696469423;	0.250084896157576;	0.258279891811550;	0.260296093427667;	0.244122735624376;	0.248420119979150;	0.251883075376548;	0.256617499578012;	0.260434521907613;	0.264092207242624;	0.265502168036933;	0.263312650322188;	0.261293731061607;	0.260753654660140;	0.261699137217028;	0.263886582218962;	0.264680544071498;	0.266022944382355;	0.267834028833326;	0.269373585029855;	0.270908135555503;	0.268904412791464;	0.269410248042079;	0.271047190284881;	0.271878602105561;	0.273325880704408;	0.274925878519425;	0.276943857450576;	0.279898567471539;	0.279863647877911;	0.274345117605984;	0.276669086250571;	0.278008606871265;	0.279439438608803;	0.283340495035095;	0.287208041897518;	0.291128442692242;	0.295379955726891;	0.299135400178932;	0.300884098920679;	0.305509092633447;	0.305832307106666;	0.310598290264282;	0.313559991746175;	0.318778772308042;	0.322924446763700;	0.328138719344378;	0.333838242761888;	0.337085539965947;	0.343411888476872;	0.350186926154309;	0.356328006916316;	0.364132363133636;	0.372345591490769;	0.381627224730158;	0.391438004663853;	0.403203923080393;	0.410488365261599;	0.429878250444001;	0.440417950439432;	0.461225462010963;	0.495389563796201;	0.525282395202019;	0.513233616249876
0.493805795119233;	0.223765964585683;	0.220918019593371;	0.213190563326973;	0.200296588156626;	0.247881372184410;	0.225888487733679;	0.167178693101085;	0.981244944407407;	0.873925075100525;	0.246918225867607;	0.292452166794120;	0.271218534090992;	0.181714558967338;	0.229375936269047;	0.194306018436418;	0.219981372093271;	0.219666593293479;	0.251655159512900;	0.229599234030638;	0.225123221047845;	0.229922762944016;	0.226356553598320;	0.227417337949234;	0.235562279654464;	0.241799528223061;	0.232922919327042;	0.238097893510301;	0.235566539999069;	0.250191546011205;	0.250950203544324;	0.252515462798186;	0.255689176740661;	0.272599048515177;	0.272501997990695;	0.269191533478686;	0.273732429153493;	0.284587417001958;	0.292637513541725;	0.294002700431455;	0.284335432115330;	0.289809751027005;	0.294286351615647;	0.300143986271617;	0.304841305496731;	0.309256485251989;	0.311146161532517;	0.289876173700531;	0.288510716459440;	0.289127756327141;	0.291144454131144;	0.294561764342011;	0.296455309607389;	0.298970541593716;	0.301971048549547;	0.304662843885452;	0.307331997212394;	0.306169944838995;	0.307657702510060;	0.310328324419518;	0.312052947262304;	0.314432456395653;	0.316946854867814;	0.319894440931240;	0.323821805021563;	0.324207070905437;	0.295272308795659;	0.297734216410987;	0.299256347698144;	0.301010762519247;	0.305368464265787;	0.309781925248014;	0.314331821220082;	0.319295947082532;	0.323795951147118;	0.325727355471609;	0.331273857429294;	0.332370055362653;	0.338126859659639;	0.341983085559119;	0.348233984801766;	0.353342018710242;	0.359578201599489;	0.366272075886781;	0.370483171360789;	0.377862692112004;	0.385668883765056;	0.392831829299705;	0.401669636996806;	0.410963862686915;	0.421315835699438;	0.432134874296988;	0.444985182714994;	0.453338055474472;	0.473678370589456;	0.484366341130479;	0.506242921472235;	0.541937118051912;	0.572961044477723;	0.580951654349506
0.505303869744154;	0.244094650647485;	0.241680648812688;	0.232932353190026;	0.217052521925084;	0.272112545623159;	0.246011624673366;	0.189912154197142;	0.984883914324575;	0.881851431838032;	0.268572825306273;	0.321477425030524;	0.289517974250537;	0.203444840970550;	0.254106899798998;	0.235177871549306;	0.264257131278622;	0.241264908283304;	0.276141634333890;	0.269793088984965;	0.262979469906295;	0.256815184147983;	0.252006847129827;	0.251296738403929;	0.254486139732351;	0.260979189677366;	0.262621742527516;	0.265405758095053;	0.266458573127430;	0.282211781803765;	0.281524077583965;	0.285418554428579;	0.289569496217200;	0.308694392572115;	0.308756482277403;	0.291974763131041;	0.297596455523061;	0.309932334097690;	0.319321171199226;	0.321739754759773;	0.307799242310767;	0.312845547663685;	0.317034024792134;	0.322777372348710;	0.327384945727629;	0.331823748813751;	0.333640875667156;	0.332627348844670;	0.329956059012977;	0.329414200440728;	0.330626503184240;	0.333371081936539;	0.334412432880211;	0.336158552458048;	0.338423438812107;	0.340372467975639;	0.342324373764009;	0.340220914458884;	0.340990547558171;	0.343053315312603;	0.344148748721858;	0.346021206987648;	0.348113553970577;	0.350737161923135;	0.354472102262374;	0.354205567502375;	0.344607974095989;	0.347149028658364;	0.348564046669030;	0.350287075036524;	0.354769693000595;	0.359277287902366;	0.363884004876756;	0.368907521666928;	0.373355289766755;	0.375442537623475;	0.380955017924582;	0.381683026894888;	0.387399228684912;	0.391019985291374;	0.397276112433955;	0.402259854787399;	0.408465754352977;	0.415106243579742;	0.419206300334490;	0.426600867371690;	0.434471315270307;	0.441630549595687;	0.450464999121050;	0.459861228076137;	0.470284145325233;	0.481103923447413;	0.494056131951184;	0.502505393159009;	0.522821825767152;	0.532685162480571;	0.554707270773713;	0.590963020132155;	0.622230685612271;	0.643315224901207
0.517586047858717;	0.262635263902284;	0.260669658561041;	0.253344117938007;	0.240189585420787;	0.295404679424096;	0.264372547373163;	0.209735872505627;	0.989136468912901;	0.889125641293132;	0.293149567849014;	0.339598216391261;	0.316540266654546;	0.233575021252288;	0.287170665421167;	0.253280897854554;	0.282805110764542;	0.280576613946505;	0.316779518688538;	0.295632800016716;	0.292180226785892;	0.298338684042798;	0.295975629391858;	0.296640900149568;	0.292120168637660;	0.299437287905634;	0.292867243427091;	0.291583578017061;	0.290717120463996;	0.307523018391949;	0.305035926719956;	0.308659055619013;	0.312552527310178;	0.332033069677353;	0.330391016603517;	0.327507094617485;	0.332919100165973;	0.345508441718237;	0.354800526415314;	0.356669954887341;	0.347468947059936;	0.353358225975879;	0.358282492369312;	0.364834978407564;	0.370040999595470;	0.374979218286469;	0.376996401943079;	0.362585093694115;	0.360086394381908;	0.360541828518811;	0.362582289764449;	0.366274211395750;	0.368115770664327;	0.370703194872370;	0.373790231462687;	0.376501993363380;	0.379178718778474;	0.377492811559232;	0.378828750288860;	0.381473928874591;	0.383029390120327;	0.385384738344000;	0.387940797382708;	0.391027646222423;	0.395256392179955;	0.394727040415057;	0.375293496726501;	0.378247232804343;	0.380054594101661;	0.382278652411835;	0.387360164926183;	0.392502289853002;	0.397768028637735;	0.403480339136658;	0.408580148961976;	0.411307766734166;	0.417540003705633;	0.418754642281838;	0.425170065932769;	0.429350076463796;	0.436283579476710;	0.441838954228764;	0.448648068831829;	0.455832641878129;	0.460435220427004;	0.468372487675676;	0.476753328583703;	0.484374384744044;	0.493628878182673;	0.503471403969347;	0.514283138622240;	0.525399020079550;	0.538676337342337;	0.547473799073922;	0.567870082298622;	0.577028938700761;	0.599234161003890;	0.635907449908284;	0.667309467764784;	0.698812798091375
0.529807855494848;	0.283860971677359;	0.282217768082472;	0.274111338894093;	0.258775314730660;	0.320626238527221;	0.285679593761063;	0.233205638827850;	0.991482405059396;	0.896943416083176;	0.316352219197418;	0.368272074222836;	0.337887589885928;	0.258632942286093;	0.315375260834737;	0.294617909923652;	0.326844794287401;	0.305486108450932;	0.344075782737581;	0.336681336967097;	0.331290724160592;	0.326936359863978;	0.323543462505924;	0.322668574559206;	0.327955918754911;	0.335712859509945;	0.337465503989278;	0.328278674164816;	0.330610093989480;	0.348183903560073;	0.340076974948492;	0.345685765537159;	0.350370855018989;	0.371519360981733;	0.367788503176378;	0.354820116851371;	0.361200547032806;	0.375054591300968;	0.385455383984228;	0.388099123498089;	0.375249961319879;	0.381012105912817;	0.385945356425960;	0.392660530899115;	0.398038464200827;	0.403233895805010;	0.405347570541532;	0.403645974815787;	0.399573709278919;	0.399382342394455;	0.400932266905229;	0.404274187539154;	0.405653711871263;	0.407873302799369;	0.410634174255797;	0.413032923974870;	0.415434519075346;	0.413253967367882;	0.414341450691238;	0.416824322968836;	0.418202779348481;	0.420478770683769;	0.423019495270133;	0.426160403653160;	0.430536227558940;	0.429305047971993;	0.417463123114070;	0.420399688572083;	0.422095204936945;	0.424293241068197;	0.429436978642357;	0.434644979679583;	0.439974065308986;	0.445766642242507;	0.450894020896154;	0.453936819082995;	0.460245072634460;	0.461305849708085;	0.467815155435830;	0.471980875166795;	0.479040834037287;	0.484648949846643;	0.491563935184692;	0.498821766387611;	0.503500723223371;	0.511553721113952;	0.520048114920691;	0.527757246329750;	0.537067989073574;	0.547010207896947;	0.557878499690657;	0.568984250762088;	0.582278297908411;	0.591176958861340;	0.611336454394265;	0.619497230650242;	0.641582828627334;	0.678223802762489;	0.709374986377509;	0.747556316200591
0.542784405483859;	0.303611184167007;	0.302409957039492;	0.295625974083862;	0.282749302735201;	0.344808497540197;	0.305480112755077;	0.254416509010875;	0.993848996898678;	0.904088498043422;	0.342016654942258;	0.387958272628436;	0.365512271136403;	0.290753775527669;	0.350075965231183;	0.316527737826194;	0.348976459646087;	0.345918259602410;	0.385295069928920;	0.365480585802239;	0.362935421616925;	0.368723289287188;	0.367201514277651;	0.367193939033617;	0.366657109345384;	0.375111982253432;	0.370283734412140;	0.369790830145027;	0.370899350874383;	0.388906263896807;	0.374021866854773;	0.379749323805375;	0.384324471263625;	0.405700829432569;	0.396913023742587;	0.393428833409942;	0.399682197119340;	0.413707701866734;	0.424067166047551;	0.426228182348943;	0.414435632254406;	0.420649650364669;	0.425974166914485;	0.433120312789456;	0.438788333709078;	0.444213810008663;	0.446253846457587;	0.438739367172708;	0.433596927822031;	0.434018800481012;	0.436014257522458;	0.439877239545396;	0.441651115711111;	0.444288825622421;	0.447441838716175;	0.450185764496919;	0.452904527500726;	0.450752054377303;	0.452059244180589;	0.454771361600259;	0.456307716704386;	0.458767482027721;	0.461492016526143;	0.464826278723123;	0.469423611203024;	0.467180346085940;	0.454183230722420;	0.457400417878447;	0.459325043859209;	0.461826102584686;	0.467310641276181;	0.472862190880484;	0.478527868450880;	0.484657468497517;	0.490072257008082;	0.493639040919489;	0.500241689640823;	0.501379825998651;	0.508155660185112;	0.512494090475414;	0.519798685646772;	0.525580415673813;	0.532682628222790;	0.540076104023342;	0.544903252893393;	0.553089098908911;	0.561692425952858;	0.569485785641987;	0.578826117176207;	0.588814193157006;	0.599672048893751;	0.610698680724614;	0.623901341769129;	0.632824657541911;	0.652574949300010;	0.659549893681722;	0.681308929400314;	0.717524217607154;	0.748088399159455;	0.789859035528381
0.555702154896774;	0.325752058276395;	0.324867638036992;	0.317433831789672;	0.302666618670755;	0.370637036368625;	0.327887254385807;	0.278857308623902;	0.995268097419672;	0.911579395305386;	0.366385037970797;	0.416755043481901;	0.388359872529646;	0.317316094892094;	0.379404361814217;	0.357575326213746;	0.391842930328144;	0.374604079106529;	0.415760482523483;	0.406444245967844;	0.402379422191629;	0.400591477481608;	0.398427742328557;	0.397335722228905;	0.403923853715370;	0.412705103215015;	0.413230572068414;	0.408374771646086;	0.411799483019316;	0.430272831811614;	0.421138224408229;	0.428317368560850;	0.433135510926167;	0.454948692091602;	0.439803350244974;	0.431312718825541;	0.438159826327668;	0.452860344309823;	0.463832762131284;	0.466092470948719;	0.449550908303377;	0.455893575686805;	0.461392381408321;	0.468782992902281;	0.474688387380363;	0.480375054964692;	0.482418429311141;	0.480249710815929;	0.472363216270718;	0.472656685516325;	0.474501082396576;	0.478303431248930;	0.479959430470240;	0.482537762274243;	0.485652925657445;	0.488366986998280;	0.491075392876890;	0.488669727996184;	0.489977802719863;	0.492728591528072;	0.494289066504398;	0.496817220237836;	0.499635258616670;	0.503091390543585;	0.507842569321417;	0.504084659026079;	0.493505910983286;	0.496785029021226;	0.498730279460838;	0.501320441739242;	0.506914401727820;	0.512581435337395;	0.518360491286339;	0.524607776440046;	0.530109209541788;	0.534051926645751;	0.540746764631227;	0.541795919688588;	0.548659218872051;	0.553035822459314;	0.560421539475642;	0.566244734091878;	0.573392523174556;	0.580791034948849;	0.585665722503682;	0.593851759095289;	0.602438721575923;	0.610201551849200;	0.619447686463791;	0.629350787760255;	0.640062363959310;	0.650880453929551;	0.663830119808196;	0.672648504949067;	0.691777970170536;	0.697328821785678;	0.718522160121645;	0.753867140875161;	0.783470715069286;	0.826250174601953
0.569270390770474;	0.346657484825045;	0.346189538543664;	0.339874632877018;	0.327117250834332;	0.395530246462563;	0.349040660069013;	0.301456267410854;	0.996568163036493;	0.918483430121545;	0.392676807341645;	0.438439623007689;	0.416052170740678;	0.349355419153225;	0.413550236193584;	0.383166578547699;	0.417858118964904;	0.413931977192955;	0.455413228197849;	0.438948974989302;	0.436710896938734;	0.441235620535067;	0.440116383965579;	0.439321866007565;	0.442896355847529;	0.452065680653464;	0.449137053636362;	0.449311080207666;	0.452335987161669;	0.471029480595139;	0.459310273341979;	0.466947374460603;	0.471847629985069;	0.493830433435355;	0.483439292772142;	0.479730325906018;	0.486366233338062;	0.500826906188376;	0.511625156879462;	0.513069192825543;	0.493042180452473;	0.499597226467684;	0.505194532239905;	0.512645720404140;	0.518584944710570;	0.524262652605653;	0.525960613971027;	0.522801610117753;	0.511201564588085;	0.511833585204849;	0.513841242846089;	0.517817236724056;	0.519603067602271;	0.522309819787660;	0.525541995848181;	0.528359012396242;	0.531160626716913;	0.528574952078015;	0.529956595640781;	0.532786047977181;	0.534411858988586;	0.537009663636997;	0.539896876159210;	0.543428404643874;	0.548249942869637;	0.542180062591596;	0.532714459594374;	0.536110939002629;	0.538148141517177;	0.540871635657423;	0.546582459234581;	0.552362779457171;	0.558244167221065;	0.564585389686437;	0.570157547869820;	0.574441366977622;	0.581179960042641;	0.582109828025097;	0.589000566110915;	0.593391973079834;	0.600783046064705;	0.606595229739332;	0.613710785504844;	0.621041011347392;	0.625907140377956;	0.633992399311034;	0.642471447375605;	0.650108081562576;	0.659147060168217;	0.668848242767203;	0.679282841827706;	0.689762945282492;	0.702292153701726;	0.710857946158164;	0.729147469172367;	0.732994908000606;	0.753368952871340;	0.787354485827109;	0.815592789478384;	0.857337472505820
0.582836661915496;	0.369378131811101;	0.369224727511576;	0.362577331162993;	0.348669776485422;	0.421561469995885;	0.372125108482958;	0.326429013676098;	0.997423419666744;	0.925484125225716;	0.418064361767187;	0.466233600067205;	0.440565488438685;	0.377730750090634;	0.444138452321615;	0.420663809401337;	0.456371427726465;	0.445297772968642;	0.487877445577499;	0.477806872550530;	0.474819104578193;	0.476422294244579;	0.475115251054526;	0.473902572540141;	0.481076177966000;	0.490405791492794;	0.489735079329503;	0.488668716916230;	0.492833250573955;	0.511666212527167;	0.502447617994376;	0.510813887372978;	0.515732639260808;	0.537658734108827;	0.526158593110975;	0.521444327691581;	0.528325145159667;	0.542946295523504;	0.553920325111612;	0.555049302215949;	0.539608607756661;	0.546311725187576;	0.551891255975107;	0.559234597576437;	0.565126448450326;	0.570719183392568;	0.571973551069306;	0.570368693075291;	0.554173724251331;	0.554979960833883;	0.556977761975900;	0.560901139752131;	0.562673798345361;	0.565341922704693;	0.568544373876315;	0.571344580791471;	0.574131530618552;	0.571258897086016;	0.572654446481907;	0.575502425426663;	0.577170612604338;	0.579787518212539;	0.582682065893333;	0.586218293233553;	0.591006792157942;	0.581569660863572;	0.573475741057751;	0.576922872216991;	0.579010559239079;	0.581796192918197;	0.587530787598500;	0.593327799540184;	0.599213513205250;	0.605546318772714;	0.611106916378483;	0.615634876235876;	0.622313290193283;	0.623053423099706;	0.629870311176708;	0.634225686469611;	0.641514927557319;	0.647241195351192;	0.654222310179783;	0.661394770456373;	0.666176883573871;	0.674035810210774;	0.682307610216987;	0.689701881079820;	0.698397212735202;	0.707768933849376;	0.717778792678487;	0.727772195178276;	0.739690155429287;	0.747821604329083;	0.765030344886073;	0.766846079621492;	0.786119337668562;	0.818189665679957;	0.844611809840882;	0.883917014800711
0.596873761132134;	0.391433673518415;	0.391652396294433;	0.385752824806154;	0.373066951958434;	0.446991724538892;	0.394556102622824;	0.350429926649452;	0.998132729739732;	0.932035269799027;	0.444529910454594;	0.490098682146164;	0.467690374757322;	0.408966540788951;	0.476989908320816;	0.450222328014296;	0.486387705538874;	0.481484858299911;	0.524179499962777;	0.511847437641033;	0.509723409166995;	0.514726385444908;	0.513832207512248;	0.513124948456510;	0.519667630225721;	0.529088528003447;	0.527509764755020;	0.528537916941521;	0.532796998490945;	0.551585240438880;	0.542182473895316;	0.550959622371037;	0.555917491313225;	0.577697493986697;	0.567938270642913;	0.564844851869828;	0.571596738762228;	0.585953390004784;	0.596734668820495;	0.597271804220682;	0.583210534247493;	0.590000668175903;	0.595556219902694;	0.602791913890910;	0.608613973312724;	0.614105939179146;	0.614923866590232;	0.613782404424490;	0.600773682476083;	0.601873764231900;	0.603890281557924;	0.607690688572284;	0.609451895548201;	0.612023522845540;	0.615137756463348;	0.617871803751202;	0.620588359477257;	0.617365802864376;	0.618743476322045;	0.621566941872801;	0.623267807627467;	0.625852534997887;	0.628682727107197;	0.632137293475383;	0.636764624760360;	0.623429495225284;	0.616576624504347;	0.620033727727620;	0.622159952914320;	0.624944128441527;	0.630619275025031;	0.636340219168481;	0.642132151191353;	0.648351088707130;	0.653819252645397;	0.658487581029580;	0.664995002384473;	0.665458961894252;	0.672090027166641;	0.676358685282808;	0.683424398928670;	0.688981448351062;	0.695708509716621;	0.702623498368335;	0.707227122213984;	0.714705047789243;	0.722662550724869;	0.729671671352551;	0.737855844527771;	0.746755125794058;	0.756168715517710;	0.765500844666208;	0.776585130310240;	0.784053556726231;	0.799914161926324;	0.799300178449992;	0.817152971108589;	0.846663479084267;	0.870757263750364;	0.906713245890915
0.611003228876503;	0.414506418905945;	0.415035561445364;	0.409170679979306;	0.396183282566993;	0.472914513492181;	0.418031842853573;	0.375689327411371;	0.998636874072333;	0.938446592401097;	0.470585584824558;	0.516583250713815;	0.493435499950855;	0.438611246116347;	0.508150154151802;	0.484242472270755;	0.520822252320790;	0.514325586790304;	0.557357924522549;	0.547552523527721;	0.545337118453729;	0.550155584907226;	0.549361341178746;	0.549302954635260;	0.557180240333274;	0.566583163627354;	0.566122220190387;	0.567427507276098;	0.572104682764939;	0.590711610827028;	0.582388287289319;	0.591459729377888;	0.596350724116053;	0.617739811530229;	0.608469890077239;	0.605799364361202;	0.612498851477913;	0.626606640321286;	0.637202567342545;	0.637284688951204;	0.625575099248488;	0.632330589304971;	0.637768906435583;	0.644799768863446;	0.650472021345881;	0.655793935460751;	0.656147051708719;	0.655653494388195;	0.643819430138832;	0.645156474174000;	0.647190974430938;	0.650885066816760;	0.652646038340938;	0.655148467425149;	0.658190315873587;	0.660875100973957;	0.663540079456124;	0.660033937423270;	0.661421465098861;	0.664226971815686;	0.665967923694228;	0.668532400132308;	0.671314768673752;	0.674699912800213;	0.679176157728440;	0.668257432305448;	0.662607696077477;	0.666025467235059;	0.668176043052962;	0.670882539687733;	0.676406553827528;	0.681949386237759;	0.687540237621123;	0.693531104783043;	0.698822542784027;	0.703524319335726;	0.709742847259566;	0.709858750875330;	0.716185493730938;	0.720319560511009;	0.727033175086662;	0.732336539653851;	0.738683540978100;	0.745241405612215;	0.749569341372379;	0.756502604204918;	0.764046065077329;	0.770523489231279;	0.778023012616361;	0.786313001921411;	0.794959264813016;	0.803454679675612;	0.813476788318059;	0.820036460366405;	0.834274334810024;	0.830934436820325;	0.846988003705542;	0.873167374761053;	0.894333486569846;	0.926837410063613
0.625420454881074;	0.437459266949108;	0.438311545255737;	0.432893623220541;	0.420511345083631;	0.498535428121389;	0.441396536587364;	0.400745855489310;	0.999026111876535;	0.944501670472912;	0.496974001872213;	0.541671767868004;	0.519974855509314;	0.469051093860449;	0.539650585911783;	0.515554982573312;	0.552328482048246;	0.548006802187264;	0.590877555967675;	0.581280867393252;	0.579403264788007;	0.585536357710850;	0.584929769443872;	0.585345481677041;	0.593503373839684;	0.602834651986936;	0.603078162495886;	0.605240675457548;	0.610067111401675;	0.628350329438724;	0.621035571641549;	0.630245803364274;	0.635054467938266;	0.655918317622273;	0.647595464758441;	0.645605391958578;	0.652127258947347;	0.665814863322894;	0.676077935394846;	0.675761594006472;	0.665865152549928;	0.672506025459237;	0.677782267086207;	0.684563433529738;	0.690043241718254;	0.695160809595513;	0.695073039708833;	0.695070015096425;	0.684770007888853;	0.686269096307742;	0.688276295462044;	0.691813485124066;	0.693532031042920;	0.695926178110928;	0.698848189364635;	0.701439586687108;	0.704010461870875;	0.700249320497964;	0.701617704942956;	0.704358200404378;	0.706097445779340;	0.708600414245789;	0.711297244918498;	0.714572382300793;	0.718853693652204;	0.709695821151771;	0.705125567203652;	0.708485697792227;	0.710647984517831;	0.713283766507306;	0.718618086985807;	0.723948243153240;	0.729304565489992;	0.735029454081741;	0.740104444025738;	0.744766671946981;	0.750655900033947;	0.750435204436626;	0.756418170219677;	0.760383702219537;	0.766703753813885;	0.771717184373180;	0.777651231209233;	0.783803985951690;	0.787844073442467;	0.794215740400173;	0.801277739298778;	0.807208423631444;	0.814014122055898;	0.821642869505428;	0.829493560952060;	0.837140388530664;	0.846096727500687;	0.851804799025443;	0.864419478485036;	0.862330873954388;	0.876173527380134;	0.898138972545679;	0.915696377395809;	0.944356307552061
0.639974033271603;	0.460841522775653;	0.461984798749213;	0.456805632244628;	0.444604453189900;	0.524172513186017;	0.465173262387137;	0.426291855136496;	0.999311420257919;	0.950277261687226;	0.523171087908304;	0.567277869016625;	0.546058835281548;	0.498924335879091;	0.570308659200413;	0.547424373920305;	0.584188957855956;	0.580360944215854;	0.622947889480749;	0.614461106108995;	0.612714572401187;	0.619416405838866;	0.618939136358558;	0.619843751064403;	0.628498320538436;	0.637683793314384;	0.638632848917766;	0.641312693433344;	0.646282152897288;	0.664126585726695;	0.658140999897349;	0.667363804905007;	0.672035160886922;	0.692211873923878;	0.685056016389344;	0.683548221773928;	0.689848857493244;	0.703023940237820;	0.712874012650272;	0.712296580840141;	0.704089018913244;	0.710526023221876;	0.715581865485504;	0.722055246271016;	0.727290813552009;	0.732160974220167;	0.731727326476059;	0.732132673037776;	0.723172129611024;	0.724774116485684;	0.726732892051753;	0.730091974045010;	0.731749692765641;	0.734022244614198;	0.736801948594782;	0.739279012853738;	0.741735508989253;	0.737778048627754;	0.739115491686687;	0.741761664733729;	0.743472702360956;	0.745888766191135;	0.748477691836019;	0.751617348022335;	0.755675582296599;	0.748102680575134;	0.744461317000104;	0.747713001183681;	0.749843301337834;	0.752382327453286;	0.757463077538848;	0.762522280289069;	0.767588999075980;	0.772990602960969;	0.777791363684169;	0.782326323526241;	0.787830791481190;	0.787310499242022;	0.792897792551008;	0.796646530268217;	0.802522049906887;	0.807198213416103;	0.812677496040654;	0.818369579716609;	0.822099537220412;	0.827886551755892;	0.834398958040665;	0.839763484174914;	0.845863432590744;	0.852783312172071;	0.859814812689814;	0.866605073444707;	0.874502818680172;	0.879423521012891;	0.890433836078848;	0.889480395077231;	0.901239751905132;	0.919384941533199;	0.933716845968447;	0.962595434690641
0.654692738828352;	0.484313053409142;	0.485734926428440;	0.480880527859349;	0.469063916354372;	0.549570402226855;	0.489018592227910;	0.451914355356274;	0.999522688570026;	0.955714457012042;	0.549280545210856;	0.592421547670067;	0.572094036223545;	0.528658062396726;	0.600450124612612;	0.578317356395647;	0.614890701854585;	0.612067368097816;	0.654090619349119;	0.646363874140613;	0.644794080192749;	0.652143677825940;	0.651781489324968;	0.653097617586809;	0.662022972054511;	0.671001198580378;	0.672549354614497;	0.675705685686457;	0.680728702202528;	0.698018785752030;	0.693124031215577;	0.702263530863010;	0.706771481102434;	0.726144779348817;	0.720304005292234;	0.719221388115020;	0.725247449308905;	0.737817052139510;	0.747181667364677;	0.746754285364915;	0.740021235228688;	0.746181556372097;	0.750971422628898;	0.757091190551006;	0.762041479866983;	0.766630563993676;	0.765966208061118;	0.766690116555003;	0.758957638104727;	0.760601792311972;	0.762486982467310;	0.765643445011772;	0.767218737217882;	0.769352890349646;	0.771966283191141;	0.774306501414164;	0.776627028428285;	0.772610511867285;	0.773903658942090;	0.776427036094450;	0.778083824967384;	0.780388858526281;	0.782849120381411;	0.785830384676916;	0.789641421368884;	0.783454316800868;	0.780603518206519;	0.783706951930547;	0.785770670629572;	0.788194715451849;	0.792970835219294;	0.797712922564502;	0.802446520176427;	0.807479653428194;	0.811959985633277;	0.816294248665377;	0.821370882172712;	0.820572103738777;	0.825721341340002;	0.829211696690171;	0.834601844324424;	0.838901478234881;	0.843893096325012;	0.849080247850245;	0.852482135400917;	0.857669762928155;	0.863580982501665;	0.868368469811835;	0.873760618345368;	0.879941950339841;	0.886146899771300;	0.892087416765987;	0.898951120709226;	0.903149574974323;	0.912604146367956;	0.912446135959932;	0.922294943049417;	0.937089245407357;	0.948633048747562;	0.975851041428912
0.669521145617906;	0.507934855927008;	0.509612533451694;	0.505048233936484;	0.493566005401144;	0.574729959319825;	0.512973593534839;	0.477684302359741;	0.999675819461632;	0.960815229691295;	0.575140452204901;	0.617342904127787;	0.597802283836351;	0.557951659757035;	0.629806117286919;	0.608606766045343;	0.644792242283076;	0.642738348888182;	0.683986259362896;	0.677065869473415;	0.675637539417933;	0.683457111077400;	0.683188149555407;	0.684864415181601;	0.693967469572144;	0.702679658677732;	0.704739456507608;	0.708257221390610;	0.713273032142078;	0.729907588119824;	0.726022641452314;	0.734981484569491;	0.739293951272984;	0.757752673335624;	0.753029338735893;	0.752307658636093;	0.758025600719654;	0.769922949322472;	0.778754399555917;	0.778655291131080;	0.773212310198821;	0.779044587359975;	0.783536335642330;	0.789267284211498;	0.793901908926471;	0.798184670226794;	0.797675916347738;	0.798636619758201;	0.792012192098745;	0.793646212448691;	0.795437428714355;	0.798372733097428;	0.799848927147793;	0.801832269401533;	0.804261184388887;	0.806447148762745;	0.808615059707064;	0.804672840381633;	0.805908842595054;	0.808284535398811;	0.809863813787437;	0.812036351504027;	0.814349190268056;	0.817151404459831;	0.820694397761903;	0.815701588467629;	0.813511992119001;	0.816432574754384;	0.818398692009622;	0.820689823125297;	0.825119341987072;	0.829506525756657;	0.833871731261793;	0.838500402359256;	0.842623276246054;	0.846695149158361;	0.851311861146419;	0.850366780797379;	0.855047556645160;	0.858247697331940;	0.863124821697127;	0.867020202241535;	0.871503580091880;	0.876155800375567;	0.879220651228932;	0.883805447111681;	0.889082740079942;	0.893293481979507;	0.897986547028467;	0.903418231873342;	0.908804708976244;	0.913914887231321;	0.919782756543646;	0.923327242631235;	0.931289793318593;	0.931615262568657;	0.939731111032151;	0.951624711369150;	0.960793231278897;	0.984937546828264
0.684434484852010;	0.531609136689803;	0.533521669243144;	0.529252641915161;	0.518139364530740;	0.599556274276759;	0.536932896135413;	0.503487218576758;	0.999785188342196;	0.965564934695027;	0.600687591333371;	0.641851936664054;	0.623149427713308;	0.586760264024042;	0.658318065260540;	0.638043606388549;	0.673657928451240;	0.672340301733546;	0.712594336840265;	0.706417430118330;	0.705118773868799;	0.713294546828841;	0.713100155502627;	0.715075344001946;	0.724238774331347;	0.732632503716302;	0.735111117729544;	0.738896070205339;	0.743844389456424;	0.759733815883170;	0.756740844606972;	0.765434634016095;	0.769526557979469;	0.786980240880378;	0.783255461020735;	0.782833518320376;	0.788212091786561;	0.799379861117606;	0.807637372613847;	0.807784495588707;	0.803459508309848;	0.808930622162102;	0.813105442155643;	0.818425260998685;	0.822725443884345;	0.826686658725175;	0.826486843280994;	0.827610928430690;	0.821978403925758;	0.823567532824400;	0.825250171087950;	0.827953503268966;	0.829321721650879;	0.831147713742236;	0.833383322502212;	0.835405492135637;	0.837411556036478;	0.833920464418746;	0.835089351611490;	0.837298647725576;	0.838782520693613;	0.840806530068032;	0.842958218303026;	0.845566077377221;	0.848827036649841;	0.844851360470853;	0.843206811472062;	0.845918891753164;	0.847763879346863;	0.849908989623439;	0.853962848645479;	0.857969772963912;	0.861943837632792;	0.866145518694141;	0.869887259517964;	0.873651068550691;	0.877790650761528;	0.876757156237693;	0.880949900566077;	0.883836287907215;	0.888184553428305;	0.891658375643035;	0.895624421327666;	0.899727434903241;	0.902450853927691;	0.906441164594561;	0.911072098082982;	0.914717876886027;	0.918735377307959;	0.923427279047229;	0.928023504535380;	0.932342413277508;	0.937273345082308;	0.940229827463404;	0.946803689370129;	0.947382307066059;	0.953958102655903;	0.963378407690080;	0.970552816603217;	0.990835351812294
0.699396005238431;	0.555286936353613;	0.557411255500514;	0.553430398605368;	0.542696402541774;	0.623986756978496;	0.560837202114441;	0.529263746348718;	0.999861596285169;	0.969958436719767;	0.625832698137988;	0.665890432029219;	0.648034509472989;	0.614971484481087;	0.685879204631368;	0.666559863565591;	0.701424116240385;	0.700761843907618;	0.739821298169446;	0.734344114891234;	0.733160142878267;	0.741568725945014;	0.741432259932685;	0.743646680165829;	0.752765526016181;	0.760794830617066;	0.763601512556081;	0.767562880714083;	0.772390645069258;	0.787459216743617;	0.785244817122723;	0.793599277642629;	0.797450043549209;	0.813826483583164;	0.810969183492388;	0.810791358288282;	0.815807623472925;	0.826203727095059;	0.833858957720352;	0.834210796391510;	0.830840239755574;	0.835923087415532;	0.839766748663264;	0.844659468629866;	0.848611603983604;	0.852240928751351;	0.852284629411393;	0.853509203031751;	0.848757129820131;	0.850277526445235;	0.851841428667982;	0.854308027135126;	0.855563704861967;	0.857229314727467;	0.859267859711224;	0.861120543926758;	0.862958910853759;	0.860074394929350;	0.861168607463416;	0.863201221846894;	0.864578963905017;	0.866443991959758;	0.868424191781423;	0.870824733241604;	0.873793643428768;	0.870674803774188;	0.869474988051212;	0.871960145078484;	0.873665555944582;	0.875647626721510;	0.879309778889579;	0.882922155498319;	0.886493186736720;	0.890257356254954;	0.893606961565732;	0.897029906161444;	0.900691619473056;	0.899911292037907;	0.903611078918276;	0.906172610944933;	0.909991341267191;	0.913039955639972;	0.916493637165371;	0.920049204442002;	0.922436723986796;	0.925853321953814;	0.929844231364260;	0.932948384398120;	0.936324883481167;	0.940303748756403;	0.944151592694244;	0.947729071324263;	0.951792303315191;	0.954228341856201;	0.959525644415738;	0.960173514335265;	0.965396493939253;	0.972734892774307;	0.978258793710940;	0.994787591273379
0.714370340283145;	0.578903699829147;	0.581215876808743;	0.577517638609041;	0.567177569474273;	0.647952711975809;	0.584615092035656;	0.554937854543763;	0.999913637924867;	0.973992820663722;	0.650497019308935;	0.689373857879751;	0.672377233965185;	0.642494787839798;	0.712404816554120;	0.694058875481848;	0.728004105992146;	0.727922682583310;	0.765602185212254;	0.760775658928705;	0.759693758012355;	0.768218270983973;	0.768125281746694;	0.770520077690978;	0.779497105890521;	0.787123011174992;	0.790170278113303;	0.794224774968179;	0.798885598939142;	0.813071917843172;	0.811525016555595;	0.819477260765556;	0.823071346439591;	0.838317583313628;	0.836201118005608;	0.836216918980703;	0.840855326456937;	0.850452166029682;	0.857488328807767;	0.857997319321340;	0.855430699769468;	0.860107748192447;	0.863613583121526;	0.868072128950647;	0.871670165506032;	0.874964183084293;	0.875201331458975;	0.876471374906368;	0.872493008359088;	0.873924364673201;	0.875361193021034;	0.877589690083773;	0.878729934334175;	0.880234478592604;	0.882075491379169;	0.883756189382915;	0.885424420009122;	0.883077010687186;	0.884089212281217;	0.885939475489235;	0.887204323759171;	0.888904485598806;	0.890707439966031;	0.892892705049013;	0.895567759235102;	0.893164389833239;	0.892325345878404;	0.894576568127301;	0.896133997195805;	0.897942450725825;	0.901213358589868;	0.904432627752303;	0.907604415534544;	0.910936934296363;	0.913899434598037;	0.916966526072579;	0.920167101858208;	0.919709158375379;	0.922927644601520;	0.925166460453125;	0.928471878475139;	0.931107600486262;	0.934071376183808;	0.937106340938004;	0.939167877415079;	0.942050930528048;	0.945435822750718;	0.948039309969303;	0.950834799638102;	0.954154822197752;	0.957325126256684;	0.960241474151383;	0.963536070968479;	0.965513800595424;	0.969709588216171;	0.970349774720463;	0.974429763361057;	0.980054438479380;	0.984237313222104;	0.997168201617781
0.729320153294117;	0.602396040191476;	0.604871235553104;	0.601448738292692;	0.591515338498054;	0.671389522056921;	0.608197751125515;	0.580434850115363;	0.999948034835446;	0.977669072963561;	0.674604309725690;	0.712228279416891;	0.696099128745725;	0.669242611594352;	0.737818072293068;	0.720460345769304;	0.753328739542172;	0.753752755544010;	0.789885253502697;	0.785659837465537;	0.784668791702688;	0.793198880094865;	0.793136985863107;	0.795655797849606;	0.804403281124117;	0.811593982496284;	0.814799652460740;	0.818871865720102;	0.823326422805071;	0.836583982508075;	0.835598605152069;	0.843097435069899;	0.846424541388620;	0.860506767157415;	0.859011362760995;	0.859175933658874;	0.863428340714916;	0.872212432862992;	0.878623719638205;	0.879244236982166;	0.877344873616042;	0.881607227889807;	0.884775112577020;	0.888800361231708;	0.892045021262472;	0.895006547884492;	0.895385155836003;	0.896655530824172;	0.893351705358738;	0.894679423064427;	0.895984746158654;	0.897978755974784;	0.899003944455084;	0.900350400939863;	0.901997662358381;	0.903507926020684;	0.905007570504431;	0.903123392669375;	0.904049760381296;	0.905717263199544;	0.906866749523159;	0.908401214840814;	0.910026349198476;	0.911994520474112;	0.914380395640284;	0.912566739580397;	0.912015007242930;	0.914031372128980;	0.915437001589264;	0.917066730169738;	0.919954837094687;	0.922790378100305;	0.925574422165056;	0.928489347011636;	0.931077307694069;	0.933785392082190;	0.936548607499242;	0.936329694702564;	0.939094188041102;	0.941025434240368;	0.943848970354515;	0.946097570795723;	0.948607410172772;	0.951163510710899;	0.952917982775237;	0.955318780143220;	0.958147399235736;	0.960300719835024;	0.962584028660118;	0.965312084867208;	0.967885341341361;	0.970227891220945;	0.972858627109409;	0.974439467016782;	0.977711280119908;	0.978304431971227;	0.981439817661899;	0.985678901292807;	0.988790976963176;	0.998809637570299
0.744206855915707;	0.625698504393792;	0.628311199615415;	0.625156748995839;	0.615641719145282;	0.694235304304681;	0.631516426297861;	0.605678318748505;	0.999969992070889;	0.980991702536714;	0.698082947424677;	0.734384289982136;	0.719127483598692;	0.695134565138049;	0.762052997842089;	0.745693695838661;	0.777340539956993;	0.778195702732518;	0.812634424206158;	0.808960377129399;	0.808050567434391;	0.816484104240419;	0.816443030608604;	0.819033040848261;	0.827473513035368;	0.834204806923432;	0.837493297592639;	0.841516490371352;	0.845732741277907;	0.858029828123347;	0.857506978943487;	0.864512991036062;	0.867567672760856;	0.880470488168445;	0.879485445409555;	0.879759378652640;	0.883624335753458;	0.891595409409621;	0.897386096203825;	0.898076826761844;	0.896722288427013;	0.900569114335804;	0.903404804040574;	0.907004819326594;	0.909902855273601;	0.912540136103929;	0.913012974574720;	0.914247873431154;	0.911527458465563;	0.912742071970730;	0.913914950505494;	0.915682078578607;	0.916595007937763;	0.917789005999791;	0.919249375573876;	0.920593727770038;	0.921929194534679;	0.920437488041325;	0.921276838450252;	0.922764945209491;	0.923799328343177;	0.925170544029852;	0.926620658139820;	0.928374318505872;	0.930480232149469;	0.929144956091073;	0.928816409880858;	0.930601626599390;	0.931855060970011;	0.933305311349059;	0.935825380575747;	0.938292924656326;	0.940706920804772;	0.943224934165051;	0.945457042348106;	0.947812944345922;	0.950168202994140;	0.950120404984187;	0.952463771548401;	0.954107138836317;	0.956486049656169;	0.958377887088682;	0.960473942269299;	0.962596668240453;	0.964067402075379;	0.966038743117627;	0.968366172755965;	0.970121039736749;	0.971959301515598;	0.974165056610469;	0.976220869417448;	0.978073206328775;	0.980139908321931;	0.981382595821087;	0.983891925997984;	0.984415073074102;	0.986782727205653;	0.989920363273772;	0.992192414361979;	0.999572831257346
0.758990564856965;	0.648744335621863;	0.651468528971842;	0.648573590899403;	0.639487330318746;	0.716431466374338;	0.654503140997551;	0.630591252655387;	0.999983458293441;	0.983968673823686;	0.720866117981682;	0.755778473899248;	0.741395348550960;	0.720097517505876;	0.785054780522243;	0.769699386509283;	0.799994912045757;	0.801208938506589;	0.833829203307398;	0.830657392834683;	0.829820771116609;	0.838065188795469;	0.838036748605106;	0.840649405122816;	0.848716457832395;	0.854971454830205;	0.858274771337467;	0.862191130757407;	0.866143990622611;	0.877463305608037;	0.877312122038363;	0.883797348306854;	0.886578675184562;	0.898304030144515;	0.897729069713570;	0.898078353477834;	0.901560513650367;	0.908730360563801;	0.913913728733940;	0.914639009788376;	0.913721186462014;	0.917158926853134;	0.919673142120084;	0.922862152856875;	0.925425494632986;	0.927751346612482;	0.928278203525504;	0.929450261505687;	0.927230185542570;	0.928326659328561;	0.929369084261496;	0.930919993842287;	0.931725187410223;	0.932774205462969;	0.934056766727170;	0.935241959068345;	0.936419831168131;	0.935256324873950;	0.936009174131841;	0.937323914357617;	0.938245358094542;	0.939458214598502;	0.940738728498972;	0.942284076124868;	0.944122953602154;	0.943168852826999;	0.943008477623697;	0.944570351859379;	0.945674368223089;	0.946948414836368;	0.949120615116548;	0.951241288600069;	0.953308122377079;	0.955455358662223;	0.957355319152098;	0.959374289760153;	0.961355257018745;	0.961422061963453;	0.963381308662408;	0.964760041439996;	0.966735798320909;	0.968304563693054;	0.970029759155460;	0.971766807006019;	0.972980435810163;	0.974575359680587;	0.976459638071253;	0.977867648688524;	0.979325130928157;	0.981078560283521;	0.982693659589187;	0.984134122957715;	0.985729832030028;	0.986689440478461;	0.988580272440481;	0.989023037605446;	0.990777735384486;	0.993055540037144;	0.994680958330122;	0.999869618929795
0.773630353669848;	0.671465932620768;	0.674275343388292;	0.671630564505838;	0.662982018760348;	0.737923301282700;	0.677091121821504;	0.655096774423527;	0.999991348546245;	0.986611345702061;	0.742892445454562;	0.776353966775888;	0.762842396381554;	0.744066470531142;	0.806780391702077;	0.792429536090018;	0.821260354500359;	0.822763969206329;	0.853464284922707;	0.850746776406410;	0.849976508639797;	0.857949870804258;	0.857927589331021;	0.860519308264746;	0.868157733400600;	0.873926679633444;	0.877185069740272;	0.880945770620502;	0.884616977615376;	0.894954969859529;	0.895093489025190;	0.901041033115793;	0.903552114352951;	0.914117956061830;	0.913863984257721;	0.914259812580194;	0.917369147545809;	0.923760342748745;	0.928357577590586;	0.929087815817566;	0.928512563375928;	0.931554017692166;	0.933761602838191;	0.936558991992483;	0.938803814825356;	0.940834733940593;	0.941382855787409;	0.942472250815478;	0.940677432107079;	0.941654489521524;	0.942570827907260;	0.943918483199833;	0.944621736998083;	0.945534623410431;	0.946650161430651;	0.947684725350410;	0.948713330727424;	0.947820664112278;	0.948488933415525;	0.949638527542706;	0.950450823883959;	0.951512297202509;	0.952630888591009;	0.953977231475535;	0.955565069498761;	0.954908617376624;	0.954870142408909;	0.956219940430349;	0.957180083342378;	0.958284671595080;	0.960133436606869;	0.961932569416771;	0.963679091520584;	0.965485758294445;	0.967081004053922;	0.968784907788355;	0.970428062787786;	0.970565100788008;	0.972179809823987;	0.973319563167727;	0.974936063909362;	0.976217329123180;	0.977615735509210;	0.979015306979222;	0.980000429970646;	0.981270737338201;	0.982770501915077;	0.983881683345536;	0.985018552683090;	0.986387623734257;	0.987634051728456;	0.988734423988946;	0.989943877053568;	0.990670886366239;	0.992068955128049;	0.992430086970216;	0.993704562360842;	0.995324026062614;	0.996461663295745;	0.999967492490313
0.788084628369942;	0.693795589466406;	0.696663902287286;	0.694259190144236;	0.686055694894146;	0.758660659122671;	0.699215345585973;	0.679118879243205;	0.999995736543978;	0.988934177552674;	0.764106226076955;	0.796060564864609;	0.783414932039716;	0.766984636559445;	0.827198196147916;	0.813847520685826;	0.841117836394788;	0.842845437847112;	0.871548462036494;	0.869238874680033;	0.868529311937925;	0.876160930218850;	0.876139962014480;	0.878672484537507;	0.885838394337711;	0.891118387612758;	0.894280631880766;	0.897845878790016;	0.901223608423659;	0.910589617559289;	0.910945236007668;	0.916348568863114;	0.918596112418253;	0.928034837084392;	0.928024081461485;	0.928442588271509;	0.931193673427869;	0.936838119465979;	0.940877064415721;	0.941588658572572;	0.941275268007541;	0.943938605684273;	0.945857663391570;	0.948286930607800;	0.950232801904637;	0.951988158237831;	0.952531889767947;	0.953525431994005;	0.952088639618587;	0.952948174693642;	0.953744724305240;	0.954903806466654;	0.955511866391209;	0.956298476291572;	0.957259057947023;	0.958152940477816;	0.959042013928693;	0.958369700623482;	0.958956547332886;	0.959951001774802;	0.960659344279940;	0.961578152267711;	0.962544380814341;	0.963703592559178;	0.965058790763837;	0.964629441274531;	0.964674818183768;	0.965826595857174;	0.966650728127761;	0.967595469498617;	0.969148347357876;	0.970654282672837;	0.972110097151084;	0.973609125024535;	0.974929559255803;	0.976345095237549;	0.977688357694944;	0.977861848700293;	0.979172708071849;	0.980100454902757;	0.981402383197510;	0.982432285265155;	0.983547693643987;	0.984657052212612;	0.985443002065967;	0.986438067015358;	0.987610559194529;	0.988472212528481;	0.989343671939515;	0.990392494881033;	0.991336288505878;	0.992160971657196;	0.993059670653055;	0.993599326511296;	0.994612242459043;	0.994896749664571;	0.995802538979519;	0.996928304455870;	0.997705914259341;	0.999993746650024
0.802311086931439;	0.715665551127107;	0.718566666766490;	0.716391233114324;	0.708638370288528;	0.778597985880603;	0.720812697275761;	0.702582761154288;	0.999998035064164;	0.990954362026797;	0.784457507129271;	0.814854780857244;	0.803065957821447;	0.788803527616759;	0.846287847112036;	0.833927813524967;	0.859560532509946;	0.861450711283966;	0.888103774685389;	0.886157612128281;	0.885504173231770;	0.892735025030104;	0.892712011695139;	0.895152586958045;	0.901813363550268;	0.906607860024958;	0.909631444020649;	0.912970211205414;	0.916048670393784;	0.924463888670653;	0.924973427112758;	0.929835593649129;	0.931829421535105;	0.940186051181270;	0.940351910743539;	0.940773859537571;	0.943185063213757;	0.948122463778956;	0.951636407511640;	0.952311373188832;	0.952191790838553;	0.954499528577173;	0.956150654285625;	0.958238432575931;	0.959907454956417;	0.961408711205944;	0.961928845247322;	0.962819108222343;	0.961680761576960;	0.962427259593488;	0.963111818485573;	0.964098198517593;	0.964618516649228;	0.965289414630450;	0.966108008604877;	0.966872191782843;	0.967632512437454;	0.967136726619936;	0.967646364767935;	0.968497074118915;	0.969107825505921;	0.969894073830894;	0.970718981310837;	0.971704922976570;	0.972847595241008;	0.972586865372168;	0.972685600816335;	0.973655502563824;	0.974353322185746;	0.975150059448789;	0.976436582836751;	0.977679513089186;	0.978875796709202;	0.980101539928272;	0.981178329382817;	0.982335317419722;	0.983416775446151;	0.983602117567875;	0.984649582357933;	0.985392602789469;	0.986423961537948;	0.987238023503341;	0.988112694361342;	0.988976920900208;	0.989592660448244;	0.990358442167632;	0.991257842508412;	0.991913608816255;	0.992569269098616;	0.993356660302517;	0.994056920155261;	0.994662452673882;	0.995316173332788;	0.995708090945847;	0.996426050333933;	0.996642762372103;	0.997271589815308;	0.998035313827138;	0.998553355779714;	0.999999063577284
0.816266945565294;	0.737008504498156;	0.739916802757574;	0.737959236201285;	0.730660704435026;	0.797694596670302;	0.741822346289546;	0.725415619888113;	0.999999159460175;	0.992691500112284;	0.803902265588925;	0.832700079197415;	0.821755425727018;	0.809483105867093;	0.864040134236767;	0.852655898773674;	0.876593292588584;	0.878589446689175;	0.903164504147149;	0.901539562171666;	0.900938476987826;	0.907721477116348;	0.907694255604886;	0.910015790082476;	0.916149694673288;	0.920468042209223;	0.923319017063211;	0.926408690974348;	0.929187642063066;	0.936683869878009;	0.937293448823709;	0.941626071777889;	0.943378620819809;	0.950708907505788;	0.950995466966667;	0.951405854533699;	0.953498606166343;	0.957774903520796;	0.960801301553789;	0.961426744899464;	0.961444685849494;	0.963422665794798;	0.964828183174050;	0.966603280544206;	0.968019304264500;	0.969289292316344;	0.969772291710593;	0.970556715249430;	0.969664583017345;	0.970304583922884;	0.970886057604399;	0.971716298890612;	0.972156774171968;	0.972722927935680;	0.973413029456566;	0.974059180283482;	0.974702228670839;	0.974345484818101;	0.974782979810568;	0.975502315946182;	0.976022749654868;	0.976687558287482;	0.977383257946793;	0.978211200724464;	0.979162503803696;	0.979022897142391;	0.979151279829815;	0.979956838218895;	0.980539379134706;	0.981201541747874;	0.982252154885258;	0.983263026231933;	0.984231434060599;	0.985218481579918;	0.986082957371035;	0.987012764029644;	0.987869550498077;	0.988049824432091;	0.988872954683550;	0.989457942487463;	0.990260808478424;	0.990892939714430;	0.991566574045047;	0.992227570906646;	0.992700767878853;	0.993279071192819;	0.993955219660582;	0.994444410193733;	0.994927927358889;	0.995506420687065;	0.996014785680768;	0.996449706771116;	0.996914445762941;	0.997192464920159;	0.997689441157283;	0.997849051463476;	0.998274641883853;	0.998779207226407;	0.999114802321312;	0.999999782807084
0.829909283433822;	0.757758229868630;	0.760648831569684;	0.758897160759006;	0.752054644304273;	0.815915028343800;	0.762186199936331;	0.747547340958024;	0.999999668427605;	0.994167202313426;	0.822402688290635;	0.849566971122407;	0.839450459481700;	0.828991946857891;	0.880456632011113;	0.870028140161843;	0.892232116841247;	0.894282923264098;	0.916776141170613;	0.915432729927513;	0.914880924341749;	0.921180794543308;	0.921148227633284;	0.923329195754807;	0.928924887727372;	0.932781736278102;	0.935434421472910;	0.938260320689239;	0.940744513080432;	0.947362817209649;	0.948027480818145;	0.951849677540611;	0.953375533685939;	0.959743902994581;	0.960105268444834;	0.960492936780101;	0.962290953637483;	0.965956735915810;	0.968535996805968;	0.969103522574589;	0.969213420218594;	0.970889801198706;	0.972073071640613;	0.973565568062714;	0.974753420768209;	0.975815652846297;	0.976252850238506;	0.976932864759909;	0.976241666323307;	0.976783222129668;	0.977271229130403;	0.977962128264809;	0.978330880471374;	0.978803385546504;	0.979378658228665;	0.979918784494559;	0.980456404078287;	0.980207136078495;	0.980578200220453;	0.981179117625819;	0.981617157549739;	0.982172284415972;	0.982751549738457;	0.983437607889567;	0.984219098633068;	0.984162917243860;	0.984303183425090;	0.984962655067653;	0.985441798642916;	0.985983776075231;	0.986828855076696;	0.987638376680709;	0.988410063964793;	0.989192192048326;	0.989874886550184;	0.990609039144003;	0.991276393069502;	0.991440911112855;	0.992076421910485;	0.992528737525793;	0.993142267392841;	0.993623967310676;	0.994132919669442;	0.994628676577334;	0.994984974789574;	0.995412961018497;	0.995910469095617;	0.996267656792254;	0.996616622967568;	0.997031917728528;	0.997392420910223;	0.997697450376242;	0.998019760108369;	0.998212046783055;	0.998547326571348;	0.998660916646201;	0.998941098490485;	0.999264944398757;	0.999475788297382;	0.999999837462859
0.843195383991431;	0.777850260083557;	0.780699320745815;	0.779141132164224;	0.772754203701169;	0.833229358619525;	0.781849446502663;	0.768911298650233;	0.999999879777897;	0.995404642508906;	0.839927450643916;	0.865433130536583;	0.856125419503336;	0.847307408683740;	0.895549334230188;	0.886051419982210;	0.906503617208302;	0.908563297665441;	0.928994257005231;	0.927895327196574;	0.927390292766947;	0.933183215378571;	0.933145017624827;	0.935169280933829;	0.940225160860846;	0.943639805074746;	0.946076366873573;	0.948631102992685;	0.950829687403146;	0.956618900547704;	0.957302126203695;	0.960639352689516;	0.961954722926039;	0.967432225785303;	0.967831724426589;	0.968188891560977;	0.969717453658405;	0.972826414611086;	0.975000697504856;	0.975505767027970;	0.975671661832914;	0.977075962146201;	0.978060719070627;	0.979301123683736;	0.980285920000151;	0.981163965497077;	0.981550741791028;	0.982130898953994;	0.981601829733528;	0.982054008258165;	0.982458523717405;	0.983026689381447;	0.983331843002201;	0.983721666928184;	0.984195625504543;	0.984641763344415;	0.985085851337546;	0.984917913059184;	0.985228694607719;	0.985724352975830;	0.986088311956690;	0.986545797462458;	0.987021673437431;	0.987582275389317;	0.988215320274592;	0.988213416296964;	0.988352884237407;	0.988884636308636;	0.989272646068867;	0.989709206492476;	0.990378208897917;	0.991016001960745;	0.991620792539173;	0.992230088076663;	0.992759934011299;	0.993328957499513;	0.993839486080505;	0.993982424789256;	0.994463963018236;	0.994807050760917;	0.995266756637510;	0.995626537489703;	0.996003281915455;	0.996367408302925;	0.996629905978079;	0.996939849693926;	0.997297593842156;	0.997552454400520;	0.997798518495026;	0.998089326047141;	0.998338583388459;	0.998547063667337;	0.998764687120652;	0.998894072417281;	0.999114020683223;	0.999192033436914;	0.999370997435782;	0.999572361074362;	0.999700431061820;	0.999999841701854
0.856083149172721;	0.797222616855148;	0.800007614188932;	0.798630154423343;	0.792696194644195;	0.849613468184800;	0.800761105529949;	0.789445212399289;	0.999999959807857;	0.996428052677062;	0.856451916857467;	0.880283542804927;	0.871762015119490;	0.864415614407067;	0.909340275907270;	0.900742770267669;	0.919444278251299;	0.921472821423636;	0.939883203604418;	0.938994517621759;	0.938534123712861;	0.943807244728514;	0.943763770182941;	0.945620347571670;	0.950143703411274;	0.953139415019599;	0.955349258174438;	0.957632034933250;	0.959557892419850;	0.964573080647224;	0.965246165056159;	0.968128956949077;	0.969251207196469;	0.973913458493365;	0.974322710379977;	0.974644522590622;	0.975929774432078;	0.978537209853226;	0.980349316468993;	0.980790608638706;	0.980984963164880;	0.982147168540053;	0.982956935671256;	0.983975429103123;	0.984781933942977;	0.985498859336232;	0.985833857037508;	0.986321020478805;	0.985921216810828;	0.986293642464408;	0.986624675269562;	0.987086170799811;	0.987335669191026;	0.987653427548014;	0.988039154460743;	0.988403085244945;	0.988765311924164;	0.988657434895545;	0.988914316197724;	0.989317739588688;	0.989616067315300;	0.989987903754059;	0.990373346627191;	0.990824754753958;	0.991330014711961;	0.991360535341824;	0.991490746349356;	0.991912714571046;	0.992221812261277;	0.992567583464994;	0.993088343166618;	0.993582245081414;	0.994047964986607;	0.994514140402915;	0.994917851508751;	0.995350352008385;	0.995733502110528;	0.995852662398500;	0.996210314351726;	0.996465288100744;	0.996802578010941;	0.997065602548712;	0.997338440992633;	0.997599952774908;	0.997788886991408;	0.998008161646720;	0.998259127658793;	0.998436506280738;	0.998605691894150;	0.998803926412690;	0.998971600444399;	0.999110145758255;	0.999252875032501;	0.999337366715390;	0.999477304071100;	0.999528912577786;	0.999639494181326;	0.999760390373936;	0.999835318490425;	0.999999843692941
0.868531617353172;	0.815816637749137;	0.818516657246652;	0.817306944596939;	0.811821082024349;	0.865049181264010;	0.818874486948968;	0.809092019594482;	0.999999987471747;	0.997262161881313;	0.871958298078077;	0.894110576402017;	0.886349449666851;	0.880311445845831;	0.921860955639761;	0.914128961698638;	0.931099623286981;	0.933062941697764;	0.949514794223010;	0.948805028826679;	0.948387394932464;	0.953138092659257;	0.953090182291884;	0.954772887732407;	0.958778952079792;	0.961382227310182;	0.963361324332186;	0.965377125207953;	0.967046195906584;	0.971347092413967;	0.971988398306333;	0.974451147127291;	0.975398327818022;	0.979323502676673;	0.979721454819522;	0.980005510823447;	0.981073802587012;	0.983235238478481;	0.984727597675902;	0.985106364662627;	0.985308876627275;	0.986258645924910;	0.986916215794167;	0.987741989560673;	0.988394081047355;	0.988971978881955;	0.989256355594373;	0.989658956239675;	0.989360928676518;	0.989663384473922;	0.989930700567352;	0.990300742724596;	0.990502186641243;	0.990757955662495;	0.991067866938202;	0.991360877922460;	0.991652443611543;	0.991587665247097;	0.991797071826567;	0.992120849141137;	0.992361904751761;	0.992659744725670;	0.992967305406733;	0.993325198795450;	0.993722198203228;	0.993769362409525;	0.993885253423446;	0.994214488959666;	0.994456490024978;	0.994725520331807;	0.995123701363224;	0.995499236329542;	0.995851220270066;	0.996201123412089;	0.996502757793130;	0.996824756012012;	0.997106494232362;	0.997202220885901;	0.997462244744960;	0.997647639830747;	0.997889606857352;	0.998077527865521;	0.998270520666859;	0.998453853320984;	0.998586473129119;	0.998737732775651;	0.998909158949846;	0.999029326690418;	0.999142506895861;	0.999273752487984;	0.999383224235882;	0.999472514640388;	0.999563200609126;	0.999616596489656;	0.999702681630914;	0.999735484235207;	0.999801353396584;	0.999871161982800;	0.999913187580354;	0.999999845484626
0.880501485270312;	0.833577917888927;	0.836173919727889;	0.835118838535781;	0.830073894954907;	0.879524397018346;	0.836147666240317;	0.827800639341458;	0.999999996316924;	0.997931637041401;	0.886435806715412;	0.906913969710516;	0.899884504055287;	0.894998518455817;	0.933151657222878;	0.926245942344883;	0.941523319904718;	0.943393265264797;	0.957966975115039;	0.957407744756707;	0.957031138403143;	0.961266119708212;	0.961214947208627;	0.962721973342944;	0.966232854897161;	0.968472662253263;	0.970222784641526;	0.971981504620154;	0.973412117444482;	0.977061519739738;	0.977655697680800;	0.979735422135389;	0.980525823441649;	0.983792786978900;	0.984164693554619;	0.984410587559003;	0.985287890965465;	0.987057832034209;	0.988271602018502;	0.988591065084301;	0.988787497804050;	0.989553476636985;	0.990080483192319;	0.990741195108360;	0.991261418535565;	0.991721023506868;	0.991957775521382;	0.992285156828197;	0.992066203926862;	0.992308292051727;	0.992521186336831;	0.992813913166309;	0.992974432807409;	0.993177599272961;	0.993423256780789;	0.993655945051057;	0.993887383156646;	0.993852469790370;	0.994020700992964;	0.994276734568046;	0.994468586262273;	0.994703494417686;	0.994945052065009;	0.995224186059588;	0.995530975842149;	0.995583921265683;	0.995683055355770;	0.995935367234862;	0.996121381646997;	0.996326787807109;	0.996625501936055;	0.996905522653893;	0.997166295072134;	0.997423610646651;	0.997644311727918;	0.997878818039427;	0.998081502872419;	0.998155777758024;	0.998340538737828;	0.998472217550653;	0.998641651698915;	0.998772632212821;	0.998905721572879;	0.999030933759327;	0.999121537389866;	0.999223056043719;	0.999336814056889;	0.999415868488543;	0.999489348847882;	0.999573522686335;	0.999642694650619;	0.999698341472768;	0.999753987089758;	0.999786536441606;	0.999837559528714;	0.999857525700035;	0.999895192444548;	0.999933768423577;	0.999956224641200;	0.999999847239183
0.891955793405859;	0.850457292078276;	0.852932368123829;	0.852018795321680;	0.847405246359417;	0.893033218556304;	0.852543980554169;	0.845526816974401;	0.999999998974087;	0.998460473157054;	0.899880797501848;	0.918700771379309;	0.912371483015975;	0.908489066925585;	0.943260693334198;	0.937138138225969;	0.950776215681493;	0.952530470156822;	0.965322408494219;	0.964888281744668;	0.964551007628553;	0.968285290728990;	0.968232205854943;	0.969565658325868;	0.972609180201056;	0.974516217360715;	0.976044079267755;	0.977559647810450;	0.978771815381521;	0.981834072111235;	0.982371223191881;	0.984106400159037;	0.984758159340316;	0.987444730238330;	0.987781147962326;	0.987990038396577;	0.988701417798977;	0.990132272889811;	0.991106589596392;	0.991371373948161;	0.991552444605073;	0.992161707208910;	0.992578285565557;	0.993099630155135;	0.993508857211942;	0.993869258407725;	0.994062619556525;	0.994324476981769;	0.994166101925055;	0.994356973029765;	0.994524092655940;	0.994752395059845;	0.994878552487369;	0.995037704926389;	0.995229680285966;	0.995411804977095;	0.995592829804212;	0.995577710510557;	0.995710792790359;	0.995910103510926;	0.996060362039276;	0.996242617866709;	0.996429168551378;	0.996643113479357;	0.996876029169442;	0.996927757179738;	0.997009634205636;	0.997199332429700;	0.997339537371297;	0.997493244291794;	0.997712826273735;	0.997917317373706;	0.998106436121896;	0.998291564994809;	0.998449467883005;	0.998616281035793;	0.998758704777768;	0.998814419184679;	0.998942498526261;	0.999033689435840;	0.999149272902353;	0.999238154521945;	0.999327440990312;	0.999410566906801;	0.999470672899259;	0.999536799626330;	0.999609947451834;	0.999660311326801;	0.999706474455502;	0.999758608670132;	0.999800770334925;	0.999834193466218;	0.999867047912381;	0.999886113742170;	0.999915129339905;	0.999926717816386;	0.999947290366503;	0.999967557042169;	0.999978883764786;	0.999999848968420
0.902860629223102;	0.866411810039829;	0.868751407918788;	0.867966364835365;	0.863772440859995;	0.905576049017585;	0.868032537152856;	0.862233865905261;	0.999999999728872;	0.998871501501057;	0.912296793756924;	0.929485222907124;	0.923822105823247;	0.920803682939113;	0.952243575910875;	0.946857676753634;	0.958925259027432;	0.960547163575429;	0.971667059458327;	0.971335525110073;	0.971035844080954;	0.974291596678452;	0.974238015398966;	0.975403366570847;	0.978011892346442;	0.979617824296246;	0.980934231309152;	0.982223698976318;	0.983238466809880;	0.985778041677648;	0.986252858873983;	0.987682352863164;	0.988213080010241;	0.990394513409900;	0.990690331627619;	0.990864527442126;	0.991433709871074;	0.992574901580752;	0.993346271456272;	0.993561907190727;	0.993722259709746;	0.994199872429889;	0.994524413082622;	0.994929814194502;	0.995247001112244;	0.995525444846119;	0.995680374207499;	0.995886298637536;	0.995773641136195;	0.995921788196312;	0.996051007009996;	0.996226425438563;	0.996324149833244;	0.996447007482314;	0.996594794359468;	0.996735175252052;	0.996874577555049;	0.996871806246921;	0.996975374105201;	0.997127961488098;	0.997243649423919;	0.997382602034914;	0.997524107294924;	0.997685068389535;	0.997858582909382;	0.997905022177774;	0.997970480575597;	0.998110216362383;	0.998213701656998;	0.998326275360040;	0.998484204983320;	0.998630234336413;	0.998764280121885;	0.998894373897957;	0.999004653926906;	0.999120351584662;	0.999217921909770;	0.999258323957855;	0.999344768450590;	0.999406214279892;	0.999482857430057;	0.999541441502059;	0.999599571436513;	0.999653075186123;	0.999691690759554;	0.999733374643710;	0.999778813187083;	0.999809785693700;	0.999837753865716;	0.999868825235853;	0.999893520207709;	0.999912790383387;	0.999931374544898;	0.999942057892015;	0.999957809409584;	0.999964186890064;	0.999974847976545;	0.999984873935732;	0.999990181766196;	0.999999850674292
0.913185786278743;	0.881405995098039;	0.883598145037362;	0.882928970178772;	0.879140734961081;	0.917159522518870;	0.882588634176149;	0.877893217651224;	0.999999999931582;	0.999185824513785;	0.923694402623414;	0.939288537408721;	0.934255346525551;	0.931970985123486;	0.960162046503937;	0.955463531286318;	0.966042367652719;	0.967520631126705;	0.977088794566854;	0.976840169433734;	0.976576252481601;	0.979381547546558;	0.979328848696924;	0.980334376494501;	0.982543606801605;	0.983880355468192;	0.984999327867654;	0.986081976385383;	0.986920817058818;	0.989000961023358;	0.989411900479292;	0.990573985218830;	0.991000456587458;	0.992748161981397;	0.993001678336189;	0.993144275938816;	0.993593308105778;	0.994490576067024;	0.995092430589938;	0.995264919464916;	0.995402195833236;	0.995770912743291;	0.996019906121361;	0.996330322229447;	0.996572365996357;	0.996784148126050;	0.996905907719818;	0.997065030017854;	0.996986327414272;	0.997099444573154;	0.997197786031382;	0.997330465179438;	0.997405016978529;	0.997498396760265;	0.997610369951441;	0.997716830882713;	0.997822417266780;	0.997826674457526;	0.997905881436532;	0.998020638211042;	0.998108097861287;	0.998212072370188;	0.998317365271058;	0.998436079592734;	0.998562744762944;	0.998601947299776;	0.998652665136550;	0.998753362363790;	0.998828045463842;	0.998908612141738;	0.999019562969954;	0.999121359886016;	0.999214050243745;	0.999303175059845;	0.999378212736065;	0.999456297484108;	0.999521325006002;	0.999549626577760;	0.999606298976339;	0.999646486116428;	0.999695760095157;	0.999733165988391;	0.999769788557362;	0.999803076184688;	0.999827027143922;	0.999852370314439;	0.999879541753049;	0.999897859318687;	0.999914134969084;	0.999931878529678;	0.999945716420336;	0.999956329846982;	0.999966348425181;	0.999972045252468;	0.999980156493754;	0.999983458131395;	0.999988651791012;	0.999993245835608;	0.999995479251936;	0.999999852358090
0.922905606193546;	0.895412946982554;	0.897448418367911;	0.896882889634973;	0.893484337372753;	0.927796371988975;	0.896194091112599;	0.892484736907198;	0.999999999982951;	0.999422265591015;	0.934091170175795;	0.948138575058787;	0.943697167931473;	0.942027206403506;	0.967083041582458;	0.963020529503832;	0.972203256112503;	0.973531564487782;	0.981676000027943;	0.981493306631384;	0.981263182714873;	0.983650732757603;	0.983600156276522;	0.984456385789217;	0.986304158599728;	0.987403260383166;	0.988341156217356;	0.989237673889640;	0.989921914675309;	0.991603515181818;	0.991951987884894;	0.992883508501216;	0.993221421788279;	0.994601923367653;	0.994814004781478;	0.994928568625356;	0.995277564715221;	0.995972473113628;	0.996434873937546;	0.996570329401221;	0.996684357659924;	0.996964436959567;	0.997152399776249;	0.997386240110505;	0.997567924154096;	0.997726360609942;	0.997820183456970;	0.997940918378389;	0.997887005074591;	0.997971904166880;	0.998045507999862;	0.998144204502449;	0.998200167213987;	0.998269983266166;	0.998353398627868;	0.998432751846128;	0.998511325599954;	0.998518970325585;	0.998578429139892;	0.998663105845964;	0.998727943490501;	0.998804198131711;	0.998880944095234;	0.998966649174794;	0.999057115682605;	0.999088588594994;	0.999126683952290;	0.999197551938639;	0.999250157450360;	0.999306399921292;	0.999382392157659;	0.999451527097779;	0.999513926912835;	0.999573324456722;	0.999622957189419;	0.999674119442048;	0.999716177653951;	0.999735300799271;	0.999771292972775;	0.999796732763946;	0.999827354501447;	0.999850418334783;	0.999872671351557;	0.999892619495160;	0.999906908700570;	0.999921711380795;	0.999937287152063;	0.999947659097998;	0.999956713089388;	0.999966372422731;	0.999973751429326;	0.999979302790465;	0.999984417139219;	0.999987290642617;	0.999991219767558;	0.999992808055944;	0.999995151341144;	0.999997033282265;	0.999997796051279;	0.999999854020815
0.931999681864630;	0.908414824298934;	0.910287192210009;	0.909813606014729;	0.906786771552875;	0.937505267531251;	0.908837542135172;	0.905996960704688;	0.999999999995209;	0.999597111312379;	0.943511378788194;	0.956069444425144;	0.952180149669718;	0.951015674298966;	0.973077605123134;	0.969598300151433;	0.977486218667795;	0.978662769539913;	0.985516242910322;	0.985385065269475;	0.985186588793367;	0.987192458196111;	0.987145045166051;	0.987864166079192;	0.989389339466192;	0.990281348009626;	0.991056050658521;	0.991787755216326;	0.992338089058047;	0.993678692918754;	0.993968310194514;	0.994704000229690;	0.994967777597005;	0.996041945384855;	0.996215279037062;	0.996305572027311;	0.996572556734521;	0.997102192143295;	0.997451683357936;	0.997556046544188;	0.997648148036946;	0.997857281775109;	0.997996758912998;	0.998169894408245;	0.998303911454812;	0.998420380199545;	0.998491224575158;	0.998581103332384;	0.998544955480476;	0.998607535043884;	0.998661662564371;	0.998733795797281;	0.998775090773678;	0.998826382857555;	0.998887413116934;	0.998945479078398;	0.999002856519106;	0.999011533153836;	0.999055284822386;	0.999116499702970;	0.999163564705409;	0.999218292436019;	0.999272998473485;	0.999333462968962;	0.999396567426153;	0.999420738628715;	0.999448466045172;	0.999497079387171;	0.999533173031782;	0.999571390823424;	0.999622023609252;	0.999667663333124;	0.999708464432939;	0.999746878609688;	0.999778709056542;	0.999811165937692;	0.999837489167903;	0.999849926859775;	0.999872000817386;	0.999887537035261;	0.999905868180895;	0.999919550266790;	0.999932540508605;	0.999944007045984;	0.999952171665981;	0.999960439036007;	0.999968955657543;	0.999974548605718;	0.999979335536744;	0.999984317921324;	0.999988037761976;	0.999990775085687;	0.999993227277374;	0.999994589032889;	0.999996357815165;	0.999997051770553;	0.999998002132989;	0.999998621470742;	0.999998732654254;	0.999999855663273
0.940453266637114;	0.920402981719506;	0.922108634017438;	0.921715891720199;	0.919041031927563;	0.946310604973378;	0.920514705789255;	0.918427333210865;	0.999999999997966;	0.999724114800420;	0.951985742234467;	0.963121019329021;	0.959743029184480;	0.958986147055521;	0.978219739256741;	0.975270150537047;	0.981970884577097;	0.982997868847367;	0.988695032342844;	0.988603321723095;	0.988434182966049;	0.990096514931703;	0.990053082322397;	0.990648378450134;	0.991889801142193;	0.992603771203533;	0.993233940311803;	0.993822081322020;	0.994258163714418;	0.995311185109236;	0.995547086157930;	0.996119026969704;	0.996321685693575;	0.997144226857184;	0.997282673442833;	0.997352443403668;	0.997553276405084;	0.997950129265827;	0.998209723122500;	0.998288547896859;	0.998360969858880;	0.998514312740760;	0.998615941166196;	0.998741797429977;	0.998838838719449;	0.998922877799565;	0.998975258739482;	0.999040841845335;	0.999017172565846;	0.999062429233839;	0.999101499075683;	0.999153237832107;	0.999183158652027;	0.999220143100154;	0.999263941742178;	0.999305598376272;	0.999346655580193;	0.999354959124281;	0.999386467455564;	0.999429753847624;	0.999463148812944;	0.999501517605559;	0.999539583197510;	0.999581188336827;	0.999624092086961;	0.999641900754351;	0.999661435992726;	0.999693866883620;	0.999717933630633;	0.999743152351131;	0.999775888374571;	0.999805098418488;	0.999830939692613;	0.999854979092592;	0.999874712504984;	0.999894586007277;	0.999910475613403;	0.999918240666143;	0.999931265778951;	0.999940383859002;	0.999950910790907;	0.999958685883084;	0.999965937082406;	0.999972227936311;	0.999976672839528;	0.999981063002054;	0.999985478108069;	0.999988331724755;	0.999990719993361;	0.999993137139572;	0.999994895142055;	0.999996155446744;	0.999997247725332;	0.999997849959976;	0.999998574669059;	0.999998835187113;	0.999999154178902;	0.999999232128711;	0.999999080235345;	0.999999857286139
0.948257492951981;	0.931377944286352;	0.932916012845244;	0.932593675297713;	0.930249489498924;	0.954242193262809;	0.931228568364062;	0.929782248319719;	0.999999999998558;	0.999814641819184;	0.959550977644868;	0.969338349224504;	0.966430146105082;	0.965994075733497;	0.982585208494004;	0.980111904969044;	0.985737013654653;	0.986620023257276;	0.991294693312954;	0.991232544372404;	0.991090292426264;	0.992448115755213;	0.992409231223309;	0.992894567415532;	0.993890139447396;	0.994453220646200;	0.994957606424382;	0.995422779982211;	0.995762894992402;	0.996577039034963;	0.996765293689433;	0.997202534411791;	0.997355616127478;	0.997974815279975;	0.998082874741915;	0.998135687581848;	0.998284068213796;	0.998576077468371;	0.998765352068547;	0.998823659558681;	0.998879126741833;	0.998989404754275;	0.999062031022040;	0.999151746376494;	0.999220641181059;	0.999280090849229;	0.999317980608756;	0.999364836515634;	0.999349741794696;	0.999381816738360;	0.999409465140398;	0.999445839427087;	0.999467100279128;	0.999493238371931;	0.999524025443974;	0.999553280007222;	0.999582022487931;	0.999589221614140;	0.999611390242604;	0.999641274302444;	0.999664391063601;	0.999690614583644;	0.999716414705177;	0.999744274886271;	0.999772639999741;	0.999785239352577;	0.999798540708566;	0.999819526903464;	0.999835080542301;	0.999851195900899;	0.999871673868984;	0.999889743305665;	0.999905545810894;	0.999920053921429;	0.999931838734503;	0.999943540478487;	0.999952754877065;	0.999957391952547;	0.999964754180714;	0.999969873238235;	0.999975643837378;	0.999979854172676;	0.999983703037848;	0.999986977333727;	0.999989268719352;	0.999991469966950;	0.999993624012400;	0.999994990634156;	0.999996104894427;	0.999997197526974;	0.999997967903638;	0.999998502472004;	0.999998947082091;	0.999999194800949;	0.999999452600920;	0.999999520389261;	0.999999577477559;	0.999999445615516;	0.999999199375796;	0.999999858889991
0.955409529253931;	0.941349334580465;	0.942721576619997;	0.942459924376160;	0.940423797697140;	0.961334864422860;	0.940989436527857;	0.940077016425686;	0.999999999998688;	0.999877890998060;	0.966249308518713;	0.974770970018149;	0.972290788458408;	0.972099776484064;	0.986250355001253;	0.984200698745816;	0.988863334748963;	0.989610728401427;	0.993393360366559;	0.993352789625212;	0.993234853902721;	0.994327000281034;	0.994292972232490;	0.994682325286031;	0.995468196835381;	0.995905315392697;	0.996302174889933;	0.996663839138559;	0.996924655457506;	0.997543545592806;	0.997690646737313;	0.998018979225372;	0.998132528959734;	0.998590223755179;	0.998672606064928;	0.998711728994299;	0.998819269115271;	0.999030002922084;	0.999165295561280;	0.999207488668052;	0.999248864548552;	0.999326548962539;	0.999377384558541;	0.999440014859787;	0.999487908137041;	0.999529083453844;	0.999555867864763;	0.999588604424690;	0.999579260877406;	0.999601510969606;	0.999620668288534;	0.999645697726838;	0.999660492191103;	0.999678569889871;	0.999699731688819;	0.999719808481511;	0.999739457733983;	0.999745273400951;	0.999760480459694;	0.999780580154454;	0.999796156249426;	0.999813587313197;	0.999830578911436;	0.999848688004260;	0.999866874949814;	0.999875431062291;	0.999884164643237;	0.999897297931070;	0.999907010292384;	0.999916951086830;	0.999929303088068;	0.999940068669115;	0.999949364466575;	0.999957775385997;	0.999964526970651;	0.999971123760965;	0.999976233155079;	0.999978870304779;	0.999982835706750;	0.999985569785259;	0.999988571430802;	0.999990730334470;	0.999992659712287;	0.999994264538721;	0.999995374736344;	0.999996407864949;	0.999997387790135;	0.999997995941367;	0.999998476329350;	0.999998930890974;	0.999999239037985;	0.999999443389696;	0.999999603752943;	0.999999699617534;	0.999999766909987;	0.999999757395017;	0.999999717174858;	0.999999513893186;	0.999999239539098;	0.999999860475323
0.961912661844258;	0.950335692983852;	0.951546309077365;	0.951336383034818;	0.949584684173910;	0.967628029435891;	0.949814897226245;	0.949335675324577;	0.999999999998726;	0.999921152167664;	0.972127885144571;	0.979472152804007;	0.977378435271769;	0.977367514435349;	0.989290950198278;	0.987613780788532;	0.991426436997272;	0.992048709186248;	0.995064130359478;	0.995038850858409;	0.994942582823204;	0.995806714960723;	0.995777615453317;	0.996084648289717;	0.996694578298598;	0.997028207201206;	0.997334832864542;	0.997610928350300;	0.997807346773057;	0.998269342051444;	0.998381799136370;	0.998623668355002;	0.998706265940013;	0.999038023465659;	0.999099324904860;	0.999127654091565;	0.999204003766642;	0.999352952644059;	0.999447624255418;	0.999477453649418;	0.999507501263023;	0.999561027428340;	0.999595829253223;	0.999638584453808;	0.999671136632749;	0.999699017088053;	0.999717497384744;	0.999739832272545;	0.999734243447444;	0.999749328783774;	0.999762306393027;	0.999779136312485;	0.999789201280613;	0.999801415187007;	0.999815612031354;	0.999829049405502;	0.999842139036504;	0.999846573688848;	0.999856720186904;	0.999869857991167;	0.999880047162203;	0.999891285127548;	0.999902127599290;	0.999913519349271;	0.999924792971702;	0.999930361871153;	0.999935876193887;	0.999943796629578;	0.999949635360397;	0.999955532410471;	0.999962687937572;	0.999968839535592;	0.999974076442013;	0.999978738622875;	0.999982431037782;	0.999985973023618;	0.999988666908206;	0.999990087513722;	0.999992109844130;	0.999993489786096;	0.999994960577562;	0.999996000688507;	0.999996906398151;	0.999997640181703;	0.999998141281281;	0.999998590077131;	0.999999000869608;	0.999999249045375;	0.999999437100842;	0.999999608113588;	0.999999717621436;	0.999999784739468;	0.999999831929236;	0.999999869084448;	0.999999866987781;	0.999999830261981;	0.999999758524383;	0.999999535662072;	0.999999256393584;	0.999999862042566
0.967776290568778;	0.958364178931507;	0.959419584288412;	0.959253218414528;	0.957761613597025;	0.973165174936055;	0.957729693605810;	0.957590680281992;	0.999999999998747;	0.999950078994428;	0.977238118917500;	0.983498095939610;	0.981749935638884;	0.981864498851991;	0.991781089598891;	0.990427368932805;	0.993499754726871;	0.994008918645997;	0.996374398931480;	0.996359579981334;	0.996282316698636;	0.996954097312714;	0.996929796482627;	0.997167504954970;	0.997632366132443;	0.997882402020793;	0.998114750929825;	0.998321440130433;	0.998466514279467;	0.998804713933595;	0.998888737518753;	0.999063280816220;	0.999122112479846;	0.999357575560087;	0.999402052193376;	0.999422075516483;	0.999475091965817;	0.999578042759152;	0.999642792157412;	0.999663364793892;	0.999684590704345;	0.999720605370932;	0.999743869982011;	0.999772364688143;	0.999793961355881;	0.999812387145132;	0.999824814183329;	0.999839670564396;	0.999836459559059;	0.999846439506864;	0.999855019961943;	0.999866057707957;	0.999872739537116;	0.999880784312535;	0.999890059653705;	0.999898810269738;	0.999907286283241;	0.999910498039890;	0.999917064740305;	0.999925385794513;	0.999931837024619;	0.999938841814376;	0.999945522951433;	0.999952434033666;	0.999959165397841;	0.999962630845445;	0.999965967327321;	0.999970551486040;	0.999973916178463;	0.999977265476079;	0.999981227717566;	0.999984582232723;	0.999987392821172;	0.999989849844459;	0.999991766106762;	0.999993565986162;	0.999994907259799;	0.999995627384079;	0.999996596356860;	0.999997249180670;	0.999997921960103;	0.999998388256065;	0.999998782179784;	0.999999091353600;	0.999999299979401;	0.999999477630760;	0.999999633813580;	0.999999725001443;	0.999999789712024;	0.999999846255719;	0.999999878754893;	0.999999894823113;	0.999999902024683;	0.999999919087041;	0.999999894980986;	0.999999850192549;	0.999999770423402;	0.999999544996364;	0.999999267120317;	0.999999863592097
0.973015808162133;	0.965470105494430;	0.966378654707154;	0.966248498378063;	0.964992300603903;	0.977993295663627;	0.964765484904250;	0.964882452037039;	0.999999999998764;	0.999968958767576;	0.981634910542876;	0.986907056672945;	0.985464639555116;	0.985659839077384;	0.993792151830286;	0.992715562620052;	0.995152684820443;	0.995561666647430;	0.997385376605266;	0.997377405819265;	0.997316529554671;	0.997828966573663;	0.997809165990681;	0.997989606734679;	0.998337042812597;	0.998520777160924;	0.998693208162288;	0.998844722195040;	0.998949652607467;	0.999192062091187;	0.999253338217566;	0.999376532667418;	0.999417493787929;	0.999580861180428;	0.999612284247233;	0.999626076429079;	0.999662020203355;	0.999731483332464;	0.999774690018935;	0.999788507709547;	0.999803076182648;	0.999826696691610;	0.999841855470614;	0.999860361370163;	0.999874321821740;	0.999886185385045;	0.999894316008177;	0.999903932664856;	0.999902175668682;	0.999908606057722;	0.999914132331435;	0.999921177951736;	0.999925496874285;	0.999930650005206;	0.999936536452627;	0.999942065876344;	0.999947385375224;	0.999949600036567;	0.999953708947303;	0.999958798470949;	0.999962737647750;	0.999966943057216;	0.999970902993952;	0.999974929932032;	0.999978784719440;	0.999980839421391;	0.999982765743870;	0.999985299501887;	0.999987148708150;	0.999988960444371;	0.999991045727863;	0.999992780954099;	0.999994208800810;	0.999995431578198;	0.999996368492052;	0.999997227457801;	0.999997852766220;	0.999998193596369;	0.999998625556279;	0.999998912175716;	0.999999196220994;	0.999999388388482;	0.999999544919244;	0.999999662866140;	0.999999742283645;	0.999999804800056;	0.999999857460627;	0.999999886828843;	0.999999904840151;	0.999999920263168;	0.999999926396946;	0.999999925822404;	0.999999920778121;	0.999999931878681;	0.999999902163463;	0.999999855856591;	0.999999775154725;	0.999999551296393;	0.999999276228478;	0.999999865124241
0.977652370916672;	0.971696326837876;	0.972467994627421;	0.972367517105227;	0.971322046533306;	0.982162243119796;	0.970960450950251;	0.971258770655665;	0.999999999998780;	0.999980966585981;	0.985375815134721;	0.989758427832526;	0.988583474544565;	0.988823491211462;	0.995391867764981;	0.994549322706611;	0.996449844421337;	0.996771913618523;	0.998151781335978;	0.998148047909775;	0.998101037595767;	0.998484005450652;	0.998468279124522;	0.998602365947065;	0.998856609909990;	0.998988776727268;	0.999113898362091;	0.999222477907007;	0.999296674106756;	0.999466502644186;	0.999510052384778;	0.999594944131581;	0.999622767644074;	0.999733364805163;	0.999754948597414;	0.999764189685331;	0.999787935817210;	0.999833599044138;	0.999861672655022;	0.999870693293272;	0.999880394405755;	0.999895464408668;	0.999905072462510;	0.999916760280069;	0.999925534771153;	0.999932961051991;	0.999938126856801;	0.999944171881538;	0.999943268117725;	0.999947294875405;	0.999950753964466;	0.999955120259161;	0.999957831132812;	0.999961032179099;	0.999964649969218;	0.999968029290815;	0.999971253839816;	0.999972707903056;	0.999975184035225;	0.999978178112222;	0.999980487923107;	0.999982908880231;	0.999985155894410;	0.999987398472146;	0.999989504765699;	0.999990660329220;	0.999991716080585;	0.999993045585668;	0.999994008871332;	0.999994936418190;	0.999995972345366;	0.999996817653267;	0.999997498977178;	0.999998068843452;	0.999998496591971;	0.999998877971546;	0.999999148021539;	0.999999297332233;	0.999999474286080;	0.999999589676379;	0.999999698737046;	0.999999770406744;	0.999999826163667;	0.999999865765142;	0.999999893550416;	0.999999912171559;	0.999999927337248;	0.999999935147171;	0.999999937609770;	0.999999940173858;	0.999999938575601;	0.999999933492841;	0.999999925487426;	0.999999935105298;	0.999999904566349;	0.999999858419187;	0.999999778293518;	0.999999556829055;	0.999999284875940;	0.999999866639281
0.981712547998647;	0.977092479980196;	0.977738510723003;	0.977661987128392;	0.976802920590660;	0.985724029679885;	0.976358754415069;	0.976773966015123;	0.999999999998796;	0.999988395576072;	0.988520175960953;	0.992111803442172;	0.991167974026580;	0.991425195452566;	0.996643527506794;	0.995995567142504;	0.997450472852271;	0.997698741419231;	0.998721718278709;	0.998720413657976;	0.998684897145925;	0.998964825670444;	0.998952668137166;	0.999050038283226;	0.999231874467964;	0.999324770785815;	0.999413383725678;	0.999489309495238;	0.999540501548741;	0.999656567532932;	0.999686676385166;	0.999743673011385;	0.999762071661382;	0.999834976160546;	0.999849362765200;	0.999855372727693;	0.999870626193007;	0.999899808328937;	0.999917530023543;	0.999923241528809;	0.999929497743781;	0.999938829599693;	0.999944740297152;	0.999951902138674;	0.999957252125613;	0.999961761186943;	0.999964941228779;	0.999968622347456;	0.999968194934756;	0.999970639477929;	0.999972737993331;	0.999975357343416;	0.999977004452066;	0.999978926177065;	0.999981071710531;	0.999983061523640;	0.999984941679669;	0.999985849087832;	0.999987279571316;	0.999988965525644;	0.999990259522504;	0.999991588756983;	0.999992802611024;	0.999993989250061;	0.999995080625548;	0.999995693584876;	0.999996239399125;	0.999996896914004;	0.999997368970856;	0.999997815108146;	0.999998296825796;	0.999998681215782;	0.999998983678430;	0.999999229815489;	0.999999410173781;	0.999999565916190;	0.999999672430256;	0.999999732529948;	0.999999798089308;	0.999999840165279;	0.999999877546225;	0.999999901294851;	0.999999918603476;	0.999999929551027;	0.999999939009778;	0.999999942899542;	0.999999946239111;	0.999999947582633;	0.999999945703517;	0.999999944999231;	0.999999941647061;	0.999999935675638;	0.999999927174956;	0.999999936397061;	0.999999906000547;	0.999999860316869;	0.999999781054670;	0.999999562141564;	0.999999293342231;	0.999999868137472
0.985227841387888;	0.981714077462767;	0.982246614036966;	0.982189095551934;	0.981492805803396;	0.988732112358380;	0.981009888241695;	0.981487964157933;	0.999999999998812;	0.999992858259635;	0.991128225384513;	0.994026061791752;	0.993279303934018;	0.993533410563878;	0.997605334753314;	0.997116414000147;	0.998207999606927;	0.998395000474941;	0.999136740791057;	0.999136674628419;	0.999110477217673;	0.999310207381672;	0.999301076285904;	0.999370031608135;	0.999496881698290;	0.999560549574894;	0.999621671635458;	0.999673367878615;	0.999707756960487;	0.999784967441588;	0.999805173873029;	0.999842375402422;	0.999854189714641;	0.999900875488009;	0.999910160503271;	0.999913945225298;	0.999923448696115;	0.999941534594094;	0.999952376060818;	0.999955874645238;	0.999959773885535;	0.999965368265446;	0.999968888590799;	0.999973135348118;	0.999976291487762;	0.999978940046441;	0.999980831910833;	0.999982997325327;	0.999982819525032;	0.999984254024528;	0.999985483889355;	0.999986999692469;	0.999987964741201;	0.999989075143329;	0.999990297616085;	0.999991421186982;	0.999992470463274;	0.999993006906748;	0.999993794709086;	0.999994698163211;	0.999995386490763;	0.999996078073620;	0.999996698122331;	0.999997290522368;	0.999997822772285;	0.999998127306051;	0.999998391481761;	0.999998695251334;	0.999998910863442;	0.999999110770158;	0.999999318301881;	0.999999479724552;	0.999999603181089;	0.999999700438954;	0.999999769744403;	0.999999827515248;	0.999999865164767;	0.999999887501236;	0.999999909024627;	0.999999922844140;	0.999999933973746;	0.999999940785925;	0.999999945164471;	0.999999946976719;	0.999999950826038;	0.999999950568207;	0.999999950861291;	0.999999950669609;	0.999999947874048;	0.999999946523743;	0.999999942866342;	0.999999936778942;	0.999999928257020;	0.999999937301994;	0.999999907219096;	0.999999862056217;	0.999999783710123;	0.999999567356085;	0.999999301686582;	0.999999869619028
0.988234070062864;	0.985621447151245;	0.986053158126156;	0.986010439956145;	0.985454326851751;	0.991240656668157;	0.984967912290254;	0.985465221892153;	0.999999999998827;	0.999995456709064;	0.993260146537367;	0.995558478795137;	0.994977318083160;	0.995214297945950;	0.998329913153341;	0.997968582124767;	0.998769792099807;	0.998907136459622;	0.999432072204857;	0.999432510924212;	0.999413689966922;	0.999552488306639;	0.999545839353580;	0.999593351243719;	0.999679468798022;	0.999721918715326;	0.999762882277692;	0.999797073639103;	0.999819511234671;	0.999869381977207;	0.999882513378421;	0.999906058224701;	0.999913404251806;	0.999942371003727;	0.999948158643406;	0.999950460320203;	0.999956187329298;	0.999967027843764;	0.999973437416558;	0.999975504930288;	0.999977848009996;	0.999981085626052;	0.999983109908410;	0.999985539606764;	0.999987335725313;	0.999988836269039;	0.999989920667948;	0.999991147071864;	0.999991089308206;	0.999991900191918;	0.999992593651795;	0.999993436295664;	0.999993978977664;	0.999994593361854;	0.999995259024586;	0.999995863996778;	0.999996421082098;	0.999996720037345;	0.999997130811495;	0.999997588332658;	0.999997933388716;	0.999998271678191;	0.999998568709123;	0.999998845347898;	0.999999087426211;	0.999999227945810;	0.999999346584719;	0.999999476221310;	0.999999566949674;	0.999999649695964;	0.999999731510683;	0.999999793360691;	0.999999839078463;	0.999999873713138;	0.999999897647824;	0.999999916934556;	0.999999928486833;	0.999999936523504;	0.999999942569885;	0.999999946774363;	0.999999949523132;	0.999999951197321;	0.999999951926442;	0.999999951364936;	0.999999953823364;	0.999999952657620;	0.999999952320792;	0.999999951823573;	0.999999948872781;	0.999999947400082;	0.999999943709598;	0.999999937651315;	0.999999929201029;	0.999999938116896;	0.999999908379730;	0.999999863745135;	0.999999786316376;	0.999999572496563;	0.999999309920724;	0.999999871084144
0.990770637206156;	0.988878546934439;	0.989222258555770;	0.989190836837538;	0.988753630597084;	0.993303776241909;	0.988290582542609;	0.988773550668878;	0.999999999998842;	0.999996921424603;	0.994975132446283;	0.996763878054325;	0.996319660014375;	0.996530790783881;	0.998863989355899;	0.998602953772225;	0.999177079089813;	0.999275200113418;	0.999636965835872;	0.999637499957326;	0.999624364945814;	0.999718071723175;	0.999713389505340;	0.999745155821408;	0.999801906241106;	0.999829367515635;	0.999855970091523;	0.999877876976970;	0.999892057299982;	0.999923246282324;	0.999931486784599;	0.999945895310430;	0.999950304232114;	0.999967667550035;	0.999971142002333;	0.999972489651072;	0.999975817574663;	0.999982082606848;	0.999985733318440;	0.999986908348626;	0.999988262126084;	0.999990065236200;	0.999991185615294;	0.999992522378402;	0.999993505068989;	0.999994322236180;	0.999994918943727;	0.999995585050966;	0.999995577873831;	0.999996017587283;	0.999996391843481;	0.999996839529227;	0.999997130684219;	0.999997454122761;	0.999997798275003;	0.999998106718006;	0.999998385994036;	0.999998542028783;	0.999998743100088;	0.999998960209748;	0.999999121707392;	0.999999275769327;	0.999999407853220;	0.999999527433895;	0.999999628960472;	0.999999688619738;	0.999999737601703;	0.999999787983966;	0.999999822663379;	0.999999854210543;	0.999999883333112;	0.999999904724133;	0.999999919877175;	0.999999930794694;	0.999999938133332;	0.999999943993136;	0.999999946841488;	0.999999950162700;	0.999999951552212;	0.999999953008571;	0.999999953559546;	0.999999953976663;	0.999999953878991;	0.999999952818209;	0.999999954958500;	0.999999953616089;	0.999999953144926;	0.999999952582357;	0.999999949621726;	0.999999948130307;	0.999999944462738;	0.999999938464020;	0.999999930104507;	0.999999938902772;	0.999999909514501;	0.999999865404521;	0.999999788883952;	0.999999577567870;	0.999999318047905;	0.999999872532990
0.992879705128172;	0.991551697036578;	0.991820041698131;	0.991797058016572;	0.991459077752853;	0.994974763123175;	0.991038335166807;	0.991482840131458;	0.999999999998857;	0.999997720838243;	0.996330480265620;	0.997693857172305;	0.997360919745040;	0.997541767572632;	0.999248259041210;	0.999064317888201;	0.999465037797996;	0.999533029076862;	0.999775183467323;	0.999775619932017;	0.999766741959272;	0.999828027305784;	0.999824848634527;	0.999845394136211;	0.999881591442067;	0.999898777241981;	0.999915466858199;	0.999929023029189;	0.999937677073705;	0.999956504727342;	0.999961482617487;	0.999969981834786;	0.999972526620940;	0.999982549487643;	0.999984551918140;	0.999985309120410;	0.999987167509986;	0.999990646937640;	0.999992643378936;	0.999993283271807;	0.999994033144842;	0.999994996142837;	0.999995590957540;	0.999996295520005;	0.999996810371266;	0.999997236436276;	0.999997550285892;	0.999997895570732;	0.999997904894834;	0.999998132503714;	0.999998324510657;	0.999998550397158;	0.999998698295801;	0.999998858955007;	0.999999026517275;	0.999999174129305;	0.999999305088164;	0.999999380729957;	0.999999472130620;	0.999999567691956;	0.999999637436901;	0.999999701968170;	0.999999755813488;	0.999999803087774;	0.999999841823365;	0.999999864953966;	0.999999883443213;	0.999999900927359;	0.999999912745670;	0.999999924031491;	0.999999933273580;	0.999999939956347;	0.999999944441611;	0.999999947467699;	0.999999949539931;	0.999999951401905;	0.999999951820078;	0.999999953852326;	0.999999954094877;	0.999999954901414;	0.999999954961716;	0.999999955100885;	0.999999954821603;	0.999999953656543;	0.999999955699570;	0.999999954325257;	0.999999953821175;	0.999999953244365;	0.999999950305343;	0.999999948818266;	0.999999945185758;	0.999999939252667;	0.999999930987206;	0.999999939671738;	0.999999910629652;	0.999999867038425;	0.999999791415211;	0.999999582571764;	0.999999326069969;	0.999999873965718
0.994605295140822;	0.993708258654334;	0.993913353986872;	0.993896531535821;	0.993639891760443;	0.996305342877287;	0.993273184491692;	0.993663698905132;	0.999999999998871;	0.999998144701900;	0.997380741440444;	0.998396120602277;	0.998151884416416;	0.998301339563707;	0.999517429757487;	0.999391301213741;	0.999663036695636;	0.999708580697430;	0.999865563824228;	0.999865841863265;	0.999860050749605;	0.999898752696294;	0.999896680431698;	0.999909489561587;	0.999931764986318;	0.999942135916830;	0.999952216170974;	0.999960291142475;	0.999965374134637;	0.999976307533898;	0.999979192078096;	0.999984008439880;	0.999985415147998;	0.999990967552041;	0.999992071712941;	0.999992478590454;	0.999993472128654;	0.999995322524385;	0.999996366949395;	0.999996699455232;	0.999997096435055;	0.999997587775794;	0.999997889579177;	0.999998243783629;	0.999998500886233;	0.999998712601688;	0.999998869529721;	0.999999039325556;	0.999999050529161;	0.999999162327026;	0.999999255059391;	0.999999362452919;	0.999999432846748;	0.999999507286289;	0.999999583324144;	0.999999648900613;	0.999999705653647;	0.999999739386633;	0.999999777425737;	0.999999815989030;	0.999999843368493;	0.999999867850371;	0.999999887662433;	0.999999904523419;	0.999999917728066;	0.999999925928497;	0.999999932373295;	0.999999937603398;	0.999999941104817;	0.999999945285804;	0.999999947955672;	0.999999950010331;	0.999999951319517;	0.999999952136432;	0.999999952814230;	0.999999953675256;	0.999999953515161;	0.999999955224443;	0.999999955200858;	0.999999955847730;	0.999999955787882;	0.999999955855026;	0.999999955529126;	0.999999954344180;	0.999999956339580;	0.999999954965939;	0.999999954452646;	0.999999953873531;	0.999999950963184;	0.999999949485968;	0.999999945891182;	0.999999940024674;	0.999999931853365;	0.999999940426582;	0.999999911726861;	0.999999868648135;	0.999999793911198;	0.999999587509389;	0.999999333988324;	0.999999875382460
0.995992338160548;	0.995415294736623;	0.995568463315697;	0.995556035177180;	0.995364791115877;	0.997344970514913;	0.995057565323936;	0.995386071678098;	0.999999999998885;	0.999998365325169;	0.998176947864341;	0.998913939489422;	0.998738915659419;	0.998858290950196;	0.999700426498611;	0.999616480808521;	0.999795017235517;	0.999824393542240;	0.999922648406143;	0.999922778033863;	0.999919147268812;	0.999942662009374;	0.999941370651349;	0.999949037862613;	0.999962218045984;	0.999968231944249;	0.999974071384856;	0.999978684949043;	0.999981548270870;	0.999987633938948;	0.999989231539487;	0.999991844607467;	0.999992585890057;	0.999995527379017;	0.999996107937060;	0.999996316272013;	0.999996822807813;	0.999997761773427;	0.999998282535755;	0.999998446547710;	0.999998646812439;	0.999998885370666;	0.999999031143149;	0.999999200143018;	0.999999321825349;	0.999999421547559;	0.999999495612794;	0.999999574199581;	0.999999582445462;	0.999999634202094;	0.999999675719982;	0.999999723364396;	0.999999754293092;	0.999999785921093;	0.999999817652192;	0.999999844306869;	0.999999866666909;	0.999999880372653;	0.999999894559595;	0.999999908648526;	0.999999918197238;	0.999999926412559;	0.999999932843585;	0.999999938203990;	0.999999942133889;	0.999999944923471;	0.999999947182537;	0.999999948449383;	0.999999949357890;	0.999999951411548;	0.999999952236103;	0.999999953052072;	0.999999953548478;	0.999999953817911;	0.999999954151662;	0.999999954759551;	0.999999954454578;	0.999999956062967;	0.999999955966267;	0.999999956561633;	0.999999956464924;	0.999999956507756;	0.999999956167401;	0.999999954983148;	0.999999956943458;	0.999999955578501;	0.999999955062313;	0.999999954484110;	0.999999951604179;	0.999999950138585;	0.999999946582211;	0.999999940782176;	0.999999932704434;	0.999999941168429;	0.999999912806967;	0.999999870234384;	0.999999796372650;	0.999999592381769;	0.999999341804405;	0.999999876783337
0.997085676464116;	0.996738219981152;	0.996849765189404;	0.996840404363459;	0.996700641668214;	0.998140185836297;	0.996453143966505;	0.996717877871430;	0.999999999998899;	0.999998480864500;	0.998765935351554;	0.999285754676367;	0.999163476167266;	0.999255695470735;	0.999820748261816;	0.999766660895835;	0.999879988921075;	0.999898150696160;	0.999957332303206;	0.999957353597395;	0.999955175812411;	0.999968869028022;	0.999968104441152;	0.999972490840821;	0.999979962872463;	0.999983302212331;	0.999986534027479;	0.999989053269466;	0.999990594988675;	0.999993830278688;	0.999994672967613;	0.999996026131730;	0.999996396568002;	0.999997882085836;	0.999998172293233;	0.999998273594994;	0.999998518903941;	0.999998972179487;	0.999999218871606;	0.999999295111707;	0.999999391190633;	0.999999501004829;	0.999999567766040;	0.999999643850229;	0.999999698028580;	0.999999742276124;	0.999999774941257;	0.999999808791587;	0.999999813552519;	0.999999835992173;	0.999999852736439;	0.999999872230516;	0.999999884458340;	0.999999896391410;	0.999999908325951;	0.999999918015563;	0.999999925800656;	0.999999930847641;	0.999999935391681;	0.999999940013288;	0.999999942851568;	0.999999945198729;	0.999999946994747;	0.999999948554385;	0.999999949560538;	0.999999950657767;	0.999999951669321;	0.999999951843276;	0.999999952060263;	0.999999953544442;	0.999999953889435;	0.999999954380356;	0.999999954660577;	0.999999954780003;	0.999999955013808;	0.999999955540846;	0.999999955192447;	0.999999956753776;	0.999999956631336;	0.999999957202305;	0.999999957090330;	0.999999957121387;	0.999999956775286;	0.999999955597502;	0.999999957526715;	0.999999956172865;	0.999999955656153;	0.999999955080144;	0.999999952231165;	0.999999950778024;	0.999999947260216;	0.999999941526233;	0.999999933541224;	0.999999941897944;	0.999999913870531;	0.999999871797755;	0.999999798800197;	0.999999597189781;	0.999999349519383;	0.999999878168455
0.997929072470336;	0.997739512722415;	0.997818555820274;	0.997811304290365;	0.997711158867312;	0.998734035184051;	0.997519629929703;	0.997723722461496;	0.999999999998913;	0.999998544666217;	0.999189803381753;	0.999544938551227;	0.999461818621318;	0.999530721684663;	0.999896951128604;	0.999863297412571;	0.999932606408417;	0.999943311533745;	0.999977511082760;	0.999977468961555;	0.999976225889057;	0.999983838716757;	0.999983412203699;	0.999985798830826;	0.999989844701034;	0.999991615009768;	0.999993317436216;	0.999994628261908;	0.999995419667958;	0.999997057716674;	0.999997479855831;	0.999998147548468;	0.999998322055850;	0.999999035953842;	0.999999173651857;	0.999999220294890;	0.999999332757332;	0.999999540708968;	0.999999651573417;	0.999999684570970;	0.999999728432391;	0.999999776248516;	0.999999805146300;	0.999999837242539;	0.999999859695302;	0.999999878059993;	0.999999891302353;	0.999999904618557;	0.999999906808224;	0.999999915894021;	0.999999921535228;	0.999999928777433;	0.999999932869453;	0.999999936533170;	0.999999940428912;	0.999999943444629;	0.999999945696298;	0.999999947438605;	0.999999948552065;	0.999999949955057;	0.999999950598947;	0.999999951111515;	0.999999951517286;	0.999999951979576;	0.999999952166176;	0.999999952779109;	0.999999953441640;	0.999999953326478;	0.999999953359296;	0.999999954673327;	0.999999954875127;	0.999999955262092;	0.999999955470382;	0.999999955537577;	0.999999955733184;	0.999999956224455;	0.999999955860013;	0.999999957389169;	0.999999957254544;	0.999999957809012;	0.999999957688540;	0.999999957711891;	0.999999957363286;	0.999999956194153;	0.999999958094232;	0.999999956752540;	0.999999956236568;	0.999999955663461;	0.999999952845573;	0.999999951405335;	0.999999947926009;	0.999999942257509;	0.999999934364294;	0.999999942615597;	0.999999914917986;	0.999999873338690;	0.999999801194349;	0.999999601934193;	0.999999357134337;	0.999999879537910
0.998564266957749;	0.998477540177538;	0.998531922755921;	0.998526120415492;	0.998455730187014;	0.999165586193876;	0.998313620397623;	0.998463704149914;	0.999999999998926;	0.999998584185787;	0.999485532468422;	0.999719731137944;	0.999664852000116;	0.999714628961332;	0.999943226982434;	0.999923042991532;	0.999963797347709;	0.999969776642313;	0.999988695458348;	0.999988626609144;	0.999987955584133;	0.999991983072510;	0.999991761732896;	0.999992990540256;	0.999995079087460;	0.999995974052037;	0.999996825319261;	0.999997474474938;	0.999997861709378;	0.999998650910294;	0.999998851647080;	0.999999166121977;	0.999999243082669;	0.999999570164747;	0.999999632307693;	0.999999652599536;	0.999999701320135;	0.999999792373611;	0.999999839802587;	0.999999852746958;	0.999999871935549;	0.999999891665502;	0.999999903474082;	0.999999916043140;	0.999999924533304;	0.999999931606105;	0.999999936369948;	0.999999940952987;	0.999999941634072;	0.999999945114949;	0.999999946233815;	0.999999948636096;	0.999999949556895;	0.999999950134003;	0.999999951131857;	0.999999951833853;	0.999999952243344;	0.999999952896786;	0.999999952950344;	0.999999953380212;	0.999999953384953;	0.999999953373189;	0.999999953385471;	0.999999953534131;	0.999999953482024;	0.999999953941642;	0.999999954491499;	0.999999954288712;	0.999999954263784;	0.999999955509266;	0.999999955655945;	0.999999955998614;	0.999999956175017;	0.999999956218085;	0.999999956393866;	0.999999956863485;	0.999999956491932;	0.999999957994064;	0.999999957852272;	0.999999958393390;	0.999999958267404;	0.999999958284981;	0.999999957935497;	0.999999956776103;	0.999999958648345;	0.999999957319367;	0.999999956804897;	0.999999956235130;	0.999999953448271;	0.999999952021200;	0.999999948580142;	0.999999942976476;	0.999999935174046;	0.999999943321716;	0.999999915949661;	0.999999874857557;	0.999999803555552;	0.999999606615713;	0.999999364650261;	0.999999880891791
0.999030121985412;	0.999005542418555;	0.999041795525189;	0.999037014163506;	0.998988410133417;	0.999469565452256;	0.998887551331902;	0.998992401520541;	0.999999999998939;	0.999998612669292;	0.999684782113937;	0.999833351063967;	0.999798196632308;	0.999832954690775;	0.999970042248297;	0.999958377821834;	0.999981407887545;	0.999984551361752;	0.999994570500623;	0.999994498877944;	0.999994158784354;	0.999996183665631;	0.999996079116412;	0.999996675194817;	0.999997704669176;	0.999998137451592;	0.999998541614253;	0.999998848574291;	0.999999030177102;	0.999999393524011;	0.999999484579290;	0.999999627350225;	0.999999658799158;	0.999999803196725;	0.999999830138122;	0.999999838455010;	0.999999858425099;	0.999999897129795;	0.999999916743941;	0.999999920975696;	0.999999929201466;	0.999999937014657;	0.999999941595386;	0.999999946094266;	0.999999948882750;	0.999999951396509;	0.999999952766823;	0.999999953960555;	0.999999953921621;	0.999999955273208;	0.999999954771668;	0.999999955468320;	0.999999955308193;	0.999999954876942;	0.999999954941796;	0.999999954921252;	0.999999954769705;	0.999999955093075;	0.999999954837361;	0.999999954970875;	0.999999954785087;	0.999999954612794;	0.999999954500844;	0.999999954544670;	0.999999954409337;	0.999999954807559;	0.999999955310052;	0.999999955074819;	0.999999955027127;	0.999999956233657;	0.999999956352700;	0.999999956670512;	0.999999956828647;	0.999999956857699;	0.999999957020643;	0.999999957474477;	0.999999957099717;	0.999999958577390;	0.999999958430954;	0.999999958960428;	0.999999958830475;	0.999999958843546;	0.999999958494113;	0.999999957345033;	0.999999959190423;	0.999999957874441;	0.999999957361962;	0.999999956795831;	0.999999954039837;	0.999999952626067;	0.999999949223000;	0.999999943683478;	0.999999935970796;	0.999999944016567;	0.999999916965843;	0.999999876354681;	0.999999805884222;	0.999999611234994;	0.999999372068100;	0.999999882230176
0.999361896007962;	0.999370838378231;	0.999394216930822;	0.999390197888615;	0.999357135578888;	0.999676138324169;	0.999288791505706;	0.999358072902250;	0.999999999998952;	0.999998636132055;	0.999813866917857;	0.999904271308329;	0.999882416413850;	0.999905879881617;	0.999984799688650;	0.999978286891414;	0.999990832106976;	0.999992376886085;	0.999997482147788;	0.999997419930142;	0.999997259477853;	0.999998230305741;	0.999998187531247;	0.999998459325943;	0.999998948236594;	0.999999150925216;	0.999999334380334;	0.999999474755449;	0.999999557800483;	0.999999720094799;	0.999999760109489;	0.999999824257233;	0.999999835882773;	0.999999899140854;	0.999999910648977;	0.999999913820511;	0.999999921619862;	0.999999938324130;	0.999999946502162;	0.999999947217802;	0.999999950864257;	0.999999953959565;	0.999999955694410;	0.999999957113356;	0.999999957765257;	0.999999958590574;	0.999999958730979;	0.999999958729098;	0.999999958415331;	0.999999959027110;	0.999999958016315;	0.999999958155507;	0.999999957659856;	0.999999956921878;	0.999999956690664;	0.999999956441227;	0.999999956110950;	0.999999956326756;	0.999999955972959;	0.999999956000973;	0.999999955749335;	0.999999955518556;	0.999999955359046;	0.999999955359170;	0.999999955188021;	0.999999955554551;	0.999999956030825;	0.999999955781090;	0.999999955722117;	0.999999956900400;	0.999999957002798;	0.999999957304021;	0.999999957449990;	0.999999957469830;	0.999999957623464;	0.999999958064654;	0.999999957688785;	0.999999959143592;	0.999999958993948;	0.999999959512839;	0.999999959379960;	0.999999959389243;	0.999999959040427;	0.999999957901962;	0.999999959721310;	0.999999958418458;	0.999999957908309;	0.999999957346024;	0.999999954620663;	0.999999953220276;	0.999999949854882;	0.999999944378792;	0.999999936754808;	0.999999944700377;	0.999999917966783;	0.999999877830366;	0.999999808180740;	0.999999615792659;	0.999999379388740;	0.999999883553135
0.999590679253027;	0.999614253489348;	0.999628827086293;	0.999625425429199;	0.999603173835088;	0.999810787339859;	0.999558928408514;	0.999602122106498;	0.999999999998965;	0.999998657191498;	0.999893928023909;	0.999946643128812;	0.999933421989434;	0.999948753510721;	0.999992487843705;	0.999988945840736;	0.999995596559997;	0.999996301827119;	0.999998841455693;	0.999998792271232;	0.999998722681895;	0.999999172423628;	0.999999159607075;	0.999999276356279;	0.999999505235983;	0.999999599932571;	0.999999681112401;	0.999999745092073;	0.999999783536775;	0.999999856416731;	0.999999874031924;	0.999999904123661;	0.999999907703425;	0.999999936937401;	0.999999942033687;	0.999999943103717;	0.999999946062849;	0.999999954033777;	0.999999957771605;	0.999999957187668;	0.999999959019397;	0.999999960356007;	0.999999961041375;	0.999999961360299;	0.999999961264757;	0.999999961498528;	0.999999961220106;	0.999999960812385;	0.999999960411755;	0.999999960765491;	0.999999959604919;	0.999999959553496;	0.999999958952176;	0.999999958117511;	0.999999957781255;	0.999999957449158;	0.999999957053216;	0.999999957226851;	0.999999956837190;	0.999999956819131;	0.999999956540482;	0.999999956284268;	0.999999956102879;	0.999999956080896;	0.999999955891765;	0.999999956238565;	0.999999956697260;	0.999999956440529;	0.999999956375223;	0.999999957530419;	0.999999957621769;	0.999999957910792;	0.999999958047928;	0.999999958061236;	0.999999958207566;	0.999999958637936;	0.999999958262162;	0.999999959695214;	0.999999959543219;	0.999999960052183;	0.999999959917091;	0.999999959923069;	0.999999959575227;	0.999999958447554;	0.999999960241558;	0.999999958951876;	0.999999958444319;	0.999999957886042;	0.999999955191057;	0.999999953804102;	0.999999950476044;	0.999999945062666;	0.999999937526326;	0.999999945373354;	0.999999918952724;	0.999999879284891;	0.999999810445466;	0.999999620289289;	0.999999386613022;	0.999999884860735
0.999743019717797;	0.999769850277450;	0.999778641032221;	0.999775784616252;	0.999760891892811;	0.999894405835320;	0.999733317637698;	0.999758899061149;	0.999999999998977;	0.999998676951341;	0.999941297584180;	0.999970842603323;	0.999963009731546;	0.999972739734054;	0.999996283859149;	0.999994376557771;	0.999997875356147;	0.999998173199310;	0.999999442983558;	0.999999405576069;	0.999999378532473;	0.999999585789927;	0.999999585962556;	0.999999633632449;	0.999999743870233;	0.999999790379042;	0.999999826785889;	0.999999857431608;	0.999999876590179;	0.999999911625846;	0.999999919831483;	0.999999935740399;	0.999999936274701;	0.999999951780960;	0.999999954299521;	0.999999954550795;	0.999999955675607;	0.999999960267231;	0.999999962317911;	0.999999961293111;	0.999999962412348;	0.999999963097887;	0.999999963400113;	0.999999963324436;	0.999999962965006;	0.999999962983224;	0.999999962557078;	0.999999962002468;	0.999999961578406;	0.999999961830086;	0.999999960627298;	0.999999960500486;	0.999999959863512;	0.999999958996650;	0.999999958617044;	0.999999958250256;	0.999999957826650;	0.999999957979815;	0.999999957575662;	0.999999957534014;	0.999999957243103;	0.999999956974770;	0.999999956782403;	0.999999956748070;	0.999999956549454;	0.999999956882570;	0.999999957328158;	0.999999957068324;	0.999999956999314;	0.999999958134408;	0.999999958217860;	0.999999958497199;	0.999999958627409;	0.999999958635711;	0.999999958775931;	0.999999959196595;	0.999999958821604;	0.999999960233694;	0.999999960079849;	0.999999960579516;	0.999999960442631;	0.999999960445650;	0.999999960099041;	0.999999958982259;	0.999999960751551;	0.999999959475043;	0.999999958970296;	0.999999958416164;	0.999999955751283;	0.999999954377781;	0.999999951086712;	0.999999945735325;	0.999999938285576;	0.999999946035690;	0.999999919923886;	0.999999880718522;	0.999999812678743;	0.999999624725441;	0.999999393741752;	0.999999886153034
0.999840779243836;	0.999864977245275;	0.999870128835073;	0.999867780662553;	0.999857817520355;	0.999943544632652;	0.999840879711300;	0.999855748116467;	0.999999999998989;	0.999998695868887;	0.999968001333546;	0.999984089607992;	0.999979492031990;	0.999985532651219;	0.999998080602071;	0.999997036776892;	0.999998919229343;	0.999999034659697;	0.999999700920004;	0.999999672205119;	0.999999663602262;	0.999999763086959;	0.999999768078097;	0.999999786774000;	0.999999844600725;	0.999999870171502;	0.999999887653380;	0.999999904092066;	0.999999915053979;	0.999999934387644;	0.999999938679990;	0.999999948688461;	0.999999948134089;	0.999999958049387;	0.999999959517455;	0.999999959459073;	0.999999959888675;	0.999999963113410;	0.999999964487572;	0.999999963320683;	0.999999964139627;	0.999999964563018;	0.999999964713155;	0.999999964481359;	0.999999964019407;	0.999999963948401;	0.999999963464380;	0.999999962850188;	0.999999962422106;	0.999999962625734;	0.999999961414602;	0.999999961253013;	0.999999960604141;	0.999999959727778;	0.999999959328579;	0.999999958946158;	0.999999958510569;	0.999999958652219;	0.999999958242823;	0.999999958188237;	0.999999957892135;	0.999999957618387;	0.999999957420685;	0.999999957379209;	0.999999957175742;	0.999999957498580;	0.999999957933610;	0.999999957672824;	0.999999957601596;	0.999999958718395;	0.999999958795719;	0.999999959066834;	0.999999959191229;	0.999999959195430;	0.999999959330253;	0.999999959741912;	0.999999959368137;	0.999999960759928;	0.999999960604612;	0.999999961095439;	0.999999960957084;	0.999999960957406;	0.999999960612260;	0.999999959506430;	0.999999961251601;	0.999999959988247;	0.999999959486502;	0.999999958936636;	0.999999956301575;	0.999999954941539;	0.999999951687103;	0.999999946396979;	0.999999939032767;	0.999999946687567;	0.999999920880477;	0.999999882131506;	0.999999814880890;	0.999999629101641;	0.999999400775691;	0.999999887430085
0.999901252177771;	0.999920589642796;	0.999923546602839;	0.999921672422590;	0.999914980301362;	0.999970650605754;	0.999904199610094;	0.999913426516229;	0.999999999999001;	0.999998714137859;	0.999982412180099;	0.999991113058211;	0.999988394773651;	0.999992107639707;	0.999998918932077;	0.999998319828392;	0.999999391179982;	0.999999430012727;	0.999999812758612;	0.999999789743098;	0.999999788726579;	0.999999840823174;	0.999999847253400;	0.999999854122063;	0.999999888623786;	0.999999904960102;	0.999999914368094;	0.999999924615940;	0.999999931995250;	0.999999944590059;	0.999999947185719;	0.999999954595712;	0.999999953660949;	0.999999961116189;	0.999999962122580;	0.999999961945351;	0.999999962091462;	0.999999964694459;	0.999999965761612;	0.999999964550686;	0.999999965225737;	0.999999965527703;	0.999999965608383;	0.999999965306160;	0.999999964799674;	0.999999964686247;	0.999999964177563;	0.999999963537612;	0.999999963111341;	0.999999963288888;	0.999999962081887;	0.999999961902903;	0.999999961251926;	0.999999960375973;	0.999999959968468;	0.999999959579738;	0.999999959140082;	0.999999959274841;	0.999999958865010;	0.999999958803270;	0.999999958505812;	0.999999958230295;	0.999999958030366;	0.999999957984640;	0.999999957778842;	0.999999958093333;	0.999999958519299;	0.999999958258716;	0.999999958186081;	0.999999959285709;	0.999999959357934;	0.999999959621702;	0.999999959740956;	0.999999959741603;	0.999999959871525;	0.999999960274699;	0.999999959902415;	0.999999961274417;	0.999999961118028;	0.999999961600385;	0.999999961460821;	0.999999961458699;	0.999999961115214;	0.999999960020361;	0.999999961741981;	0.999999960491750;	0.999999959993180;	0.999999959447686;	0.999999956842156;	0.999999955495581;	0.999999952277415;	0.999999947047827;	0.999999939768099;	0.999999947329156;	0.999999921822695;	0.999999883524079;	0.999999817052212;	0.999999633418390;	0.999999407715570;	0.999999888691935
0.999937449507369;	0.999951891520221;	0.999953583916914;	0.999952140200698;	0.999947608296935;	0.999984635008098;	0.999939994745725;	0.999946863997467;	0.999999999999012;	0.999998731848676;	0.999989990190657;	0.999994800287420;	0.999993151094747;	0.999995445821327;	0.999999320482753;	0.999998950688845;	0.999999611397686;	0.999999618555714;	0.999999864313366;	0.999999844811972;	0.999999846969812;	0.999999877380143;	0.999999884124286;	0.999999886016007;	0.999999909553578;	0.999999921565476;	0.999999927301987;	0.999999934654964;	0.999999940349587;	0.999999949785701;	0.999999951578782;	0.999999957721199;	0.999999956650340;	0.999999962886922;	0.999999963666569;	0.999999963440659;	0.999999963456500;	0.999999965736314;	0.999999966644679;	0.999999965422929;	0.999999966020205;	0.999999966258645;	0.999999966303480;	0.999999965966760;	0.999999965440281;	0.999999965305046;	0.999999964786490;	0.999999964136586;	0.999999963714145;	0.999999963876404;	0.999999962679264;	0.999999962491786;	0.999999961843653;	0.999999960973229;	0.999999960563476;	0.999999960173511;	0.999999959734085;	0.999999959864527;	0.999999959456873;	0.999999959391137;	0.999999959094371;	0.999999958819051;	0.999999958618548;	0.999999958570090;	0.999999958363297;	0.999999958670543;	0.999999959088328;	0.999999958828547;	0.999999958754965;	0.999999959838181;	0.999999959905928;	0.999999960162921;	0.999999960277498;	0.999999960274988;	0.999999960400369;	0.999999960795459;	0.999999960424875;	0.999999961777686;	0.999999961620486;	0.999999962094707;	0.999999961954171;	0.999999961949844;	0.999999961608187;	0.999999960524334;	0.999999962222947;	0.999999960985795;	0.999999960490558;	0.999999959949530;	0.999999957373233;	0.999999956040103;	0.999999952857840;	0.999999947688054;	0.999999940491753;	0.999999947960616;	0.999999922750726;	0.999999884896459;	0.999999819192992;	0.999999637676157;	0.999999414562075;	0.999999889938625
0.999958565372642;	0.999969166839979;	0.999970167139380;	0.999969086678210;	0.999965960531700;	0.999991558920202;	0.999959790240854;	0.999966029836402;	0.999999999999024;	0.999998749051531;	0.999994000008211;	0.999996772289189;	0.999995729103531;	0.999997178904072;	0.999999524407387;	0.999999276299364;	0.999999721417021;	0.999999714673291;	0.999999890295701;	0.999999872910868;	0.999999876549941;	0.999999896224605;	0.999999903009955;	0.999999902616563;	0.999999920565385;	0.999999930378605;	0.999999934280886;	0.999999940151490;	0.999999944978513;	0.999999952774208;	0.999999954149992;	0.999999959607956;	0.999999958485765;	0.999999964054088;	0.999999964711379;	0.999999964463725;	0.999999964413365;	0.999999966508909;	0.999999967327797;	0.999999966108384;	0.999999966660253;	0.999999966863283;	0.999999966888453;	0.999999966535122;	0.999999966000973;	0.999999965854567;	0.999999965333888;	0.999999964682402;	0.999999964264790;	0.999999964417640;	0.999999963233327;	0.999999963042231;	0.999999962399589;	0.999999961537394;	0.999999961128667;	0.999999960740147;	0.999999960303200;	0.999999960430720;	0.999999960026545;	0.999999959958459;	0.999999959663428;	0.999999959389276;	0.999999959189022;	0.999999959138638;	0.999999958931542;	0.999999959232196;	0.999999959642365;	0.999999959383720;	0.999999959309444;	0.999999960376815;	0.999999960440522;	0.999999960691188;	0.999999960801442;	0.999999960796083;	0.999999960917246;	0.999999961304624;	0.999999960935931;	0.999999962270101;	0.999999962112327;	0.999999962578716;	0.999999962437442;	0.999999962431128;	0.999999962091456;	0.999999961018599;	0.999999962694737;	0.999999961470608;	0.999999960978843;	0.999999960442363;	0.999999957894996;	0.999999956575287;	0.999999953428548;	0.999999948317830;	0.999999941203904;	0.999999948582093;	0.999999923664741;	0.999999886248854;	0.999999821303494;	0.999999641875380;	0.999999421315858;	0.999999891170192
0.999970691593533;	0.999978743319898;	0.999979378884718;	0.999978568534520;	0.999976323621320;	0.999995074119160;	0.999970785429331;	0.999977032006532;	0.999999999999036;	0.999998765780154;	0.999996201908162;	0.999997866275466;	0.999997170219581;	0.999998121910630;	0.999999634506723;	0.999999453538111;	0.999999780489491;	0.999999766875219;	0.999999904464654;	0.999999888338183;	0.999999892765940;	0.999999906703780;	0.999999913487332;	0.999999911933261;	0.999999926835422;	0.999999935449984;	0.999999938364481;	0.999999943422006;	0.999999947768590;	0.999999954652911;	0.999999955798641;	0.999999960862201;	0.999999959721378;	0.999999964902329;	0.999999965490438;	0.999999965232806;	0.999999965147696;	0.999999967132555;	0.999999967898630;	0.999999966688099;	0.999999967212074;	0.999999967394825;	0.999999967409016;	0.999999967048764;	0.999999966513589;	0.999999966361837;	0.999999965843240;	0.999999965194647;	0.999999964782429;	0.999999964929069;	0.999999963759029;	0.999999963566891;	0.999999962931053;	0.999999962078390;	0.999999961672306;	0.999999961286550;	0.999999960853160;	0.999999960978425;	0.999999960578311;	0.999999960508713;	0.999999960215895;	0.999999959943379;	0.999999959743796;	0.999999959691897;	0.999999959484877;	0.999999959779392;	0.999999960182355;	0.999999959925039;	0.999999959850243;	0.999999960902260;	0.999999960962280;	0.999999961206992;	0.999999961313245;	0.999999961305327;	0.999999961422547;	0.999999961802520;	0.999999961435987;	0.999999962752001;	0.999999962593860;	0.999999963052722;	0.999999962910917;	0.999999962902815;	0.999999962565264;	0.999999961503400;	0.999999963157567;	0.999999961946399;	0.999999961458234;	0.999999960926372;	0.999999958407624;	0.999999957101298;	0.999999953989701;	0.999999948937315;	0.999999941904713;	0.999999949193725;	0.999999924564899;	0.999999887581449;	0.999999823383969;	0.999999646016475;	0.999999427977525;	0.999999892386662
0.999977598365287;	0.999984139972905;	0.999984584605644;	0.999983950028209;	0.999982228690958;	0.999997013091368;	0.999977007048171;	0.999983360413150;	0.999999999999047;	0.999998782060959;	0.999997461302875;	0.999998490522539;	0.999997994438135;	0.999998655218132;	0.999999695967132;	0.999999552779920;	0.999999813523215;	0.999999796150779;	0.999999912545401;	0.999999897158994;	0.999999902018038;	0.999999912788421;	0.999999919551880;	0.999999917379512;	0.999999930578369;	0.999999938514635;	0.999999940886714;	0.999999945486762;	0.999999949556220;	0.999999955923259;	0.999999956941016;	0.999999961768321;	0.999999960624605;	0.999999965572852;	0.999999966121141;	0.999999965859556;	0.999999965756720;	0.999999967671321;	0.999999968404592;	0.999999967206544;	0.999999967712218;	0.999999967882854;	0.999999967890792;	0.999999967528755;	0.999999966996047;	0.999999966842014;	0.999999966327630;	0.999999965684158;	0.999999965277585;	0.999999965419696;	0.999999964264448;	0.999999964072511;	0.999999963444040;	0.999999962601385;	0.999999962198687;	0.999999961816278;	0.999999961386889;	0.999999961510206;	0.999999961114358;	0.999999961043664;	0.999999960753282;	0.999999960482629;	0.999999960283926;	0.999999960230775;	0.999999960024091;	0.999999960312813;	0.999999960708910;	0.999999960453073;	0.999999960377897;	0.999999961415001;	0.999999961471660;	0.999999961710774;	0.999999961813315;	0.999999961803087;	0.999999961916620;	0.999999962289582;	0.999999961925371;	0.999999963223691;	0.999999963065376;	0.999999963516998;	0.999999963374860;	0.999999963365150;	0.999999963029846;	0.999999961978949;	0.999999963611641;	0.999999962413358;	0.999999961928907;	0.999999961401725;	0.999999958911281;	0.999999957618292;	0.999999954541448;	0.999999949546660;	0.999999942594326;	0.999999949795641;	0.999999925451349;	0.999999888894420;	0.999999825434639;	0.999999650099814;	0.999999434547634;	0.999999893588055
0.999981472697083;	0.999987188954843;	0.999987533959434;	0.999987001529987;	0.999985571761027;	0.999998162480192;	0.999980542622995;	0.999986940885210;	0.999999999999058;	0.999998797916268;	0.999998186001897;	0.999998843816405;	0.999998459887221;	0.999998955620659;	0.999999730067678;	0.999999607721835;	0.999999831959654;	0.999999812534733;	0.999999917246482;	0.999999902307804;	0.999999907369264;	0.999999916432226;	0.999999923146941;	0.999999920662678;	0.999999932916803;	0.999999940461096;	0.999999942544232;	0.999999946885671;	0.999999950789489;	0.999999956858638;	0.999999957805815;	0.999999962483383;	0.999999961345543;	0.999999966144795;	0.999999966669290;	0.999999966407101;	0.999999966295663;	0.999999968161402;	0.999999968872364;	0.999999967688628;	0.999999968181030;	0.999999968343744;	0.999999968347868;	0.999999967986571;	0.999999967457990;	0.999999967303185;	0.999999966793950;	0.999999966156549;	0.999999965755673;	0.999999965894084;	0.999999964753636;	0.999999964562480;	0.999999963941507;	0.999999963108945;	0.999999962709927;	0.999999962331077;	0.999999961905865;	0.999999962027346;	0.999999961635803;	0.999999961564277;	0.999999961276433;	0.999999961007770;	0.999999960810098;	0.999999960755896;	0.999999960549743;	0.999999960832993;	0.999999961222535;	0.999999960968303;	0.999999960892871;	0.999999961915497;	0.999999961969088;	0.999999962202925;	0.999999962302028;	0.999999962289729;	0.999999962399839;	0.999999962766128;	0.999999962404384;	0.999999963685451;	0.999999963527148;	0.999999963971803;	0.999999963829506;	0.999999963818358;	0.999999963485409;	0.999999962445448;	0.999999964057141;	0.999999962871664;	0.999999962391027;	0.999999961868578;	0.999999959406117;	0.999999958126410;	0.999999955083927;	0.999999950145995;	0.999999943272880;	0.999999950387959;	0.999999926324224;	0.999999890187924;	0.999999827455703;	0.999999654125732;	0.999999441026685;	0.999999894774383
0.999983570214007;	0.999988862577787;	0.999989157738056;	0.999988679138564;	0.999987399519857;	0.999998844694837;	0.999982499122602;	0.999988870016533;	0.999999999999068;	0.999998813365811;	0.999998582664182;	0.999999032946193;	0.999998707653811;	0.999999115595282;	0.999999748469047;	0.999999637043550;	0.999999842036110;	0.999999821654580;	0.999999920078889;	0.999999905445209;	0.999999910561831;	0.999999918754211;	0.999999925392795;	0.999999922777764;	0.999999934504531;	0.999999941810272;	0.999999943744565;	0.999999947933979;	0.999999951731057;	0.999999957617474;	0.999999958524545;	0.999999963096984;	0.999999961969784;	0.999999966662411;	0.999999967171295;	0.999999966910311;	0.999999966794857;	0.999999968622365;	0.999999969316194;	0.999999968147465;	0.999999968629094;	0.999999968785905;	0.999999968787395;	0.999999968427978;	0.999999967904209;	0.999999967749329;	0.999999967245542;	0.999999966614561;	0.999999966219287;	0.999999966354426;	0.999999965228545;	0.999999965038409;	0.999999964424895;	0.999999963602323;	0.999999963207086;	0.999999962831884;	0.999999962410901;	0.999999962530599;	0.999999962143348;	0.999999962071184;	0.999999961785942;	0.999999961519377;	0.999999961322857;	0.999999961267782;	0.999999961062346;	0.999999961340413;	0.999999961723688;	0.999999961471180;	0.999999961395601;	0.999999962404155;	0.999999962454952;	0.999999962683818;	0.999999962779724;	0.999999962765563;	0.999999962872536;	0.999999963232454;	0.999999962873305;	0.999999964137546;	0.999999963979425;	0.999999964417367;	0.999999964275072;	0.999999964262643;	0.999999963932152;	0.999999962903077;	0.999999964494241;	0.999999963321477;	0.999999962844746;	0.999999962327072;	0.999999959892270;	0.999999958625783;	0.999999955617263;	0.999999950735444;	0.999999943940495;	0.999999950970779;	0.999999927183642;	0.999999891462098;	0.999999829447339;	0.999999658094518;	0.999999447415116;	0.999999895945645
0.999984657416070;	0.999989735289691;	0.999990007267644;	0.999989554841967;	0.999988347215105;	0.999999216947655;	0.999983539423291;	0.999989836457565;	0.999999999999079;	0.999998828427342;	0.999998778692376;	0.999999125585508;	0.999998828160409;	0.999999193646663;	0.999999758417209;	0.999999652504802;	0.999999847637229;	0.999999826990051;	0.999999921952025;	0.999999907564912;	0.999999912656053;	0.999999920415785;	0.999999926962286;	0.999999924314018;	0.999999935721448;	0.999999942864242;	0.999999944719395;	0.999999948808838;	0.999999952527994;	0.999999958286628;	0.999999959168277;	0.999999963656971;	0.999999962542688;	0.999999967148612;	0.999999967645727;	0.999999967386830;	0.999999967269470;	0.999999969063802;	0.999999969743001;	0.999999968589296;	0.999999969061416;	0.999999969213270;	0.999999969212711;	0.999999968855635;	0.999999968336918;	0.999999968182276;	0.999999967683970;	0.999999967059485;	0.999999966669643;	0.999999966801772;	0.999999965690127;	0.999999965501144;	0.999999964894971;	0.999999964082225;	0.999999963690831;	0.999999963319309;	0.999999962902582;	0.999999963020540;	0.999999962637552;	0.999999962564925;	0.999999962282345;	0.999999962017961;	0.999999961822700;	0.999999961766918;	0.999999961562361;	0.999999961835513;	0.999999962212794;	0.999999961962105;	0.999999961886477;	0.999999962881356;	0.999999962929607;	0.999999963153776;	0.999999963246706;	0.999999963230940;	0.999999963334999;	0.999999963688820;	0.999999963332376;	0.999999964580215;	0.999999964422428;	0.999999964853899;	0.999999964711752;	0.999999964698186;	0.999999964370242;	0.999999963352002;	0.999999964923087;	0.999999963762941;	0.999999963290197;	0.999999962777334;	0.999999960369859;	0.999999959116519;	0.999999956141562;	0.999999951315115;	0.999999944597278;	0.999999951544196;	0.999999928029709;	0.999999892717054;	0.999999831409687;	0.999999662006410;	0.999999453713281;	0.999999897101828
0.999985222976763;	0.999990178166761;	0.999990439529461;	0.999990000145040;	0.999988828271394;	0.999999387994923;	0.999984096474802;	0.999990300205951;	0.999999999999090;	0.999998843117074;	0.999998864620813;	0.999999168177701;	0.999998883444142;	0.999999229841237;	0.999999764380378;	0.999999661450007;	0.999999851141986;	0.999999830591398;	0.999999923379965;	0.999999909217377;	0.999999914249219;	0.999999921773824;	0.999999928223771;	0.999999925586477;	0.999999936766486;	0.999999943780598;	0.999999945586934;	0.999999949599433;	0.999999953253923;	0.999999958908693;	0.999999959771286;	0.999999964186079;	0.999999963085539;	0.999999967613919;	0.999999968100969;	0.999999967844547;	0.999999967726184;	0.999999969489920;	0.999999970155786;	0.999999969016814;	0.999999969480124;	0.999999969627545;	0.999999969625246;	0.999999969270723;	0.999999968757125;	0.999999968602893;	0.999999968110009;	0.999999967492010;	0.999999967107420;	0.999999967236743;	0.999999966138993;	0.999999965951260;	0.999999965352298;	0.999999964549219;	0.999999964161698;	0.999999963793888;	0.999999963381432;	0.999999963497692;	0.999999963118936;	0.999999963046005;	0.999999962766122;	0.999999962503998;	0.999999962310089;	0.999999962253742;	0.999999962050209;	0.999999962318693;	0.999999962690233;	0.999999962441441;	0.999999962365856;	0.999999963347434;	0.999999963393362;	0.999999963613091;	0.999999963703292;	0.999999963686127;	0.999999963787477;	0.999999964135463;	0.999999963781828;	0.999999965013670;	0.999999964856356;	0.999999965281584;	0.999999965139722;	0.999999965125153;	0.999999964799832;	0.999999963792372;	0.999999965343817;	0.999999964196185;	0.999999963727498;	0.999999963219476;	0.999999960838991;	0.999999959598725;	0.999999956656923;	0.999999951885098;	0.999999945243317;	0.999999952108287;	0.999999928862503;	0.999999893952881;	0.999999833342851;	0.999999665861575;	0.999999459921442;	0.999999898242899
0.999985559257798;	0.999990424672273;	0.999990680179698;	0.999990249239713;	0.999989100326068;	0.999999449412825;	0.999984438484156;	0.999990547820613;	0.999999999999100;	0.999998857449879;	0.999998902304245;	0.999999189912310;	0.999998911976152;	0.999999248923531;	0.999999768733174;	0.999999667806819;	0.999999853799106;	0.999999833487825;	0.999999924615014;	0.999999910666531;	0.999999915629977;	0.999999922995285;	0.999999929350620;	0.999999926740323;	0.999999937729765;	0.999999944630302;	0.999999946399285;	0.999999950344465;	0.999999953940466;	0.999999959501577;	0.999999960347668;	0.999999964693539;	0.999999963606780;	0.999999968062498;	0.999999968540291;	0.999999968286478;	0.999999968167502;	0.999999969902340;	0.999999970555755;	0.999999969431121;	0.999999969886141;	0.999999970029506;	0.999999970025694;	0.999999969673866;	0.999999969165403;	0.999999969011726;	0.999999968524190;	0.999999967912663;	0.999999967533141;	0.999999967659843;	0.999999966575664;	0.999999966389263;	0.999999965797395;	0.999999965003812;	0.999999964620190;	0.999999964256112;	0.999999963847929;	0.999999963962533;	0.999999963587966;	0.999999963514864;	0.999999963237712;	0.999999962977903;	0.999999962785422;	0.999999962728643;	0.999999962526260;	0.999999962790305;	0.999999963156334;	0.999999962909516;	0.999999962834048;	0.999999963802682;	0.999999963846497;	0.999999964062043;	0.999999964149747;	0.999999964131365;	0.999999964230193;	0.999999964572594;	0.999999964221865;	0.999999965438097;	0.999999965281384;	0.999999965700585;	0.999999965559132;	0.999999965543688;	0.999999965221060;	0.999999964224305;	0.999999965756543;	0.999999964621317;	0.999999964156751;	0.999999963653591;	0.999999961299755;	0.999999960072476;	0.999999957163418;	0.999999952445466;	0.999999945878683;	0.999999952663108;	0.999999929682087;	0.999999895169634;	0.999999835246891;	0.999999669660099;	0.999999466039738;	0.999999899368805
0.999985811296776;	0.999990598330060;	0.999990849465319;	0.999990425754569;	0.999989296141014;	0.999999469486953;	0.999984701543877;	0.999990721101361;	0.999999999999110;	0.999998871439268;	0.999998924334498;	0.999999204861976;	0.999998931910677;	0.999999262509561;	0.999999772494873;	0.999999673246709;	0.999999856140279;	0.999999836104377;	0.999999925761244;	0.999999912018463;	0.999999916914289;	0.999999924145309;	0.999999930410226;	0.999999927830506;	0.999999938644645;	0.999999945439166;	0.999999947174852;	0.999999951057258;	0.999999954598229;	0.999999960071201;	0.999999960901973;	0.999999965182329;	0.999999964109071;	0.999999968495790;	0.999999968964886;	0.999999968713702;	0.999999968594381;	0.999999970301784;	0.999999970943531;	0.999999969832827;	0.999999970280033;	0.999999970419683;	0.999999970414562;	0.999999970065553;	0.999999969562240;	0.999999969409248;	0.999999968926993;	0.999999968321912;	0.999999967947289;	0.999999968071545;	0.999999967000614;	0.999999966815624;	0.999999966230717;	0.999999965446463;	0.999999965066756;	0.999999964706405;	0.999999964302489;	0.999999964415471;	0.999999964045046;	0.999999963971898;	0.999999963697494;	0.999999963440040;	0.999999963249057;	0.999999963191961;	0.999999962990837;	0.999999963250657;	0.999999963611391;	0.999999963366601;	0.999999963291324;	0.999999964247360;	0.999999964289256;	0.999999964500888;	0.999999964586288;	0.999999964566853;	0.999999964663338;	0.999999965000397;	0.999999964652651;	0.999999965853655;	0.999999965697657;	0.999999966111040;	0.999999965970111;	0.999999965953906;	0.999999965634032;	0.999999964647904;	0.999999966161362;	0.999999965038421;	0.999999964578034;	0.999999964079751;	0.999999961752218;	0.999999960537838;	0.999999957661106;	0.999999952996267;	0.999999946503418;	0.999999953208702;	0.999999930488492;	0.999999896367328;	0.999999837121803;	0.999999673401960;	0.999999472068146;	0.999999900479462
0.999986035482804;	0.999990749240635;	0.999990996488944;	0.999990579613996;	0.999989468026476;	0.999999479754786;	0.999984938767361;	0.999990872394218;	0.999999999999120;	0.999998885097548;	0.999998942489804;	0.999999217951088;	0.999998949484813;	0.999999274580870;	0.999999776005942;	0.999999678317074;	0.999999858338781;	0.999999838574327;	0.999999926850929;	0.999999913304853;	0.999999918135857;	0.999999925242318;	0.999999931420838;	0.999999928871372;	0.999999939519699;	0.999999946213551;	0.999999947918178;	0.999999951741122;	0.999999955229761;	0.999999960619184;	0.999999961435577;	0.999999965653472;	0.999999964593382;	0.999999968914511;	0.999999969375430;	0.999999969126878;	0.999999969007452;	0.999999970688813;	0.999999971319615;	0.999999970222473;	0.999999970662306;	0.999999970798561;	0.999999970792322;	0.999999970446234;	0.999999969948080;	0.999999969795882;	0.999999969318843;	0.999999968720167;	0.999999968350288;	0.999999968472250;	0.999999967414256;	0.999999967230733;	0.999999966652659;	0.999999965877561;	0.999999965501765;	0.999999965145139;	0.999999964745472;	0.999999964856862;	0.999999964490528;	0.999999964417434;	0.999999964145785;	0.999999963890726;	0.999999963701290;	0.999999963643984;	0.999999963444216;	0.999999963700009;	0.999999964055649;	0.999999963812941;	0.999999963737904;	0.999999964681679;	0.999999964721874;	0.999999964929817;	0.999999965013094;	0.999999964992754;	0.999999965087069;	0.999999965419017;	0.999999965074323;	0.999999966260467;	0.999999966105291;	0.999999966513051;	0.999999966372754;	0.999999966355897;	0.999999966038831;	0.999999965063247;	0.999999966558336;	0.999999965447563;	0.999999964991399;	0.999999964498003;	0.999999962196419;	0.999999960994841;	0.999999958150014;	0.999999953537526;	0.999999947117540;	0.999999953745080;	0.999999931281710;	0.999999897545923;	0.999999838967505;	0.999999677086985;	0.999999478006417;	0.999999901574749
0.999986246911307;	0.999990891312116;	0.999991134930987;	0.999990724520443;	0.999989629925770;	0.999999488703488;	0.999985163671690;	0.999991014618919;	0.999999999999130;	0.999998898435601;	0.999998959537852;	0.999999230267310;	0.999998966022989;	0.999999285956591;	0.999999779330462;	0.999999683114356;	0.999999860423845;	0.999999840919640;	0.999999927889869;	0.999999914531492;	0.999999919299885;	0.999999926289910;	0.999999932385417;	0.999999929865612;	0.999999940356961;	0.999999946955081;	0.999999948630799;	0.999999952397428;	0.999999955836285;	0.999999961146554;	0.999999961949481;	0.999999966107810;	0.999999965060582;	0.999999969319330;	0.999999969772569;	0.999999969526657;	0.999999969407335;	0.999999971063951;	0.999999971684471;	0.999999970600541;	0.999999971033403;	0.999999971166555;	0.999999971159363;	0.999999970816289;	0.999999970323283;	0.999999970171985;	0.999999969700087;	0.999999969107777;	0.999999968742480;	0.999999968862290;	0.999999967816928;	0.999999967634921;	0.999999967063545;	0.999999966297425;	0.999999965925529;	0.999999965572612;	0.999999965177164;	0.999999965287000;	0.999999964924694;	0.999999964851749;	0.999999964582852;	0.999999964330206;	0.999999964142364;	0.999999964084943;	0.999999963886614;	0.999999964138563;	0.999999964489303;	0.999999964248708;	0.999999964173966;	0.999999965105837;	0.999999965144513;	0.999999965348977;	0.999999965430291;	0.999999965409196;	0.999999965501497;	0.999999965828558;	0.999999965486973;	0.999999966658619;	0.999999966504360;	0.999999966906688;	0.999999966767120;	0.999999966749713;	0.999999966435501;	0.999999965470367;	0.999999966947503;	0.999999965848765;	0.999999965396869;	0.999999964908361;	0.999999962632365;	0.999999961443488;	0.999999958630133;	0.999999954069220;	0.999999947721015;	0.999999954272214;	0.999999932061681;	0.999999898705299;	0.999999840783796;	0.999999680714788;	0.999999483853978;	0.999999902654494
0.999986446515676;	0.999991025294201;	0.999991265494300;	0.999990861132766;	0.999989782466699;	0.999999497232700;	0.999985376615239;	0.999991148108205;	0.999999999999139;	0.999998911463153;	0.999998975446627;	0.999999241785188;	0.999998981479285;	0.999999296594202;	0.999999782472948;	0.999999687642795;	0.999999862397844;	0.999999843145110;	0.999999928880414;	0.999999915701515;	0.999999920409142;	0.999999927290858;	0.999999933306460;	0.999999930815957;	0.999999941158670;	0.999999947665692;	0.999999949314544;	0.999999953027791;	0.999999956419236;	0.999999961654403;	0.999999962444712;	0.999999966546163;	0.999999965511490;	0.999999969710829;	0.999999970156841;	0.999999969913561;	0.999999969794533;	0.999999971427603;	0.999999972038461;	0.999999970967397;	0.999999971393675;	0.999999971523985;	0.999999971515994;	0.999999971176008;	0.999999970688134;	0.999999970537823;	0.999999970070999;	0.999999969484999;	0.999999969124135;	0.999999969241920;	0.999999968208885;	0.999999968028437;	0.999999967463619;	0.999999966706299;	0.999999966338282;	0.999999965989046;	0.999999965597786;	0.999999965706094;	0.999999965347752;	0.999999965275036;	0.999999965008879;	0.999999964758661;	0.999999964572445;	0.999999964514993;	0.999999964318180;	0.999999964566457;	0.999999964912470;	0.999999964674022;	0.999999964599636;	0.999999965519944;	0.999999965557263;	0.999999965758441;	0.999999965837954;	0.999999965816240;	0.999999965906676;	0.999999966229064;	0.999999965890636;	0.999999967048139;	0.999999966894887;	0.999999967291966;	0.999999967153217;	0.999999967135354;	0.999999966824036;	0.999999965869252;	0.999999967328846;	0.999999966242004;	0.999999965794413;	0.999999965310791;	0.999999963060009;	0.999999961883726;	0.999999959101400;	0.999999954591275;	0.999999948313749;	0.999999954790023;	0.999999932828266;	0.999999899845229;	0.999999842570307;	0.999999684284657;	0.999999489609755;	0.999999903718454
0.999986634627616;	0.999991151170973;	0.999991388138428;	0.999990989463666;	0.999989925796096;	0.999999504911669;	0.999985577915911;	0.999991273145196;	0.999999999999149;	0.999998924188476;	0.999998990208253;	0.999999252547642;	0.999998995924696;	0.999999306546175;	0.999999785448767;	0.999999691926677;	0.999999864270285;	0.999999845260820;	0.999999929825995;	0.999999916818985;	0.999999921467751;	0.999999928248311;	0.999999934186994;	0.999999931725332;	0.999999941926987;	0.999999948347163;	0.999999949970972;	0.999999953633513;	0.999999956979728;	0.999999962143543;	0.999999962922005;	0.999999966969103;	0.999999965946671;	0.999999970089404;	0.999999970528626;	0.999999970287945;	0.999999970169375;	0.999999971780051;	0.999999972381824;	0.999999971323295;	0.999999971743350;	0.999999971871062;	0.999999971862412;	0.999999971525579;	0.999999971042811;	0.999999970893562;	0.999999970431742;	0.999999969851994;	0.999999969495413;	0.999999969611292;	0.999999968590280;	0.999999968411423;	0.999999967853020;	0.999999967104316;	0.999999966740144;	0.999999966394560;	0.999999966007438;	0.999999966114250;	0.999999965759802;	0.999999965687382;	0.999999965423945;	0.999999965176159;	0.999999964991596;	0.999999964934190;	0.999999964738955;	0.999999964983720;	0.999999965325174;	0.999999965088908;	0.999999965014938;	0.999999965924008;	0.999999965960118;	0.999999966158201;	0.999999966236063;	0.999999966213857;	0.999999966302569;	0.999999966620493;	0.999999966285261;	0.999999967428980;	0.999999967276813;	0.999999967668822;	0.999999967530980;	0.999999967512749;	0.999999967204358;	0.999999966259812;	0.999999967702277;	0.999999966627188;	0.999999966183928;	0.999999965705185;	0.999999963479235;	0.999999962315429;	0.999999959563678;	0.999999955103527;	0.999999948895554;	0.999999955298344;	0.999999933581208;	0.999999900965304;	0.999999844326399;	0.999999687795368;	0.999999495271874;	0.999999904766290
0.999986812512678;	0.999991269927317;	0.999991503826385;	0.999991110515067;	0.999990061016110;	0.999999511959960;	0.999985768760175;	0.999991390861225;	0.999999999999157;	0.999998936617895;	0.999999004033426;	0.999999262665805;	0.999999009506644;	0.999999315909557;	0.999999788271798;	0.999999695987478;	0.999999866048795;	0.999999847274126;	0.999999930728925;	0.999999917886541;	0.999999922478270;	0.999999929164204;	0.999999935028779;	0.999999932595428;	0.999999942663149;	0.999999949000480;	0.999999950600943;	0.999999954215319;	0.999999957518363;	0.999999962614406;	0.999999963381757;	0.999999967376921;	0.999999966366412;	0.999999970455235;	0.999999970888079;	0.999999970649968;	0.999999970532000;	0.999999972121387;	0.999999972714626;	0.999999971668311;	0.999999972082479;	0.999999972207832;	0.999999972198647;	0.999999971865020;	0.999999971387321;	0.999999971239212;	0.999999970782322;	0.999999970208763;	0.999999969856314;	0.999999969970393;	0.999999968961100;	0.999999968783856;	0.999999968231719;	0.999999967491436;	0.999999967131073;	0.999999966789096;	0.999999966406059;	0.999999966511407;	0.999999966160773;	0.999999966088710;	0.999999965827965;	0.999999965582604;	0.999999965399715;	0.999999965342427;	0.999999965148820;	0.999999965390229;	0.999999965727297;	0.999999965493250;	0.999999965419734;	0.999999966317888;	0.999999966352932;	0.999999966548107;	0.999999966624464;	0.999999966601885;	0.999999966689010;	0.999999967002677;	0.999999966670673;	0.999999967800967;	0.999999967649959;	0.999999968037076;	0.999999967900220;	0.999999967881709;	0.999999967576273;	0.999999966641847;	0.999999968067602;	0.999999967004110;	0.999999966565208;	0.999999966091329;	0.999999963889806;	0.999999962738354;	0.999999960016700;	0.999999955605679;	0.999999949466086;	0.999999955796883;	0.999999934320058;	0.999999902064843;	0.999999846051010;	0.999999691244861;	0.999999500837147;	0.999999905797531
0.999986980701239;	0.999991381960650;	0.999991612939942;	0.999991224680300;	0.999990188560575;	0.999999518504455;	0.999985949543016;	0.999991501684140;	0.999999999999167;	0.999998948753261;	0.999999016985461;	0.999999272176197;	0.999999022273085;	0.999999324714762;	0.999999790947515;	0.999999699833570;	0.999999867736251;	0.999999849187957;	0.999999931589994;	0.999999918905130;	0.999999923441629;	0.999999930039190;	0.999999935832432;	0.999999933426808;	0.999999943367501;	0.999999949625885;	0.999999951204626;	0.999999954773297;	0.999999958035180;	0.999999963066929;	0.999999963823889;	0.999999967769496;	0.999999966770576;	0.999999970808147;	0.999999971235024;	0.999999970999430;	0.999999970882198;	0.999999972451390;	0.999999973036634;	0.999999972002203;	0.999999972410830;	0.999999972534041;	0.999999972524444;	0.999999972194067;	0.999999971721398;	0.999999971574492;	0.999999971122462;	0.999999970555016;	0.999999970206542;	0.999999970318931;	0.999999969321039;	0.999999969145428;	0.999999968599396;	0.999999967867332;	0.999999967510729;	0.999999967172310;	0.999999966793301;	0.999999966897215;	0.999999966550314;	0.999999966478665;	0.999999966220571;	0.999999965977628;	0.999999965796425;	0.999999965739323;	0.999999965547397;	0.999999965785608;	0.999999966118475;	0.999999965886664;	0.999999965813637;	0.999999966701214;	0.999999966735334;	0.999999966927781;	0.999999967002777;	0.999999966979944;	0.999999967065616;	0.999999967375238;	0.999999967046488;	0.999999968163730;	0.999999968013956;	0.999999968396361;	0.999999968260571;	0.999999968241865;	0.999999967939409;	0.999999967014967;	0.999999968424456;	0.999999967372390;	0.999999966937865;	0.999999966468832;	0.999999964291306;	0.999999963152069;	0.999999960460005;	0.999999956097219;	0.999999950024763;	0.999999956285134;	0.999999935044061;	0.999999903142712;	0.999999847742374;	0.999999694629685;	0.999999506300169;	0.999999906811520
0.999987139222884;	0.999991487306352;	0.999991715511704;	0.999991331998619;	0.999990308485422;	0.999999524538292;	0.999986120194719;	0.999991605733095;	0.999999999999176;	0.999998960581021;	0.999999029091274;	0.999999281094842;	0.999999034247075;	0.999999332976986;	0.999999793476059;	0.999999703466021;	0.999999869332382;	0.999999851001446;	0.999999932408248;	0.999999919873613;	0.999999924356870;	0.999999930872127;	0.999999936596975;	0.999999934218383;	0.999999944038981;	0.999999950222372;	0.999999951780988;	0.999999955306437;	0.999999958529212;	0.999999963500182;	0.999999964247474;	0.999999968145965;	0.999999967158273;	0.999999971147304;	0.999999971568637;	0.999999971335510;	0.999999971219136;	0.999999972769255;	0.999999973347052;	0.999999972324162;	0.999999972727595;	0.999999972848896;	0.999999972839009;	0.999999972511920;	0.999999972044224;	0.999999971898591;	0.999999971451343;	0.999999970889925;	0.999999970545277;	0.999999970656087;	0.999999969669260;	0.999999969495303;	0.999999968955211;	0.999999968231149;	0.999999967878251;	0.999999967543343;	0.999999967168293;	0.999999967270826;	0.999999966927575;	0.999999966856396;	0.999999966600920;	0.999999966360384;	0.999999966180887;	0.999999966124045;	0.999999965933851;	0.999999966169054;	0.999999966497904;	0.999999966268346;	0.999999966195847;	0.999999967073217;	0.999999967106557;	0.999999967296470;	0.999999967370251;	0.999999967347285;	0.999999967431645;	0.999999967737447;	0.999999967411971;	0.999999968516574;	0.999999968368103;	0.999999968745995;	0.999999968611349;	0.999999968592541;	0.999999968293085;	0.999999967378479;	0.999999968772180;	0.999999967731355;	0.999999967301222;	0.999999966837011;	0.999999964683009;	0.999999963555834;	0.999999960892803;	0.999999956577269;	0.999999950570591;	0.999999956762245;	0.999999935751941;	0.999999904197009;	0.999999849397521;	0.999999697943970;	0.999999511651631;	0.999999907807291
0.999987287522788;	0.999991585666521;	0.999991811257995;	0.999991432174217;	0.999990420454646;	0.999999530099248;	0.999986280026355;	0.999991702783046;	0.999999999999185;	0.999998972032979;	0.999999040347754;	0.999999289407664;	0.999999045409799;	0.999999340682280;	0.999999795847397;	0.999999706871352;	0.999999870830589;	0.999999852706423;	0.999999933179443;	0.999999920786945;	0.999999925219442;	0.999999931658575;	0.999999937318476;	0.999999934966023;	0.999999944673951;	0.999999950786700;	0.999999952326835;	0.999999955811748;	0.999999958997678;	0.999999963911646;	0.999999964650037;	0.999999968504103;	0.999999967527228;	0.999999971470646;	0.999999971886903;	0.999999971656193;	0.999999971540808;	0.999999973073071;	0.999999973644006;	0.999999972632265;	0.999999973030897;	0.999999973150538;	0.999999973140501;	0.999999972816728;	0.999999972353943;	0.999999972209660;	0.999999971767115;	0.999999971211624;	0.999999970870662;	0.999999970980036;	0.999999970003909;	0.999999969831639;	0.999999969297318;	0.999999968581026;	0.999999968231786;	0.999999967900341;	0.999999967529195;	0.999999967630439;	0.999999967290765;	0.999999967220138;	0.999999966967259;	0.999999966729136;	0.999999966551378;	0.999999966494892;	0.999999966306515;	0.999999966538917;	0.999999966863975;	0.999999966636695;	0.999999966564786;	0.999999967432386;	0.999999967465107;	0.999999967652700;	0.999999967725434;	0.999999967702472;	0.999999967785680;	0.999999968087916;	0.999999967765735;	0.999999968858174;	0.999999968711088;	0.999999969084695;	0.999999968951283;	0.999999968932474;	0.999999968636044;	0.999999967731100;	0.999999969109563;	0.999999968079764;	0.999999967654033;	0.999999967194615;	0.999999965063597;	0.999999963948295;	0.999999961313650;	0.999999957044243;	0.999999951101774;	0.999999957226664;	0.999999936441392;	0.999999905224310;	0.999999851011095;	0.999999701177021;	0.999999516874425;	0.999999908783189
1.000000000000000;	1.000000000000000;	1.000000000000000;	1.000000000000000;	1.000000000000000;	1.000000000000000;	1.000000000000000;	1.000000000000000;	1.000000000000000;	1.000000000000000;	1.000000000000000;	1.000000000000000;	1.000000000000000;	1.000000000000000;	1.000000000000000;	1.000000000000000;	1.000000000000000;	1.000000000000000;	1.000000000000000;	1.000000000000000;	1.000000000000000;	1.000000000000000;	1.000000000000000;	1.000000000000000;	1.000000000000000;	1.000000000000000;	1.000000000000000;	1.000000000000000;	1.000000000000000;	1.000000000000000;	1.000000000000000;	1.000000000000000;	1.000000000000000;	1.000000000000000;	1.000000000000000;	1.000000000000000;	1.000000000000000;	1.000000000000000;	1.000000000000000;	1.000000000000000;	1.000000000000000;	1.000000000000000;	1.000000000000000;	1.000000000000000;	1.000000000000000;	1.000000000000000;	1.000000000000000;	1.000000000000000;	1.000000000000000;	1.000000000000000;	1.000000000000000;	1.000000000000000;	1.000000000000000;	1.000000000000000;	1.000000000000000;	1.000000000000000;	1.000000000000000;	1.000000000000000;	1.000000000000000;	1.000000000000000;	1.000000000000000;	1.000000000000000;	1.000000000000000;	1.000000000000000;	1.000000000000000;	1.000000000000000;	1.000000000000000;	1.000000000000000;	1.000000000000000;	1.000000000000000;	1.000000000000000;	1.000000000000000;	1.000000000000000;	1.000000000000000;	1.000000000000000;	1.000000000000000;	1.000000000000000;	1.000000000000000;	1.000000000000000;	1.000000000000000;	1.000000000000000;	1.000000000000000;	1.000000000000000;	1.000000000000000;	1.000000000000000;	1.000000000000000;	1.000000000000000;	1.000000000000000;	1.000000000000000;	1.000000000000000;	1.000000000000000;	1.000000000000000;	1.000000000000000;	1.000000000000000;	1.000000000000000;	1.000000000000000;	1.000000000000000;	1.000000000000000;	1.000000000000000;	1.000000000000000
0.073665518471634;	0.074723345028900;	0.077192493453705;	0.079929765993502;	0.082700371574764;	0.085358424452573;	0.093513913207784;	0.096046700678263;	0.099525666190889;	0.160705302523151;	0.164297103662586;	0.167572953748069;	0.170781315393227;	0.174607815982529;	0.178516748035494;	0.182525158110957;	0.187417249393733;	0.192236243309195;	0.198076301136077;	0.203862275266540;	0.210097619144588;	0.216527537905239;	0.223580855385479;	0.230767367628131;	0.238498055053362;	0.246702520313340;	0.255252787973103;	0.264344368832481;	0.273974291027798;	0.283833960885178;	0.294357660846633;	0.305810473611874;	0.317305374264561;	0.329426546360207;	0.342163147963274;	0.355367731704201;	0.368745492009337;	0.382767517620094;	0.397109442439929;	0.411606815023412;	0.426502069955719;	0.441861727529032;	0.457375840967824;	0.472988076084776;	0.488673338171155;	0.504406403728627;	0.520204680230057;	0.535913862842950;	0.551516004388932;	0.567343262894401;	0.582839364109516;	0.598164697086438;	0.613281698605241;	0.628126463158762;	0.642823547247816;	0.657305821431406;	0.671599075677438;	0.685733503020020;	0.699639330751879;	0.713354980592277;	0.726833663461660;	0.740072995454599;	0.753064974071023;	0.765801427156458;	0.778255270348682;	0.790531885011144;	0.802654398484584;	0.814392025148513;	0.825726520743666;	0.836814304502767;	0.847650530241205;	0.858207525006221;	0.868460693645368;	0.878382678774858;	0.887969604947133;	0.897149867609232;	0.905975421534771;	0.914394671919133;	0.922456862998115;	0.930070882230064;	0.937290804089388;	0.944058973424246;	0.950397780548460;	0.956302031922232;	0.961802212980031;	0.966848030995313;	0.971488908510293;	0.975704217105200;	0.979522253472257;	0.982933148910628;	0.985947939957775;	0.988595733792907;	0.990900967243792;	0.992887590452671;	0.994560440449917;	0.995959811482832;	0.997087119147312;	0.997963087243206;	0.998649474177338;	1.000000000000000
