0.261045368469631;	0.004250815329253;	0.005932236179981;	0.006235124945801;	0.028196016071263;	0.051294562874832;	0.045910751975841;	0.004765526090674;	0.004544225219262;	0.004307760119711;	0.004124440323320;	0.003955968937806;	0.003807779497794;	0.022478237502160;	0.024207140516890;	0.025113122574943;	0.023599586071680;	0.024766762129979;	0.026210234195021;	0.027166593334036;	0.026847227408662;	0.025148920753074;	0.025539277097043;	0.026399975864685;	0.027320835835087;	0.028299636447099;	0.029126439024102;	0.030002645094091;	0.030866559376757;	0.031817649617624;	0.033119977018071;	0.034813525389493;	0.036760395436755;	0.037768081702031;	0.036606428406606;	0.037876492298145;	0.038745025316368;	0.040548229882037;	0.042054504875186;	0.041722634058438;	0.043243840677283;	0.045523142287952;	0.046932603246849;	0.048027527210938;	0.049712625699553;	0.049301715320391;	0.066313000452234;	0.097818411342743;	0.144152452392166;	0.220513916364305
0.269782522904587;	0.010900118568899;	0.011159293525793;	0.011071056084283;	0.032420842483167;	0.054987084439992;	0.048836250911197;	0.008243734426883;	0.007724184100128;	0.007852257424593;	0.007379642604736;	0.007552743252284;	0.007136579508593;	0.023035302467808;	0.024820974399518;	0.025755239256647;	0.024188441529208;	0.025417648418480;	0.026908619784932;	0.027898165073888;	0.027569957440672;	0.025815646136678;	0.026254195313486;	0.027163290992912;	0.028132000513534;	0.029162042879972;	0.030040797384191;	0.030973076411018;	0.031892331174527;	0.032901526714527;	0.034279745267342;	0.036053462347616;	0.038075029820267;	0.039141362100588;	0.037967035455519;	0.039308699981842;	0.040229330937996;	0.042113001550101;	0.043696143473912;	0.043382474006916;	0.044973184271564;	0.047357321624782;	0.048831951785263;	0.049962418675472;	0.051737056982596;	0.051419901265883;	0.069144571734131;	0.101283304643715;	0.148029488614273;	0.294031130779803
0.273022342100702;	0.013198494183676;	0.012966311825298;	0.012578776406393;	0.033665614847741;	0.056039550760793;	0.049669796590944;	0.009213213880662;	0.008583255673286;	0.008794471449637;	0.008229903995113;	0.008476220976854;	0.007977561258053;	0.024023803901062;	0.025893709366460;	0.026863505445824;	0.025191861456440;	0.026508678023272;	0.028063866414415;	0.029094506960659;	0.028739497920786;	0.026882610692684;	0.027381526504461;	0.028349403084399;	0.029374462364497;	0.030505127401041;	0.031537200717156;	0.032646040239153;	0.033756624548421;	0.034975953961951;	0.036605740927851;	0.038645035078076;	0.040920938388172;	0.042216490795939;	0.041116095334269;	0.042729296528067;	0.043887632773281;	0.046099898165715;	0.048027835515507;	0.047919221640070;	0.049881691769250;	0.052783720396810;	0.054724237332497;	0.056299219659315;	0.058752856882135;	0.059231752231386;	0.080388361048998;	0.117099923416019;	0.169761440182696;	0.331108539391636
0.342403579879314;	0.022383695052690;	0.020175563548808;	0.019366990053992;	0.039368878918919;	0.060977067770310;	0.053571015636830;	0.015397056546037;	0.012754804935507;	0.013429337188141;	0.012481834589969;	0.013166550278158;	0.012329071556574;	0.026421954986321;	0.028549233517885;	0.029671005260447;	0.027786301976816;	0.029382453439229;	0.031173979334443;	0.032394158786269;	0.032051501002068;	0.029975909043503;	0.030722725778496;	0.031953995876553;	0.033253914766847;	0.034685058499183;	0.036027849727980;	0.037475712766977;	0.038941781083829;	0.040554631682343;	0.042668318243414;	0.045243667611564;	0.048089086851747;	0.049917900313275;	0.048979562706973;	0.051266075023843;	0.053045957993119;	0.056168101949452;	0.059114562482597;	0.059686865348498;	0.062821626666877;	0.067333002640410;	0.070768167135230;	0.073753005635341;	0.077760953485440;	0.079263310736880;	0.106293299666550;	0.152183860793235;	0.219673433739496;	0.365354565684716
0.406049297566439;	0.035737796609356;	0.030642149809410;	0.029123893823524;	0.047812948410867;	0.068224879024957;	0.059380677772044;	0.023827439528935;	0.021392278819967;	0.020459538549364;	0.018964699767370;	0.020475501023807;	0.019164732085788;	0.031066148078304;	0.033683128953484;	0.035114265200872;	0.032817544785877;	0.034933181251985;	0.037185981799010;	0.038796765047706;	0.038518664747644;	0.036023010100280;	0.037232561460241;	0.038971745680613;	0.040809641390260;	0.042820913248902;	0.044745213026048;	0.046813105149795;	0.048938577920947;	0.051295111240826;	0.054273050370145;	0.057805955267520;	0.061697290069753;	0.064463512392347;	0.063637766852532;	0.066900988523292;	0.069407008216674;	0.073628082029982;	0.077549638247274;	0.078075231801254;	0.081639295409209;	0.086821137298697;	0.090411606018364;	0.093305155596961;	0.097300029887804;	0.098742173727451;	0.129413758701380;	0.180621340176331;	0.256664273046024;	0.402208355434244
0.477618296176412;	0.055818874506956;	0.047164474446106;	0.044373691459205;	0.060634078483100;	0.079427329767163;	0.068058022210796;	0.035230271167840;	0.033009695310980;	0.034570651024323;	0.032959996317473;	0.030352914992288;	0.028220322293153;	0.038807802728751;	0.042194260232318;	0.044136176158282;	0.041026306158292;	0.043885881386615;	0.046829077159489;	0.049042583743724;	0.048862299382547;	0.045600707142003;	0.047380938156474;	0.049764590651690;	0.052274596156100;	0.055004767735568;	0.057618844846385;	0.060363885714511;	0.063182652456638;	0.066299391135858;	0.070013551496970;	0.074278469143124;	0.078917606871755;	0.082189770980657;	0.080814025824751;	0.084424828397589;	0.086867252178948;	0.091527929719687;	0.095989052980022;	0.096207717059986;	0.100019690609075;	0.105859749964748;	0.109806788454247;	0.112965424418794;	0.117425787079043;	0.119283760211896;	0.153605390644914;	0.209753486843635;	0.293953065648483;	0.441509315657132
0.543144247881760;	0.229783121191486;	0.069304885092660;	0.066998090005451;	0.079256568310896;	0.095374856291702;	0.080939797214898;	0.052722758587665;	0.046704925114905;	0.051092274597439;	0.048677794694890;	0.051042995894849;	0.048644420393512;	0.049180673150946;	0.053433138695703;	0.055919230328905;	0.052533451776912;	0.056175193690891;	0.059873955941910;	0.062746086464276;	0.062590536540994;	0.058124912619428;	0.060341567777181;	0.063259364911599;	0.066321733573725;	0.069640678554212;	0.072783917413485;	0.076017507760578;	0.079348709754994;	0.083067240531229;	0.087326409929558;	0.092182696123612;	0.097603604712855;	0.101534999838681;	0.099837704621373;	0.104057345712407;	0.106172830674309;	0.111580407006813;	0.116876983035945;	0.116963226581509;	0.121205098433506;	0.127910930470628;	0.132370616145675;	0.135927621621864;	0.140963964732441;	0.143333615427406;	0.181054406159178;	0.241885242180657;	0.333930663479880;	0.484219055712983
0.594644215337740;	0.381357355154091;	0.226498842937198;	0.095026972947703;	0.105764162104996;	0.117236020297615;	0.098622055620378;	0.075179921993099;	0.069612335628083;	0.074541914336472;	0.069943754512453;	0.070229683163375;	0.066285472185117;	0.074797566192177;	0.081427801832635;	0.086251957367219;	0.066430438013946;	0.070920992654424;	0.075526081484437;	0.079279832863663;	0.079020745528989;	0.073033733080114;	0.075616613876702;	0.079056292919322;	0.082705393375737;	0.086740305327876;	0.090635749366326;	0.094611142787718;	0.098759425478956;	0.103444491996183;	0.108567409081890;	0.114342217940646;	0.120892295321433;	0.125838562273452;	0.124047367149382;	0.129072388574119;	0.129211965529426;	0.135521308557027;	0.141868060521237;	0.141843675054244;	0.146596573735936;	0.154308168443496;	0.159418387982087;	0.163547547777289;	0.169336649298908;	0.172326962997318;	0.213204395411907;	0.278761426120350;	0.378436499300275;	0.530841774783559
0.627945493072259;	0.477045312777418;	0.349359962206297;	0.284364019644066;	0.136303448577818;	0.146772167766556;	0.121982305778663;	0.104171626587370;	0.093381079499820;	0.102372872131082;	0.095297728927883;	0.102471336740226;	0.095156210256242;	0.094406630207882;	0.102137909593499;	0.107729078430044;	0.100691948566632;	0.106625844440909;	0.113274734652359;	0.119141636488247;	0.100626417485502;	0.093286817545377;	0.096676196471622;	0.101182783474328;	0.105977971203051;	0.111386059063147;	0.116700124463359;	0.121958411349264;	0.127455206949306;	0.133640083948911;	0.139948220958458;	0.146973140026980;	0.155029444555715;	0.161314884461853;	0.159542221361419;	0.165452430497057;	0.159207799562063;	0.166674964535433;	0.174402825006079;	0.174260142210742;	0.179627188153723;	0.188510149614005;	0.194414629519891;	0.199281875316504;	0.205943843072536;	0.209428113971287;	0.253047070017843;	0.323468808935602;	0.430069937364126;	0.582342939252544
0.649750730026348;	0.543937601656428;	0.425538102087307;	0.395108668920543;	0.337699901410069;	0.180831934945079;	0.152744970574601;	0.139701963288810;	0.127302983229095;	0.137233127001097;	0.127899460020074;	0.132715204116677;	0.122870733291103;	0.130546585370478;	0.140531308792975;	0.145268853330166;	0.127943845331479;	0.135023071463841;	0.143163101899714;	0.150573102340638;	0.146525573471019;	0.137153157329000;	0.140719142986272;	0.145997807819701;	0.151546064115621;	0.158336809360831;	0.165175713380632;	0.171506315200447;	0.178159110961895;	0.185655915763430;	0.192751901505155;	0.200749106538850;	0.210029990946234;	0.217340096503791;	0.215090069716431;	0.221395550561840;	0.201637591066983;	0.210421432916223;	0.219822439930654;	0.219352278463813;	0.225330441383295;	0.235463026797868;	0.242252801683779;	0.247983800675002;	0.255593614937277;	0.259140039560249;	0.304912102846465;	0.380301283366631;	0.492037548767122;	0.639702230755832
0.663967729439942;	0.609834343004384;	0.488453697371678;	0.468313138334467;	0.417758389192545;	0.401456447659561;	0.191296398905132;	0.184254713613677;	0.165300086678635;	0.178436563768178;	0.164798046892505;	0.173564030953138;	0.160853254594475;	0.166047636376134;	0.177787880087689;	0.184787691015880;	0.169689250404874;	0.177792547633438;	0.187531969645460;	0.196595529867344;	0.187509319898075;	0.175622901180183;	0.179740592397547;	0.186018041180803;	0.192684690278693;	0.200988346750030;	0.209400822379813;	0.217031998657760;	0.225072080099220;	0.234156961830867;	0.242344746818652;	0.251541255662146;	0.262383383901174;	0.271053073561201;	0.268486564573091;	0.275617206917726;	0.264618581758111;	0.274573083033885;	0.285679973231551;	0.284137871678011;	0.290474120231454;	0.301681431173784;	0.309232883307210;	0.315742376116952;	0.324170192051873;	0.326807982398953;	0.373817597094750;	0.453712246509110;	0.567071086000586;	0.703670692507431
0.677949048152847;	0.631758824639173;	0.555257220382505;	0.538012692420213;	0.483801872451841;	0.461033617106325;	0.468156354658925;	0.464573815161631;	0.221964842388600;	0.240513700894181;	0.211353997595791;	0.222065375669484;	0.202919060307475;	0.210239297947345;	0.223764736711842;	0.233633377753886;	0.213439867100648;	0.222572554906633;	0.233865103082056;	0.244577551030721;	0.240726389757637;	0.224705307442696;	0.229090568101369;	0.236167574275614;	0.243885149343592;	0.253595735110499;	0.263398522164247;	0.272124033938255;	0.281360792184393;	0.291897461363855;	0.300905745999854;	0.311010499954571;	0.323250357028394;	0.333067741831481;	0.329757165375316;	0.337522365375946;	0.330394044881987;	0.341721512705145;	0.354531631749698;	0.350915190846996;	0.357798565906799;	0.370116088796015;	0.378409060251435;	0.385779842009277;	0.395029676860341;	0.396465171730341;	0.444144446061012;	0.526636736598946;	0.639898078336728;	0.773657864086001
0.692325481597641;	0.651380999058452;	0.577449215873171;	0.560612340266195;	0.548110319756922;	0.525705407913401;	0.520700806037183;	0.519806490026386;	0.496514775518644;	0.511609063127830;	0.291170774051994;	0.307985840372896;	0.258127358709950;	0.267173784675640;	0.283110159198608;	0.296436194913571;	0.264797914757031;	0.275049586565324;	0.287977194536229;	0.300446531453839;	0.300682569034836;	0.277204841317487;	0.281952846248367;	0.289839096233071;	0.298543850637315;	0.309540482912616;	0.320630871571893;	0.330364665198610;	0.340676880437984;	0.352456351481387;	0.362171640142060;	0.373041647699692;	0.386344542766472;	0.397125968246759;	0.392784375382332;	0.401068793954560;	0.397913629784090;	0.410095586474634;	0.424016670339939;	0.415932112251172;	0.422985797815329;	0.435670372208570;	0.444208299553892;	0.451789921455114;	0.461203182937894;	0.470441073419943;	0.517717260425374;	0.600179940971094;	0.710236073206985;	0.834179185176611
0.707420095517511;	0.671455398978589;	0.599852914966953;	0.583645243217169;	0.570523337024620;	0.586381130027536;	0.586623966809947;	0.588605347487413;	0.551272404829739;	0.566424291500277;	0.544373544434240;	0.556980663857342;	0.357322874563476;	0.371523885099835;	0.390412112593519;	0.406311758963553;	0.332575912068394;	0.344527197398892;	0.359340163739275;	0.373671177314328;	0.377973037535403;	0.337490197281209;	0.342808701177566;	0.351570433845034;	0.361230863588897;	0.373402637217234;	0.385681800249762;	0.396349439820379;	0.407616163644020;	0.420406981700159;	0.430737981339603;	0.442239431871682;	0.456237685240347;	0.467754592560204;	0.462064515329304;	0.470768505055359;	0.470892606789524;	0.483477001710739;	0.497893751899639;	0.481152671126738;	0.488186254068756;	0.500806717802030;	0.509420218452317;	0.517174147159927;	0.526799273819037;	0.537557794117322;	0.582269267955806;	0.662060830715486;	0.766416907152344;	0.882316466052957
0.723135344793851;	0.691947948562398;	0.622646057237584;	0.607076744376225;	0.595037146060948;	0.609343224474113;	0.645955798506418;	0.649754685722001;	0.620929220395103;	0.635734652441980;	0.599885088726786;	0.612481834980750;	0.590458945747867;	0.610279932979062;	0.621907456584517;	0.627024246880731;	0.447937131879313;	0.462512328128655;	0.478323729109284;	0.492832489478369;	0.498633690912334;	0.415599023890752;	0.422096716855373;	0.431910270868399;	0.442495234311962;	0.455622347116043;	0.468874917062784;	0.480332973934681;	0.492274144870922;	0.505564479976991;	0.516353637552111;	0.528241983557144;	0.542240464661797;	0.553940908056923;	0.546408768643536;	0.555374391530920;	0.558115530750880;	0.570575811239413;	0.584758667565963;	0.551835220113896;	0.558998755049673;	0.571449358544866;	0.580153660616276;	0.588135914626746;	0.597944645638378;	0.609588639560181;	0.651009149656753;	0.724747787375402;	0.817930658901087;	0.917714818019631
0.739371397409708;	0.712620660429817;	0.645645985435918;	0.630730245163112;	0.619609321726813;	0.634934468435527;	0.669262916413839;	0.676184238401570;	0.680344216421066;	0.694213521067158;	0.669440048520157;	0.681103437368027;	0.646213459738290;	0.664338703395062;	0.675434766779818;	0.681484328188672;	0.658216348272538;	0.673608978220049;	0.684320587968301;	0.691504961031875;	0.690757566168356;	0.536305055283444;	0.545025044699570;	0.555609373434275;	0.566306613618720;	0.579135589499733;	0.592182661975429;	0.603526796899219;	0.614903996814139;	0.626974199469284;	0.637567468038761;	0.649067156717686;	0.661335875136329;	0.671763012168073;	0.661447223780550;	0.670186236939501;	0.674376783577230;	0.685464361149434;	0.697739949893442;	0.636308454777781;	0.643578020606481;	0.655352624154406;	0.663856463577336;	0.671735916929260;	0.681440616529704;	0.693218155164166;	0.729639096914459;	0.791690384057473;	0.865093461076585;	0.943845155979369
0.756006989151053;	0.733209858155301;	0.668609044148111;	0.654375092120883;	0.644226520774872;	0.659999404484538;	0.694806424317292;	0.704467439025220;	0.707872919170744;	0.722173475944383;	0.726403992050420;	0.736858912464674;	0.713668201023421;	0.729156417212497;	0.738787276060718;	0.744964991551176;	0.712503910432906;	0.726568240206547;	0.736696103128201;	0.743910151915121;	0.744959016882783;	0.721322059944827;	0.732350941649225;	0.741544150199693;	0.749449218271521;	0.758519069768836;	0.768206322127630;	0.776897412515193;	0.784769287060487;	0.792115771250983;	0.800719553451199;	0.809917420928786;	0.817324361303211;	0.823809808750680;	0.809227179674638;	0.816428631523430;	0.820134487849181;	0.827714098553381;	0.835577242195422;	0.746154355073502;	0.753205713181037;	0.763269108424536;	0.770903782026563;	0.777858849875242;	0.786853895883453;	0.797336786137686;	0.826203166584162;	0.867714825619280;	0.909004394716916;	0.962357949072463
0.772922198185182;	0.753481764326754;	0.691368119469960;	0.677859572778714;	0.668694746116087;	0.684795338350962;	0.719290848505216;	0.731140337762043;	0.736663657191226;	0.750958029083279;	0.754356153758938;	0.764858097998784;	0.767294600074435;	0.780610430369614;	0.788781457473795;	0.794657500524213;	0.774207693230145;	0.786064424582343;	0.794732894859545;	0.801251213308242;	0.803315404161313;	0.773528541891636;	0.783384047688928;	0.791684997834940;	0.798840747684385;	0.807158824880452;	0.816082801161188;	0.823903183618059;	0.831100670557997;	0.837917171417827;	0.845487204531502;	0.853566576721002;	0.860135031769945;	0.866148226079243;	0.850626385070412;	0.857175347055004;	0.861352149320954;	0.868229000046979;	0.875390625493768;	0.878641252324344;	0.884691610848823;	0.891621426448121;	0.897355699595522;	0.902183531557755;	0.909391129006653;	0.916538944694162;	0.934562839869541;	0.947405891595862;	0.948236778838061;	0.974949706453138
0.790021711672052;	0.773293211739032;	0.713776446372921;	0.701027265846282;	0.692832447576238;	0.709029356567389;	0.742917662850336;	0.756336029706598;	0.763079772028460;	0.777077106966627;	0.782231166146164;	0.792462004511809;	0.794257970154776;	0.807145197250778;	0.814901331800386;	0.820666909767859;	0.821561738195054;	0.831560514986704;	0.838804866296456;	0.844451537589938;	0.846989496467228;	0.828864594546225;	0.837107833670455;	0.843998765278621;	0.849906996603459;	0.856902825586983;	0.864496658486982;	0.870962324402881;	0.877038372338587;	0.882877215669853;	0.889020176644579;	0.895570662828132;	0.900885945875351;	0.906052626978649;	0.892352292420077;	0.897882186964603;	0.901843045890575;	0.907615152556680;	0.913655779964100;	0.914318260017395;	0.919535539683603;	0.925262130938429;	0.930239114959208;	0.934637338408827;	0.940388371129886;	0.945992332454874;	0.957553396056820;	0.965238113586643;	0.965038206301141;	0.983081703974753
0.807044728010413;	0.792372262997149;	0.735503640304381;	0.723528297668892;	0.716254997146648;	0.732293403937814;	0.765252941048601;	0.779674588095558;	0.787333245731903;	0.800823916734801;	0.806914641935590;	0.816750668261299;	0.820142481501484;	0.832343678690673;	0.839469213405099;	0.844875634111450;	0.845829547523790;	0.855158712594003;	0.861666207167633;	0.866670450558558;	0.869365236325717;	0.869423469210831;	0.876394719022184;	0.882090931745806;	0.886919834020080;	0.892714711659078;	0.899084464426193;	0.904383907258639;	0.909451077073783;	0.914373297073327;	0.919356710083813;	0.924655211607484;	0.928906142191722;	0.933276714380431;	0.926377397908762;	0.930865626221404;	0.934317739407814;	0.938962565557606;	0.943847882172738;	0.945445713399982;	0.949663458385490;	0.954014568931007;	0.958071457089221;	0.961792716248946;	0.965796253392597;	0.969569569822331;	0.975083229345504;	0.978318226709448;	0.977126108617616;	0.988129458834570
0.823579311581600;	0.810338869075809;	0.756211029417094;	0.745047252580354;	0.738631544975934;	0.754311326700479;	0.786123645845855;	0.801079291326572;	0.809332431926490;	0.822166941806728;	0.828904289160733;	0.838233568205000;	0.842494615381854;	0.853999400344099;	0.860451808920295;	0.865378286295297;	0.867827451341403;	0.876267879874120;	0.881902635851457;	0.886201711174519;	0.888861399961917;	0.889116445532131;	0.895606708078978;	0.900752603618637;	0.905069735054657;	0.910196121428311;	0.915833491929040;	0.920518340930654;	0.924979161903357;	0.929310175978427;	0.933727392254031;	0.938383884959391;	0.942044898624320;	0.945862131138646;	0.948962772212062;	0.952600919597751;	0.955589266932349;	0.959296427938196;	0.963173616067235;	0.965026739757212;	0.968456113968238;	0.971762964695259;	0.975039226744471;	0.978089157953949;	0.980788060617954;	0.983289417425367;	0.985315153267869;	0.986029972525478;	0.984489835112662;	0.991299824898999
0.839360803467786;	0.827009387721225;	0.775795258601497;	0.765493491666674;	0.759866673235159;	0.775033863849495;	0.805515620182707;	0.820579598319192;	0.829148047981782;	0.841201423343731;	0.848277453582513;	0.857019097686758;	0.861882648886764;	0.872651080568900;	0.878392145437248;	0.882734948535698;	0.885951230122864;	0.893501995277794;	0.898310156433807;	0.901943554098822;	0.904447131181001;	0.905876589678361;	0.911797737084037;	0.916337230878056;	0.920107791161761;	0.924532846959101;	0.929410810127835;	0.933465691657372;	0.937318026104391;	0.941062448071733;	0.944910344722180;	0.948935168522612;	0.952033563858784;	0.955316835367913;	0.957940173736475;	0.961143066828013;	0.964012235004636;	0.967197108796636;	0.970435221618210;	0.972541403940568;	0.975506370424285;	0.978256264957278;	0.980990898127331;	0.983530817265532;	0.985737199517379;	0.987893539891480;	0.989540875544419;	0.989709136583511;	0.988234245064196;	0.993016338090608
0.854238645345366;	0.842353767292933;	0.794246035279186;	0.784833951840400;	0.779911158605468;	0.794426691692185;	0.823418356493529;	0.838213314399344;	0.846849668523227;	0.858029797229057;	0.865198213048279;	0.873299147773691;	0.878489081496542;	0.888496747231090;	0.893505011844953;	0.897192748483925;	0.900834043588600;	0.907533877921106;	0.911591965119373;	0.914616249931865;	0.916886145181776;	0.918943302303012;	0.924321474167333;	0.928303685102359;	0.931578528707293;	0.935371492376152;	0.939570266937759;	0.943071374441287;	0.946391451825247;	0.949623114926206;	0.952978997891437;	0.956466099247341;	0.959095237462228;	0.961922407504571;	0.964514614854065;	0.967306700452914;	0.969962351702168;	0.972682257316650;	0.975381372583182;	0.977512542592813;	0.980066903406133;	0.982360851880005;	0.984655577286659;	0.986786127354730;	0.988606896886054;	0.990457161785689;	0.991817271261958;	0.991714670858141;	0.990357414705575;	0.993740505007739
0.868063555812314;	0.856385970059774;	0.811556782477270;	0.803027865636610;	0.798703118994180;	0.812443809382276;	0.839819522151351;	0.854039437247485;	0.862535202327292;	0.872796239181117;	0.879860897984341;	0.887293800949992;	0.892569782220258;	0.901792026537558;	0.906066583935904;	0.909095758744008;	0.912899920561859;	0.918834514673557;	0.922243004510403;	0.924737453716984;	0.926742595217181;	0.929148047725987;	0.934009293730750;	0.937491198337872;	0.940327959303797;	0.943572418391323;	0.947186979724815;	0.950215586855221;	0.953083361492301;	0.955879499118204;	0.958818152194492;	0.961858870367226;	0.964110041355937;	0.966561257732325;	0.969000577337640;	0.971452969375504;	0.973877418487635;	0.976233540901721;	0.978535691225875;	0.980593543012062;	0.982830642697062;	0.984801365716264;	0.986783510579617;	0.988627267053064;	0.990191431536016;	0.991815298880990;	0.993005784843795;	0.992824887628019;	0.991594565943210;	0.994449420786398
0.880709994136911;	0.869182677736777;	0.827747634619308;	0.820055074175544;	0.816206495542876;	0.829069909407034;	0.854742576801903;	0.868168997923566;	0.876358218943478;	0.885700603024969;	0.892500172889671;	0.899249565863664;	0.904393529431364;	0.912819350700822;	0.916414172693148;	0.918859125394991;	0.922651612093328;	0.927916009001921;	0.930781748537798;	0.932835318770624;	0.934577992486531;	0.937107805214498;	0.941488134165643;	0.944535706662579;	0.946998886373747;	0.949789404402150;	0.952924175417765;	0.955564813290032;	0.958063839908651;	0.960506739194345;	0.963105916597965;	0.965793997413711;	0.967760794668163;	0.969922199069084;	0.972191300580970;	0.974377471937662;	0.976580904441972;	0.978672298978020;	0.980704323864046;	0.982648310412192;	0.984651384307220;	0.986403309434077;	0.988170095978040;	0.989817638329560;	0.991213089052595;	0.992670248448508;	0.993756122946658;	0.993590826111084;	0.992487008237131;	0.995121774907528
0.892140510142338;	0.880922560151535;	0.842880197914846;	0.835936698290365;	0.832434704479957;	0.844341977263536;	0.868262859112001;	0.880753991256717;	0.888501887761801;	0.896945372385118;	0.903334523904635;	0.909395183213358;	0.914243489827281;	0.921895135968373;	0.924918218637449;	0.926890352160459;	0.930546864519102;	0.935231639171238;	0.937662037744961;	0.939366481429260;	0.940870441832297;	0.943371581809200;	0.947316287378115;	0.950003290908853;	0.952164774232043;	0.954605153723219;	0.957371084695528;	0.959712844081383;	0.961931756882921;	0.964108778054183;	0.966448361052797;	0.968874054820378;	0.970642852970944;	0.972592847600449;	0.974698270693601;	0.976683209108304;	0.978698717134950;	0.980600833132558;	0.982446432301312;	0.984258440890104;	0.986082758955018;	0.987676683053835;	0.989282110298413;	0.990781060789447;	0.992050261831480;	0.993371300104128;	0.994380534080253;	0.994262982446194;	0.993286833809992;	0.995751666050796
0.902375332014729;	0.891767345804988;	0.856953353785273;	0.850639365942502;	0.847363831099905;	0.858266991770172;	0.880411745353881;	0.891873514069444;	0.899065602969433;	0.906646857989237;	0.912525321507480;	0.917934613224910;	0.922412220058226;	0.929345260494099;	0.931931322028802;	0.933556665744576;	0.936999319468876;	0.941201401536067;	0.943311336303419;	0.944766723392511;	0.946077973118411;	0.948464229831311;	0.952037217148126;	0.954447164782487;	0.956384776617632;	0.958575845562851;	0.961073969365017;	0.963196331557103;	0.965210584104284;	0.967192423354108;	0.969333688332354;	0.971560207174789;	0.973186993350584;	0.974973797798259;	0.976922256957234;	0.978743506498114;	0.980599323139284;	0.982349036986242;	0.984044654842980;	0.985717602268625;	0.987387708281956;	0.988847801956626;	0.990312335302196;	0.991679555239977;	0.992836225231307;	0.994031341243496;	0.994970369715816;	0.994904504411762;	0.994055973371776;	0.996331374108251
0.911367395731387;	0.901635676866862;	0.869778986583474;	0.863976882967342;	0.860866328275789;	0.870782798562687;	0.891147063471196;	0.901568180703991;	0.908152574344667;	0.914969562661934;	0.920329775353187;	0.925186709121286;	0.929295572710707;	0.935594970834106;	0.937881656719924;	0.939287247107670;	0.942486310113564;	0.946304436480953;	0.948200273010821;	0.949497088214452;	0.950669915972049;	0.952901430689946;	0.956164858509286;	0.958365539488993;	0.960137651149881;	0.962146760177402;	0.964440299898331;	0.966390973055207;	0.968243120485215;	0.970067376620361;	0.972041422163692;	0.974098574762702;	0.975607754951023;	0.977251441327190;	0.979043952880711;	0.980716399986287;	0.982425602149669;	0.984035409616879;	0.985592662613456;	0.987124747299486;	0.988648107894595;	0.989981275790905;	0.991310667656489;	0.992550710704027;	0.993598324706017;	0.994670963357643;	0.995538082081918;	0.995517858459763;	0.994794433435810;	0.996856735613524
0.919146948902277;	0.910394923304217;	0.881258236684190;	0.875901881543737;	0.872987148157110;	0.882013399115648;	0.900631847012772;	0.910114389350793;	0.916127274737374;	0.922317569830709;	0.927214757716405;	0.931629946588183;	0.935400466510683;	0.941152436676881;	0.943241208964344;	0.944516983859384;	0.947470309274018;	0.950974244312696;	0.952722659655514;	0.953914893509648;	0.954986674343306;	0.957045596251014;	0.960036509456435;	0.962063619908986;	0.963698646675650;	0.965556174676589;	0.967672473283708;	0.969471047705642;	0.971177696232781;	0.972858423007789;	0.974676201158639;	0.976573766218309;	0.977972472161554;	0.979479081084560;	0.981115263902017;	0.982642991262116;	0.984209034194732;	0.985681771318827;	0.987103679495706;	0.988495013979798;	0.989873247667705;	0.991081225305480;	0.992277569893725;	0.993392392942887;	0.994332724490240;	0.995286144130853;	0.996077666946388;	0.996093374462462;	0.995489353946167;	0.997326171517974
0.926020927234488;	0.918238042066529;	0.891682360754701;	0.886757152623472;	0.884107205768185;	0.892356582548944;	0.909292625966624;	0.917963621677258;	0.923469659722089;	0.929134138733068;	0.933621209922373;	0.937665104992239;	0.941123419422511;	0.946383484607312;	0.948324998520805;	0.949513643186295;	0.952227319811427;	0.955450561064008;	0.957079881170670;	0.958189541286120;	0.959177617796768;	0.961058020350298;	0.963791593256257;	0.965658255441348;	0.967165704998347;	0.968881565452310;	0.970829499658874;	0.972481634578014;	0.974047488519757;	0.975588690498850;	0.977252580060411;	0.978992216842291;	0.980280952225487;	0.981652166543331;	0.983132941349070;	0.984516881164202;	0.985940003489334;	0.987276270745609;	0.988564396132225;	0.989816249796929;	0.991050763333336;	0.992135255474996;	0.993201452871518;	0.994193999423169;	0.995029954666145;	0.995869170450011;	0.996582026722647;	0.996623145080284;	0.996129450545642;	0.997739894856658
0.932355415025081;	0.925510847920740;	0.901453205340993;	0.896958818081999;	0.894620779340410;	0.902171073960803;	0.917485001779009;	0.925425001927205;	0.930470981022126;	0.935660871155561;	0.939771328295658;	0.943477437663755;	0.946642253499953;	0.951437427388504;	0.953250880991820;	0.954368697137368;	0.956850932444015;	0.959805839476661;	0.961324813464309;	0.962359053879348;	0.963270696463549;	0.964973700931057;	0.967454953191503;	0.969164611863398;	0.970546490057504;	0.972123073516246;	0.973905274697487;	0.975412211372306;	0.976838651444797;	0.978241837446659;	0.979752155916382;	0.981333637969845;	0.982511390690534;	0.983748933272093;	0.985077158404736;	0.986318762778018;	0.987599518376827;	0.988800599807668;	0.989957413964911;	0.991072612711234;	0.992166643751163;	0.993130793702894;	0.994071621368501;	0.994946515678511;	0.995682482557059;	0.996414190936489;	0.997046888564990;	0.997103538388069;	0.996708142570642;	0.998099160093703
0.938358564521072;	0.932420402782060;	0.910793305798340;	0.906727497448910;	0.904722015597810;	0.911619831994142;	0.925360068346430;	0.932612504908184;	0.937226842560830;	0.941968910539656;	0.945724670967703;	0.949110053474741;	0.951995817944031;	0.956339852227185;	0.958031948395733;	0.959086214495268;	0.961344950832977;	0.964035818488551;	0.965446088524273;	0.966407562876049;	0.967247357296715;	0.968776796202353;	0.971008398685869;	0.972561966496612;	0.973818535764257;	0.975256537723757;	0.976874666778913;	0.978237381881901;	0.979525899805905;	0.980792868561708;	0.982150627686091;	0.983574428020499;	0.984640541816460;	0.985747453867486;	0.986927882807479;	0.988030344626862;	0.989170813473686;	0.990239426277968;	0.991268647898907;	0.992251798040335;	0.993210652139966;	0.994059019170806;	0.994880894716871;	0.995644165141810;	0.996285646112389;	0.996917620956665;	0.997470449704146;	0.997534073875768;	0.997223002312783;	0.998405855505025
0.944117747001510;	0.939043140747053;	0.919779610652868;	0.916138793756812;	0.914472075420884;	0.920748486523511;	0.932959095395588;	0.939551773441920;	0.943752726336034;	0.948064879806341;	0.951481670888820;	0.954557457566309;	0.957175248737080;	0.961077985669985;	0.962650473541050;	0.963645125069883;	0.965687042643112;	0.968115923306126;	0.969416581156456;	0.970306499525095;	0.971078522908365;	0.972439420186386;	0.974425157563168;	0.975823750988014;	0.976955620502402;	0.978255892712386;	0.979712206070514;	0.980932728553842;	0.982085858113591;	0.983219301781880;	0.984427075109503;	0.985695224045686;	0.986649947853436;	0.987630580535135;	0.988669562509258;	0.989637851318741;	0.990641775857687;	0.991582014310856;	0.992488368332724;	0.993345606442392;	0.994176290898076;	0.994914496083049;	0.995624974190547;	0.996283617021726;	0.996836837435617;	0.997377392999768;	0.997852285815592;	0.997915829663372;	0.997674336624349;	0.998662399769221
0.949677928266667;	0.945410775141167;	0.928437148866826;	0.925216808555042;	0.923885201016731;	0.929562653930575;	0.940290784251305;	0.946243950822259;	0.950043929762487;	0.953939250488028;	0.957028644085598;	0.959802991997130;	0.962161368658376;	0.965632613305772;	0.967084209249864;	0.968020525259145;	0.969851562737152;	0.972020753899496;	0.973209747663675;	0.974028392034695;	0.974736111668922;	0.975934776011601;	0.977680882107425;	0.978926746519462;	0.979935399895537;	0.981099402511000;	0.982397096025885;	0.983478727463319;	0.984500045660819;	0.985503483072991;	0.986565477766746;	0.987681680563864;	0.988526239246396;	0.989385878247154;	0.990290884431275;	0.991131386770895;	0.992003967057527;	0.992821057463924;	0.993610008289929;	0.994348598925319;	0.995059370093553;	0.995693823270111;	0.996301199530908;	0.996862852507607;	0.997334493307162;	0.997792170009722;	0.998192512462194;	0.998250373771678;	0.998063914519526;	0.998871823171817
0.955067638837784;	0.951542056259888;	0.936772783099278;	0.933965637405778;	0.932956105111448;	0.938051218925972;	0.947351465553881;	0.952680687165538;	0.956088504516791;	0.959576984091119;	0.962347659252695;	0.964827024577811;	0.966933131074589;	0.969984556800530;	0.971312140412605;	0.972188749749009;	0.973814828800914;	0.975728163737575;	0.976803109586600;	0.977550010916092;	0.978195734208645;	0.979239780408023;	0.980755225961005;	0.981851841381336;	0.982739697449651;	0.983769587398204;	0.984912707192906;	0.985859833115241;	0.986753765041120;	0.987631384956926;	0.988553183042890;	0.989522625049860;	0.990259190820274;	0.991003758765532;	0.991782968418007;	0.992503116116070;	0.993250788741229;	0.993950940119003;	0.994628606437294;	0.995256662575882;	0.995856699875490;	0.996394493673004;	0.996907543739432;	0.997380375327410;	0.997777451863559;	0.998160887632937;	0.998491414234179;	0.998539365598927;	0.998394243612547;	0.999037910563988
0.960302736984855;	0.957446146929092;	0.944780829497512;	0.942375099803109;	0.941665575563112;	0.946191152496016;	0.954128342047557;	0.958846756152947;	0.961869349186118;	0.964959410578172;	0.967418221074412;	0.969608356708224;	0.971468721892939;	0.974114789766956;	0.975314318457039;	0.976127441299681;	0.977554772036568;	0.979218156491606;	0.980176925863678;	0.980850858265518;	0.981435575287628;	0.982333619592357;	0.983629807937254;	0.984581823349386;	0.985352156446349;	0.986250744037352;	0.987244135735681;	0.988062047332774;	0.988833712182050;	0.989590345086289;	0.990378708723258;	0.991207906897339;	0.991839633694738;	0.992475590736351;	0.993137731805771;	0.993745826477473;	0.994376190574743;	0.994966587891807;	0.995539817259610;	0.996066190762135;	0.996565453815007;	0.997014423576956;	0.997442273118128;	0.997834938697051;	0.998164790408123;	0.998482682910937;	0.998749436421342;	0.998784578798457;	0.998668366680156;	0.999165329665459
0.965387125041536;	0.963120889854899;	0.952442308532439;	0.950420743103223;	0.949980451906720;	0.953947471199366;	0.960598511379243;	0.964719030328050;	0.967362815041876;	0.970062584381044;	0.972215628332420;	0.974122433802694;	0.975743513922194;	0.978001956130605;	0.979068996755891;	0.979813036728015;	0.981048196320487;	0.982469923035213;	0.983310874914098;	0.983910129346623;	0.984433674739135;	0.985195056382588;	0.986285600894704;	0.987098762004556;	0.987755704919123;	0.988526656117187;	0.989376066242082;	0.990070921812685;	0.990726227820717;	0.991367545845157;	0.992030393144345;	0.992727212729150;	0.993258437154859;	0.993792896949239;	0.994347256409366;	0.994852445644217;	0.995374322353590;	0.995863241514351;	0.996339780362425;	0.996774044928277;	0.997183210885052;	0.997551947357385;	0.997904087398288;	0.998225690555102;	0.998495991353664;	0.998757073406970;	0.998967333826829;	0.998988046985400;	0.998889941910863;	0.999259639751351
0.970311490743340;	0.968549999560275;	0.959721531287991;	0.958060781518094;	0.957850288499229;	0.961269900349411;	0.966725784908720;	0.970263044149179;	0.972535416581821;	0.974853964897703;	0.976707770241870;	0.978338445968642;	0.979727223169040;	0.981619400991380;	0.982549764090888;	0.983217955917599;	0.984268326733862;	0.985459373794484;	0.986181752482737;	0.986704590053600;	0.987165919113416;	0.987800791221742;	0.988701418298394;	0.989382718942559;	0.989931565108743;	0.990579692141062;	0.991292064402314;	0.991871119363463;	0.992416981937797;	0.992949777322249;	0.993496347912173;	0.994070181856147;	0.994506678440551;	0.994947574135299;	0.995404100469679;	0.995816435521385;	0.996239956025888;	0.996636877209842;	0.997025504483613;	0.997377964525666;	0.997708400159831;	0.998006233189736;	0.998292452785775;	0.998552510418564;	0.998771258426096;	0.998984251636716;	0.999146350427413;	0.999152208635434;	0.999063417653096;	0.999327030987316
0.975049719007197;	0.973700285201733;	0.966562016581485;	0.965232066156554;	0.965203360557442;	0.968089238259265;	0.972457531610510;	0.975430169178710;	0.977341118886676;	0.979290222894968;	0.980853069277815;	0.982217344342163;	0.983382379811546;	0.984933825256587;	0.985724601367743;	0.986309667288976;	0.987184186850518;	0.988158670913933;	0.988763313652175;	0.989208335249111;	0.989606043666136;	0.990125495608414;	0.990854166477670;	0.991412222197663;	0.991859720729223;	0.992391462908668;	0.992975361222493;	0.993447202894289;	0.993891830470071;	0.994324365816637;	0.994765358526043;	0.995227278477534;	0.995576571026462;	0.995932848569394;	0.996302202504711;	0.996632639976281;	0.996969310044474;	0.997285018457000;	0.997595651555024;	0.997877290585020;	0.998140860784247;	0.998377880169725;	0.998608148425258;	0.998816503358081;	0.998991967759776;	0.999165498782877;	0.999288460918568;	0.999280133127409;	0.999194227214554;	0.999373794033803
0.979552641475973;	0.978518548033424;	0.972883505311269;	0.971847087637418;	0.971943917551768;	0.974315537453067;	0.977723227400803;	0.980156669762161;	0.981720873032706;	0.983317041132599;	0.984600687116571;	0.985712145277521;	0.986664769874535;	0.987905972881281;	0.988556636110863;	0.989051884296469;	0.989761698305034;	0.990537656712251;	0.991027640958771;	0.991394457348183;	0.991727327064819;	0.992143548874322;	0.992720599175473;	0.993165889944896;	0.993520695414777;	0.993944617847724;	0.994410594672480;	0.994785441892815;	0.995138604994649;	0.995480888986306;	0.995828560410629;	0.996191431982667;	0.996463026753619;	0.996744786769869;	0.997038417616386;	0.997298795583653;	0.997561432225926;	0.997807976844894;	0.998051684763347;	0.998274064644623;	0.998482899469117;	0.998669763270859;	0.998854114778372;	0.999020745760448;	0.999161317009141;	0.999303742949697;	0.999396679446347;	0.999375808092514;	0.999288860657135;	0.999405757682043
0.983739544628180;	0.982927139359355;	0.978580744457504;	0.977793672222186;	0.977953524768963;	0.979840271775570;	0.982435388375644;	0.984365660040654;	0.985604941376992;	0.986871669759710;	0.987893338001878;	0.988770756628746;	0.989526229392746;	0.990493426475006;	0.991007102689909;	0.991407853009097;	0.991967019913718;	0.992566940281683;	0.992948383145708;	0.993238494922416;	0.993506274494984;	0.993832811697773;	0.994280661501727;	0.994625853017641;	0.994898865662298;	0.995226089824826;	0.995587131028496;	0.995877037595967;	0.996150273404493;	0.996414299157878;	0.996682430493126;	0.996960860231636;	0.997166284715320;	0.997384871843614;	0.997615027325174;	0.997817874570502;	0.998020278267841;	0.998210656688570;	0.998399478668362;	0.998574384792415;	0.998740510685414;	0.998888012358595;	0.999036337339138;	0.999170954800253;	0.999284802784467;	0.999403886933682;	0.999475216111710;	0.999444208687400;	0.999354568841420;	0.999427907939562
0.987495747193300;	0.986824140355441;	0.983530420736157;	0.982943611452473;	0.983102884360808;	0.984548643557437;	0.986497407353834;	0.987974809017886;	0.988920816132796;	0.989890608642322;	0.990674685474061;	0.991343354456737;	0.991921834941302;	0.992656809169634;	0.993041895584369;	0.993347240798744;	0.993773520011533;	0.994224131301741;	0.994507098155935;	0.994724818091134;	0.994929566273112;	0.995181245378328;	0.995523868769589;	0.995783912185559;	0.995988215394054;	0.996232656958513;	0.996504345521007;	0.996723195712475;	0.996929806505518;	0.997129303892487;	0.997332876058795;	0.997542882113689;	0.997695105874328;	0.997862798679699;	0.998042309075700;	0.998200368303187;	0.998356510214104;	0.998503863287995;	0.998650189403940;	0.998789156867248;	0.998923815710614;	0.999042208270424;	0.999163851824900;	0.999275328787686;	0.999369921918113;	0.999472445026554;	0.999529242750270;	0.999490921511566;	0.999398664586876;	0.999444196309738
0.990694360870742;	0.990103191186569;	0.987617533126109;	0.987180754931993;	0.987284148870258;	0.988349457467307;	0.989825021045063;	0.990915269331075;	0.991610312713901;	0.992325456381312;	0.992904208767592;	0.993395907813059;	0.993823049995719;	0.994371633778387;	0.994642801547073;	0.994857546984701;	0.995172482250920;	0.995503643973099;	0.995702336440711;	0.995855634391684;	0.996002889242960;	0.996195323846312;	0.996457065829152;	0.996648701978000;	0.996798763657063;	0.996976514635798;	0.997176577981019;	0.997339489994730;	0.997493834011566;	0.997643344608639;	0.997797694313445;	0.997955746089941;	0.998067993500052;	0.998197261117514;	0.998338881652408;	0.998464264069378;	0.998587205628339;	0.998703802768086;	0.998819481453295;	0.998933086370970;	0.999046060508133;	0.999144385714492;	0.999247638342235;	0.999343512246055;	0.999425194000887;	0.999516680348581;	0.999564403411104;	0.999521575901054;	0.999427800018206;	0.999457459852027
0.993242014062295;	0.992692407220113;	0.990776374772961;	0.990441865157940;	0.990454126507232;	0.991213207696302;	0.992375828758741;	0.993156676217823;	0.993651075855335;	0.994161841009711;	0.994574215605349;	0.994925482184953;	0.995231474865643;	0.995640621197604;	0.995818256871488;	0.995954046345171;	0.996181877799007;	0.996424235897034;	0.996556074854525;	0.996656439970260;	0.996755437069162;	0.996903919346105;	0.997107640072536;	0.997248195495953;	0.997358331381210;	0.997486305987600;	0.997633311325321;	0.997755400852968;	0.997871757298042;	0.997985368619894;	0.998104995746873;	0.998226739759691;	0.998311278981436;	0.998413806423203;	0.998529329977910;	0.998632710523273;	0.998733717087445;	0.998830088393676;	0.998925632293476;	0.999022841216222;	0.999122018343237;	0.999207660206533;	0.999299309525907;	0.999385492498344;	0.999459220416255;	0.999543832099768;	0.999586350152536;	0.999541409904690;	0.999447530930435;	0.999469436792077
0.995105506976320;	0.994575447581810;	0.993014935122880;	0.992741191357159;	0.992654596452140;	0.993188373878075;	0.994166464201505;	0.994720916993334;	0.995068289633845;	0.995428870455088;	0.995717808128117;	0.995966956940485;	0.996184248144154;	0.996498179018852;	0.996606386506784;	0.996680840225884;	0.996846569123020;	0.997028639856935;	0.997112534901720;	0.997173745653529;	0.997236550730883;	0.997354833777471;	0.997520271614521;	0.997626120783514;	0.997709305978587;	0.997803737847793;	0.997915410589380;	0.998010569682896;	0.998101986623848;	0.998192294486043;	0.998289824028069;	0.998388842963026;	0.998456148722520;	0.998542014597822;	0.998641443137421;	0.998731474752815;	0.998819458879515;	0.998903927453552;	0.998987769660310;	0.999075475092989;	0.999166649681445;	0.999245069412026;	0.999330085570649;	0.999410739626512;	0.999479963449612;	0.999560505933992;	0.999600272699924;	0.999554922886547;	0.999462120079150;	0.999480946513423
0.996308225339834;	0.995787768222182;	0.994416597323507;	0.994172866679005;	0.994006209666325;	0.994394383198510;	0.995275252193628;	0.995684081243147;	0.995936432860067;	0.996200055989826;	0.996408671603074;	0.996592561771406;	0.996752868495269;	0.997009162137494;	0.997072912035198;	0.997106955666993;	0.997233916396928;	0.997379761941715;	0.997433947235218;	0.997470354453101;	0.997510105551200;	0.997609763470310;	0.997752546159921;	0.997837788549464;	0.997904947708189;	0.997979898416554;	0.998071383985000;	0.998151154632982;	0.998228427984199;	0.998305672779097;	0.998390998394447;	0.998477778723545;	0.998535904378534;	0.998612821113129;	0.998703620755633;	0.998786529885973;	0.998867720569392;	0.998946041813356;	0.999023965096962;	0.999106712015001;	0.999193562426077;	0.999268195468552;	0.999349629799992;	0.999427216608135;	0.999493930920637;	0.999571978545519;	0.999610292518373;	0.999565484294275;	0.999474435591372;	0.999492228263467
0.996942668914910;	0.996430349042096;	0.995147172249922;	0.994916059307163;	0.994703947312901;	0.995015376057220;	0.995847617059454;	0.996179836780988;	0.996381941231256;	0.996594513356934;	0.996760728976750;	0.996910520060004;	0.997040998361977;	0.997267613792555;	0.997308789870116;	0.997322265058900;	0.997429355641188;	0.997556884501177;	0.997596391032093;	0.997620485500172;	0.997648794912582;	0.997738659710316;	0.997869804000083;	0.997944980044997;	0.998004257942865;	0.998070071823061;	0.998152180608519;	0.998224695358900;	0.998295352109015;	0.998366520768841;	0.998446130637849;	0.998527324747936;	0.998581374211523;	0.998654131536031;	0.998740782198143;	0.998820190288247;	0.998898087741904;	0.998973410219200;	0.999048477990450;	0.999128593770033;	0.999212942069090;	0.999285439077459;	0.999364703333000;	0.999440317520312;	0.999505377174484;	0.999581583173865;	0.999618949842544;	0.999575043382809;	0.999485971796896;	0.999503276217885
0.997195714522033;	0.996693919759686;	0.995454857171112;	0.995230067364091;	0.995004277391635;	0.995285335977911;	0.996090376327861;	0.996392105678042;	0.996574256165666;	0.996766634583876;	0.996916185923661;	0.997052415192042;	0.997171038074689;	0.997384702620333;	0.997417798052604;	0.997424275735372;	0.997523369137755;	0.997643208771613;	0.997677463417484;	0.997697282881347;	0.997721594305847;	0.997807050518874;	0.997932759572959;	0.998003869033901;	0.998059948730110;	0.998122248207825;	0.998200618169845;	0.998270105547717;	0.998337972923899;	0.998406522236461;	0.998483499634468;	0.998562118930474;	0.998614392161943;	0.998685069930159;	0.998769428293234;	0.998846803002744;	0.998922752717171;	0.998996239085146;	0.999069520021651;	0.999147788686334;	0.999230228448783;	0.999301096719816;	0.999378603419230;	0.999452551554215;	0.999516183420642;	0.999590720528271;	0.999627257950819;	0.999584305164810;	0.999497202029941;	0.999514052804418
0.997292490952982;	0.996802139915363;	0.995593904080092;	0.995374258791451;	0.995149807578241;	0.995419986625568;	0.996205315121940;	0.996495794806242;	0.996670814119896;	0.996855862607090;	0.996999519685630;	0.997130673046089;	0.997244866423498;	0.997452206188990;	0.997483125881531;	0.997488130068475;	0.997583923393745;	0.997700159584529;	0.997732807099645;	0.997751469590412;	0.997774615264037;	0.997857726870885;	0.997980211744496;	0.998049336478965;	0.998103851705146;	0.998164450758021;	0.998240810844038;	0.998308559253699;	0.998374763108941;	0.998441669372614;	0.998516848007407;	0.998593655706038;	0.998644719719602;	0.998713805860747;	0.998796289349300;	0.998871951119634;	0.998946227684107;	0.999018102486157;	0.999089784721136;	0.999166347034005;	0.999246990028804;	0.999316316022150;	0.999392137602971;	0.999464477588181;	0.999526725142674;	0.999599638762341;	0.999635371207260;	0.999593344846563;	0.999508144082458;	0.999524553485376
0.999999999999963;	0.999999999999963;	0.999999999999963;	0.999999999999963;	0.999999999999963;	0.999999999999963;	0.999999999999963;	0.999999999999963;	0.999999999999963;	0.999999999999963;	0.999999999999963;	0.999999999999963;	0.999999999999963;	0.999999999999963;	0.999999999999963;	0.999999999999963;	0.999999999999963;	0.999999999999963;	0.999999999999963;	0.999999999999963;	0.999999999999963;	0.999999999999963;	0.999999999999963;	0.999999999999963;	0.999999999999963;	0.999999999999963;	0.999999999999963;	0.999999999999963;	0.999999999999963;	0.999999999999963;	0.999999999999963;	0.999999999999963;	0.999999999999963;	0.999999999999963;	0.999999999999963;	0.999999999999963;	0.999999999999963;	0.999999999999963;	0.999999999999963;	0.999999999999963;	0.999999999999963;	0.999999999999963;	0.999999999999963;	0.999999999999963;	0.999999999999963;	0.999999999999963;	0.999999999999963;	0.999999999999963;	0.999999999999963;	0.999999999999963
