0.082420405156673;	0.327243930298216;	0.000000021719490;	0.000000007158701;	0.000001280192562;	0.000000950978593;	0.000000237031468;	0.526733662128237;	0.646503810916026;	0.313063402008492;	0.315959990871985;	0.000002081814571;	0.000000994678797;	0.000000880026885;	0.000001002615092;	0.000001592305265;	0.000004096915456;	0.000005321849668;	0.000006294347110;	0.000010562841776;	0.000011459529977;	0.000020488373489;	0.000038975823676;	0.000035809468075;	0.000045618602127;	0.000107345671611;	0.000182527765586;	0.000180599848248;	0.000246881211021;	0.000407116170003;	0.000572301282104;	0.000963610638708;	0.001062614104161;	0.001131152007888;	0.001608588591527;	0.002396082865103;	0.003261735626464;	0.004574042443625;	0.005885260691817;	0.007366266765753;	0.009072586293495;	0.010615148981478;	0.011470198722134;	0.013604892095410;	0.016464565160013;	0.020106406387963;	0.024532903230335;	0.028382055349677;	0.033714389587510;	0.038303518093417;	0.043147612133942;	0.049088689304403;	0.056193816273970;	0.064204041356456;	0.072616911174647;	0.081829902444591;	0.090934880171682;	0.100531903416195;	0.114873113176897;	0.123908911524263;	0.135134755797096;	0.147184427226390;	0.158803902551553;	0.169453658403304;	0.181948269839192;	0.192288133063744;	0.206103227585201;	0.220783113449630;	0.234748024525776;	0.251048714868761;	0.267834998896220;	0.284935023295159;	0.303336212501078;	0.324392725225164;	0.352066793682390;	0.384086471948733;	0.424379443709527;	0.463117385664845;	0.877317521306941;	0.000002062385400
0.082420405156673;	0.327243930298216;	0.000000021719490;	0.000000007158701;	0.000001280192562;	0.000000950978593;	0.000000237031468;	0.526733662128237;	0.646503810916026;	0.313063402008492;	0.315959990871985;	0.000002081814571;	0.000000994678797;	0.000000880026885;	0.000001002615092;	0.000001592305265;	0.000004096915456;	0.000005321849668;	0.000006294347110;	0.000010562841776;	0.000011459529977;	0.000020488373489;	0.000038975823676;	0.000035809468075;	0.000045618602127;	0.000107345671611;	0.000182527765586;	0.000180599848248;	0.000246881211021;	0.000407116170003;	0.000572301282104;	0.000963610638708;	0.001062614104161;	0.001131152007888;	0.001608588591527;	0.002396082865103;	0.003261735626464;	0.004574042443625;	0.005885260691817;	0.007366266765753;	0.009072586293495;	0.010615148981478;	0.011470198722134;	0.013604892095410;	0.016464565160013;	0.020106406387963;	0.024532903230335;	0.028382055349677;	0.033714389587510;	0.038303518093417;	0.043147612133942;	0.049088689304403;	0.056193816273970;	0.064204041356456;	0.072616911174647;	0.081829902444591;	0.090934880171682;	0.100531903416195;	0.114873113176897;	0.123908911524263;	0.135134755797096;	0.147184427226390;	0.158803902551553;	0.169453658403304;	0.181948269839192;	0.192288133063744;	0.206103227585201;	0.220783113449630;	0.234748024525776;	0.251048714868761;	0.267834998896220;	0.284935023295159;	0.303336212501078;	0.324392725225164;	0.352066793682390;	0.384086471948733;	0.424379443709527;	0.463117385664845;	0.877317521306941;	0.000002062385400
0.082420405156673;	0.327243930298216;	0.000000021719490;	0.000000007158701;	0.000001280192562;	0.000000950978593;	0.000000237031468;	0.526733662128237;	0.646503810916026;	0.313063402008492;	0.315959990871985;	0.000002081814571;	0.000000994678797;	0.000000880026885;	0.000001002615092;	0.000001592305265;	0.000004096915456;	0.000005321849668;	0.000006294347110;	0.000010562841776;	0.000011459529977;	0.000020488373489;	0.000038975823676;	0.000035809468075;	0.000045618602127;	0.000107345671611;	0.000182527765586;	0.000180599848248;	0.000246881211021;	0.000407116170003;	0.000572301282104;	0.000963610638708;	0.001062614104161;	0.001131152007888;	0.001608588591527;	0.002396082865103;	0.003261735626464;	0.004574042443625;	0.005885260691817;	0.007366266765753;	0.009072586293495;	0.010615148981478;	0.011470198722134;	0.013604892095410;	0.016464565160013;	0.020106406387963;	0.024532903230335;	0.028382055349677;	0.033714389587510;	0.038303518093417;	0.043147612133942;	0.049088689304403;	0.056193816273970;	0.064204041356456;	0.072616911174647;	0.081829902444591;	0.090934880171682;	0.100531903416195;	0.114873113176897;	0.123908911524263;	0.135134755797096;	0.147184427226390;	0.158803902551553;	0.169453658403304;	0.181948269839192;	0.192288133063744;	0.206103227585201;	0.220783113449630;	0.234748024525776;	0.251048714868761;	0.267834998896220;	0.284935023295159;	0.303336212501078;	0.324392725225164;	0.352066793682390;	0.384086471948733;	0.424379443709527;	0.463117385664845;	0.877317521306941;	0.000002062385400
0.082420405156673;	0.327243930298216;	0.000000021719490;	0.000000007158701;	0.000001280192562;	0.000000950978593;	0.000000237031468;	0.526733662128237;	0.646503810916026;	0.313063402008492;	0.315959990871985;	0.000002081814571;	0.000000994678797;	0.000000880026885;	0.000001002615092;	0.000001592305265;	0.000004096915456;	0.000005321849668;	0.000006294347110;	0.000010562841776;	0.000011459529977;	0.000020488373489;	0.000038975823676;	0.000035809468075;	0.000045618602127;	0.000107345671611;	0.000182527765586;	0.000180599848248;	0.000246881211021;	0.000407116170003;	0.000572301282104;	0.000963610638708;	0.001062614104161;	0.001131152007888;	0.001608588591527;	0.002396082865103;	0.003261735626464;	0.004574042443625;	0.005885260691817;	0.007366266765753;	0.009072586293495;	0.010615148981478;	0.011470198722134;	0.013604892095410;	0.016464565160013;	0.020106406387963;	0.024532903230335;	0.028382055349677;	0.033714389587510;	0.038303518093417;	0.043147612133942;	0.049088689304403;	0.056193816273970;	0.064204041356456;	0.072616911174647;	0.081829902444591;	0.090934880171682;	0.100531903416195;	0.114873113176897;	0.123908911524263;	0.135134755797096;	0.147184427226390;	0.158803902551553;	0.169453658403304;	0.181948269839192;	0.192288133063744;	0.206103227585201;	0.220783113449630;	0.234748024525776;	0.251048714868761;	0.267834998896220;	0.284935023295159;	0.303336212501078;	0.324392725225164;	0.352066793682390;	0.384086471948733;	0.424379443709527;	0.463117385664845;	0.877317521306941;	0.000002062385400
0.082420405156673;	0.327243930298216;	0.000000021719490;	0.000000007158701;	0.000001280192562;	0.000000950978593;	0.000000237031468;	0.526733662128237;	0.646503810916026;	0.313063402008492;	0.315959990871985;	0.000002081814571;	0.000000994678797;	0.000000880026885;	0.000001002615092;	0.000001592305265;	0.000004096915456;	0.000005321849668;	0.000006294347110;	0.000010562841776;	0.000011459529977;	0.000020488373489;	0.000038975823676;	0.000035809468075;	0.000045618602127;	0.000107345671611;	0.000182527765586;	0.000180599848248;	0.000246881211021;	0.000407116170003;	0.000572301282104;	0.000963610638708;	0.001062614104161;	0.001131152007888;	0.001608588591527;	0.002396082865103;	0.003261735626464;	0.004574042443625;	0.005885260691817;	0.007366266765753;	0.009072586293495;	0.010615148981478;	0.011470198722134;	0.013604892095410;	0.016464565160013;	0.020106406387963;	0.024532903230335;	0.028382055349677;	0.033714389587510;	0.038303518093417;	0.043147612133942;	0.049088689304403;	0.056193816273970;	0.064204041356456;	0.072616911174647;	0.081829902444591;	0.090934880171682;	0.100531903416195;	0.114873113176897;	0.123908911524263;	0.135134755797096;	0.147184427226390;	0.158803902551553;	0.169453658403304;	0.181948269839192;	0.192288133063744;	0.206103227585201;	0.220783113449630;	0.234748024525776;	0.251048714868761;	0.267834998896220;	0.284935023295159;	0.303336212501078;	0.324392725225164;	0.352066793682390;	0.384086471948733;	0.424379443709527;	0.463117385664845;	0.877317521306941;	0.000002062385400
0.082420405156673;	0.327243930298216;	0.000000021719490;	0.000000007158701;	0.000001280192562;	0.000000950978593;	0.000000237031468;	0.526733662128237;	0.646503810916026;	0.313063402008492;	0.315959990871985;	0.000002081814571;	0.000000994678797;	0.000000880026885;	0.000001002615092;	0.000001592305265;	0.000004096915456;	0.000005321849668;	0.000006294347110;	0.000010562841776;	0.000011459529977;	0.000020488373489;	0.000038975823676;	0.000035809468075;	0.000045618602127;	0.000107345671611;	0.000182527765586;	0.000180599848248;	0.000246881211021;	0.000407116170003;	0.000572301282104;	0.000963610638708;	0.001062614104161;	0.001131152007888;	0.001608588591527;	0.002396082865103;	0.003261735626464;	0.004574042443625;	0.005885260691817;	0.007366266765753;	0.009072586293495;	0.010615148981478;	0.011470198722134;	0.013604892095410;	0.016464565160013;	0.020106406387963;	0.024532903230335;	0.028382055349677;	0.033714389587510;	0.038303518093417;	0.043147612133942;	0.049088689304403;	0.056193816273970;	0.064204041356456;	0.072616911174647;	0.081829902444591;	0.090934880171682;	0.100531903416195;	0.114873113176897;	0.123908911524263;	0.135134755797096;	0.147184427226390;	0.158803902551553;	0.169453658403304;	0.181948269839192;	0.192288133063744;	0.206103227585201;	0.220783113449630;	0.234748024525776;	0.251048714868761;	0.267834998896220;	0.284935023295159;	0.303336212501078;	0.324392725225164;	0.352066793682390;	0.384086471948733;	0.424379443709527;	0.463117385664845;	0.877317521306941;	0.000002062385400
0.082420405156673;	0.327243930298216;	0.000000021719490;	0.000000007158701;	0.000001280192562;	0.000000950978593;	0.000000237031468;	0.526733662128237;	0.646503810916026;	0.313063402008492;	0.315959990871985;	0.000002081814571;	0.000000994678797;	0.000000880026885;	0.000001002615092;	0.000001592305265;	0.000004096915456;	0.000005321849668;	0.000006294347110;	0.000010562841776;	0.000011459529977;	0.000020488373489;	0.000038975823676;	0.000035809468075;	0.000045618602127;	0.000107345671611;	0.000182527765586;	0.000180599848248;	0.000246881211021;	0.000407116170003;	0.000572301282104;	0.000963610638708;	0.001062614104161;	0.001131152007888;	0.001608588591527;	0.002396082865103;	0.003261735626464;	0.004574042443625;	0.005885260691817;	0.007366266765753;	0.009072586293495;	0.010615148981478;	0.011470198722134;	0.013604892095410;	0.016464565160013;	0.020106406387963;	0.024532903230335;	0.028382055349677;	0.033714389587510;	0.038303518093417;	0.043147612133942;	0.049088689304403;	0.056193816273970;	0.064204041356456;	0.072616911174647;	0.081829902444591;	0.090934880171682;	0.100531903416195;	0.114873113176897;	0.123908911524263;	0.135134755797096;	0.147184427226390;	0.158803902551553;	0.169453658403304;	0.181948269839192;	0.192288133063744;	0.206103227585201;	0.220783113449630;	0.234748024525776;	0.251048714868761;	0.267834998896220;	0.284935023295159;	0.303336212501078;	0.324392725225164;	0.352066793682390;	0.384086471948733;	0.424379443709527;	0.463117385664845;	0.877317521306941;	0.000002062385400
0.082420405156673;	0.327243930298216;	0.000000021719490;	0.000000007158701;	0.000001280192562;	0.000000950978593;	0.000000237031468;	0.526733662128237;	0.646503810916026;	0.313063402008492;	0.315959990871985;	0.000002081814571;	0.000000994678797;	0.000000880026885;	0.000001002615092;	0.000001592305265;	0.000004096915456;	0.000005321849668;	0.000006294347110;	0.000010562841776;	0.000011459529977;	0.000020488373489;	0.000038975823676;	0.000035809468075;	0.000045618602127;	0.000107345671611;	0.000182527765586;	0.000180599848248;	0.000246881211021;	0.000407116170003;	0.000572301282104;	0.000963610638708;	0.001062614104161;	0.001131152007888;	0.001608588591527;	0.002396082865103;	0.003261735626464;	0.004574042443625;	0.005885260691817;	0.007366266765753;	0.009072586293495;	0.010615148981478;	0.011470198722134;	0.013604892095410;	0.016464565160013;	0.020106406387963;	0.024532903230335;	0.028382055349677;	0.033714389587510;	0.038303518093417;	0.043147612133942;	0.049088689304403;	0.056193816273970;	0.064204041356456;	0.072616911174647;	0.081829902444591;	0.090934880171682;	0.100531903416195;	0.114873113176897;	0.123908911524263;	0.135134755797096;	0.147184427226390;	0.158803902551553;	0.169453658403304;	0.181948269839192;	0.192288133063744;	0.206103227585201;	0.220783113449630;	0.234748024525776;	0.251048714868761;	0.267834998896220;	0.284935023295159;	0.303336212501078;	0.324392725225164;	0.352066793682390;	0.384086471948733;	0.424379443709527;	0.463117385664845;	0.877317521306941;	0.000004183121040
0.082420405156673;	0.327243930298216;	0.000000021719490;	0.000000007158701;	0.000001280192562;	0.000000950978593;	0.000000237031468;	0.526733662128237;	0.646503810916026;	0.313063402008492;	0.315959990871985;	0.000002081814571;	0.000000994678797;	0.000000880026885;	0.000001002615092;	0.000001592305265;	0.000004096915456;	0.000005321849668;	0.000006294347110;	0.000010562841776;	0.000011459529977;	0.000020488373489;	0.000038975823676;	0.000035809468075;	0.000045618602127;	0.000107345671611;	0.000182527765586;	0.000180599848248;	0.000246881211021;	0.000407116170003;	0.000572301282104;	0.000963610638708;	0.001062614104161;	0.001131152007888;	0.001608588591527;	0.002396082865103;	0.003261735626464;	0.004574042443625;	0.005885260691817;	0.007366266765753;	0.009072586293495;	0.010615148981478;	0.011470198722134;	0.013604892095410;	0.016464565160013;	0.020106406387963;	0.024532904808779;	0.028382059600775;	0.033714396066091;	0.038303525821588;	0.043147620867220;	0.049088698940240;	0.056193826748929;	0.064204052635775;	0.072616923290653;	0.081829915559747;	0.090934894516220;	0.100533400272506;	0.114876729639982;	0.123918060233574;	0.135152503102766;	0.147214067735343;	0.158848878987547;	0.169517665374973;	0.182035139395028;	0.192400405615745;	0.206245065175979;	0.220957897319640;	0.234959014554264;	0.251298203572155;	0.268127218501026;	0.285277099303364;	0.303736916662692;	0.324862600391215;	0.352619278076868;	0.384745476999312;	0.425156023650131;	0.464023161592523;	0.877568366781687;	0.000006111666922
0.082420406704070;	0.327243934966372;	0.000000021719768;	0.000000007158838;	0.000001280240809;	0.000000951013435;	0.000000237039887;	0.526733662138455;	0.646503810927856;	0.313063402019901;	0.315959990891218;	0.002110343151983;	0.000000994720112;	0.000000880067140;	0.000001002659444;	0.000001592370600;	0.000004097045248;	0.000005321994075;	0.000006294527656;	0.000010563067924;	0.000011459777798;	0.000020488749006;	0.000038976372530;	0.000035827233303;	0.000045695930124;	0.000107662115364;	0.000183300674111;	0.000181697148810;	0.000248795834380;	0.000410786527283;	0.000578188814369;	0.000973869787157;	0.001075581920624;	0.001146512507954;	0.001631151465619;	0.002429996992151;	0.003308373224741;	0.004638542577474;	0.005968548986756;	0.007469387623964;	0.009197631578913;	0.010760860246999;	0.011626223791360;	0.013785434841417;	0.016676773722518;	0.020356214154082;	0.024827132119280;	0.028720323907431;	0.034118075190206;	0.038780540302005;	0.043703506661984;	0.049729202575184;	0.056919635349174;	0.065017914143430;	0.073521315922682;	0.082829401205238;	0.092030455832458;	0.101727978901206;	0.115910214033560;	0.125035632107327;	0.136370442927743;	0.148538169106248;	0.160285018926662;	0.171076045327840;	0.183726429074302;	0.194221375261799;	0.208226265777205;	0.223118232298861;	0.237314609546996;	0.253850927479579;	0.270861823056273;	0.288162739173401;	0.306734481636572;	0.327916757340977;	0.355650548795965;	0.387683509933628;	0.427918298201617;	0.466527625259778;	0.878110532937541;	0.000008142629009
0.109179458107583;	0.327336342924333;	0.000000028409011;	0.000000009586099;	0.002124302942868;	0.002584263106656;	0.000000389431057;	0.526733844308473;	0.646503989830901;	0.313063598852969;	0.315960365336045;	0.112331428204002;	0.113700495941730;	0.000001770045956;	0.000002010010530;	0.000003177860809;	0.000007135502700;	0.000008860253339;	0.000010592977826;	0.000016545638927;	0.000018198328932;	0.000030325802246;	0.000054204079767;	0.000049932019362;	0.000061331735461;	0.000136132157802;	0.000223330425064;	0.000219564557045;	0.000295570365844;	0.000477849430632;	0.000663054409234;	0.001094446115126;	0.001203769052889;	0.001276675224448;	0.001797818729195;	0.002651365238377;	0.003582071755380;	0.004983619399623;	0.006381376670990;	0.007949665741320;	0.009750787527046;	0.011378288920221;	0.012258702861797;	0.014484620934431;	0.017465579885332;	0.021250193317505;	0.025842741639976;	0.029847803670170;	0.035367778674399;	0.040129024817169;	0.045151151694492;	0.051290803818229;	0.058611368889032;	0.066845438356397;	0.075486972121683;	0.084938937243968;	0.094278322949259;	0.104113579260944;	0.118276002707398;	0.127497347917708;	0.138943699804348;	0.151209347007094;	0.163035697545295;	0.173883991042399;	0.186556896567085;	0.197012426655417;	0.210967524140717;	0.225778808907724;	0.239866136689296;	0.256267794009461;	0.273129968852255;	0.290299316695860;	0.308756449091762;	0.329828745962681;	0.357450811418980;	0.389383335708706;	0.429513854368683;	0.467996567653739;	0.878436341980138;	0.000010405779349
0.141965226247928;	0.327854421598909;	0.000000590293204;	0.000000180230500;	0.002204985289212;	0.003677142429958;	0.002600832954599;	0.529801887879039;	0.646506650860327;	0.313066530939169;	0.315964201633157;	0.112618672259397;	0.115418252700794;	0.159150092179483;	0.166765226056011;	0.203740362173429;	0.000019034856858;	0.000022058390727;	0.000025162994198;	0.000035742520622;	0.000039123432009;	0.000056890637274;	0.000093763905709;	0.000085360018089;	0.000097633688725;	0.000197870227718;	0.000306869208974;	0.000296809230638;	0.000386941431532;	0.000603788468255;	0.000818315329024;	0.001310343880000;	0.001428495817848;	0.001499307281144;	0.002076417383428;	0.003012273680504;	0.004018921452150;	0.005523969354761;	0.007019081622422;	0.008684708759472;	0.010590021288536;	0.012305549005715;	0.013192151477093;	0.015493195114213;	0.018581599136364;	0.022492365895148;	0.027228602850100;	0.031356712715084;	0.037011081690561;	0.041875271573529;	0.046993684518674;	0.053230704319021;	0.060645973829005;	0.068962128822952;	0.077669587368572;	0.087172998743703;	0.096537004163051;	0.106381425943411;	0.120513791694122;	0.129705717106491;	0.141140440818819;	0.153395451787291;	0.165219753882782;	0.176079155699193;	0.188772121103643;	0.199242986047714;	0.213245596176072;	0.228121766924273;	0.242291994988813;	0.258786134571924;	0.275748064723252;	0.293029007574071;	0.311604506922852;	0.332787138899204;	0.360495211851901;	0.392507621903449;	0.432677057798952;	0.471122115335346;	0.879186428045816;	0.000013396307813
0.157048687665537;	0.328830001286943;	0.000008601864929;	0.000002482222158;	0.003829112059883;	0.005701167384061;	0.002906706039918;	0.531496998009120;	0.651266616829885;	0.318123765428774;	0.317210932785003;	0.112927461313878;	0.115707521062599;	0.159770263994527;	0.178907368551320;	0.213609156139819;	0.226879352274575;	0.107642489542441;	0.119127407620202;	0.000070435941060;	0.000076353570067;	0.000107063301128;	0.000167192236813;	0.000150498267850;	0.000159424150451;	0.000297592157511;	0.000438523542120;	0.000417581221716;	0.000525851201163;	0.000789884376875;	0.001044125261425;	0.001619950007085;	0.001747149492961;	0.001810603992597;	0.002460422885629;	0.003501499711210;	0.004603855592015;	0.006239587957666;	0.007858672835633;	0.009650045287584;	0.011689479093683;	0.013516501997201;	0.014401973630325;	0.016786774368803;	0.020001049648789;	0.024058037787513;	0.028958908425189;	0.033226719465846;	0.039051383062038;	0.044068656375158;	0.049342055525045;	0.055744057679363;	0.063331932941584;	0.071823189793656;	0.080708863106311;	0.090398896799506;	0.099945145546592;	0.109976252353189;	0.123986328659713;	0.133321247569142;	0.144935697946224;	0.157370215857334;	0.169373242694973;	0.180409749591432;	0.193262709681991;	0.203837058003256;	0.217964014104257;	0.232948981588946;	0.247208173317298;	0.263753466978637;	0.280718906478296;	0.297969659702572;	0.316477691600577;	0.337533550189030;	0.365035753093348;	0.396796980638361;	0.436653799953738;	0.474675415807164;	0.879954487710612;	0.000016676569068
0.172162707531474;	0.331754300395722;	0.026968458444319;	0.000022508238427;	0.005821267408010;	0.008177281827661;	0.004556106138191;	0.533291492849729;	0.653126550509855;	0.320132906384609;	0.321913667664285;	0.192763978348417;	0.197742882405126;	0.159927130066608;	0.179249424648739;	0.214069630031652;	0.227964660443077;	0.234308522414327;	0.239756913362369;	0.233861870300778;	0.241606217395622;	0.000185516624740;	0.000281268066200;	0.000454512385823;	0.000270921273710;	0.000472383727108;	0.000666242356141;	0.000626475147406;	0.000763948189661;	0.001105361829813;	0.001424736875520;	0.002136015379771;	0.002275379820845;	0.002326450621475;	0.003090888821051;	0.004295060996077;	0.005543846623169;	0.007376593821520;	0.009179194789194;	0.011154167890846;	0.013388103250750;	0.015377333929297;	0.016257332546416;	0.018757983115759;	0.022158622646563;	0.026435455726249;	0.031585395128966;	0.036068726997244;	0.042127628744159;	0.047330270053506;	0.052783247967878;	0.059374539101356;	0.067160327276954;	0.075840172223623;	0.084899920185814;	0.094751679331165;	0.104424775357300;	0.114561200512530;	0.128565497281518;	0.137921060990059;	0.149580075843386;	0.162042201350337;	0.174064778349468;	0.185116102544796;	0.197964437384249;	0.208485935730935;	0.222595055190761;	0.237569576600753;	0.251832337588840;	0.268386331043653;	0.285369896046957;	0.302667291904459;	0.321241420143951;	0.342355690563597;	0.369882663370616;	0.401663914191284;	0.441486523978265;	0.479311188651535;	0.881043438080473;	0.000020617895622
0.213533617138739;	0.335078789538737;	0.066264710429717;	0.060451016961338;	0.007169163137931;	0.010914832629670;	0.008297130164805;	0.537055076878038;	0.654070653802827;	0.321032823414818;	0.324785296516724;	0.207872735500954;	0.212835758253642;	0.284367866470223;	0.308029912020692;	0.359289086041932;	0.242272655247243;	0.240123060964916;	0.247241570818299;	0.238720801887358;	0.244833441034454;	0.231500585305806;	0.211111848719245;	0.203108489342588;	0.045784935067652;	0.046243758755222;	0.046311631650799;	0.045293381001563;	0.001103430735784;	0.001545283777503;	0.001950533370516;	0.002840502413740;	0.003000838801188;	0.003038583807648;	0.003948569527481;	0.005356792506234;	0.006787226352197;	0.008864737127882;	0.010900231511388;	0.013115796957997;	0.015607395032208;	0.017814274093165;	0.018690146473225;	0.021208406354491;	0.024819137619534;	0.029340760021498;	0.034764325890409;	0.039478672881012;	0.045799653775758;	0.051226328191852;	0.056900566737485;	0.063718525626973;	0.071734654828043;	0.080639309449322;	0.089919977812561;	0.099994579455866;	0.109873311522223;	0.120214699389225;	0.134145629313355;	0.143640333315794;	0.155490716348488;	0.168145414132468;	0.180367294001967;	0.191623508698103;	0.204654845121017;	0.215283595483272;	0.229536006571348;	0.244638795244780;	0.259011064493439;	0.275628634122132;	0.292620727655091;	0.309891949528364;	0.328398456417850;	0.349371698125209;	0.376655687853859;	0.408142430807167;	0.447587854174145;	0.484795524864094;	0.882247702974579;	0.000025787886146
0.231319694608455;	0.339091317444259;	0.075363415877784;	0.076077741772082;	0.081369399468851;	0.026649260230712;	0.009177470117316;	0.539895272475096;	0.659491735386854;	0.327420973259294;	0.327611751230437;	0.228611680739711;	0.235266746359307;	0.286613335270114;	0.316791464250771;	0.368464945639175;	0.388511122658032;	0.357297291286386;	0.369338221544909;	0.315089100731096;	0.327466218498511;	0.232074674310300;	0.211746758984324;	0.203687213196577;	0.178779933582993;	0.164646883732878;	0.151351047229781;	0.137164322141088;	0.092095022161425;	0.091303210715520;	0.088771055466289;	0.087612348373114;	0.088496259917717;	0.004214827383725;	0.005350659875566;	0.007063472860146;	0.008758120524011;	0.011186096645855;	0.013564047492633;	0.016122320261317;	0.018974233687281;	0.021483197991893;	0.022362172365915;	0.024703668553494;	0.028593338149905;	0.033442779284768;	0.039235649829798;	0.044271018763724;	0.050936813239658;	0.056647716658601;	0.062596758052575;	0.069693235566921;	0.077991718744962;	0.087161467375256;	0.096686984781365;	0.106987957642019;	0.117045163606876;	0.127535741735763;	0.141458808480585;	0.150983858672992;	0.162899984157900;	0.175597700628468;	0.187855511844169;	0.199145554808102;	0.212179668930467;	0.222733294179784;	0.236963247157201;	0.252051404816005;	0.266423839388008;	0.283034605775034;	0.300017433539857;	0.317301143254343;	0.335827451503583;	0.356787702230340;	0.383988020806632;	0.415365885983066;	0.454615318851072;	0.491609150703364;	0.883795158950297;	0.000031768276051
0.260172713252400;	0.345035055767319;	0.116692630945616;	0.102175179834478;	0.090039247965365;	0.090725452301411;	0.049626644078490;	0.542614717792567;	0.661186905038170;	0.329295304752284;	0.332924925484383;	0.283286969364079;	0.289869126668619;	0.351458688950593;	0.382869243048064;	0.441820159411627;	0.395697637960592;	0.401391468831394;	0.409461527790675;	0.401748374986147;	0.410958833573347;	0.366102191910362;	0.340816616576075;	0.329216134495498;	0.202544333912309;	0.190183743307039;	0.178435345655083;	0.165049383955164;	0.130800785088934;	0.125903444818734;	0.119092394046788;	0.114568676386005;	0.112954017755391;	0.105012814413889;	0.102941161240604;	0.104150787700268;	0.103254780637296;	0.104687330215323;	0.106897605131117;	0.107480532266796;	0.108670359528206;	0.109378355623704;	0.106929852880578;	0.030612135002295;	0.035093246320362;	0.040631023058477;	0.047215299077911;	0.053053403526220;	0.060555793530538;	0.067071579796357;	0.073827186337913;	0.081736085366185;	0.090839514120023;	0.100789286040315;	0.111075535200085;	0.122113591219856;	0.132865873442340;	0.144030498960401;	0.158298727331021;	0.168349528636842;	0.180843069431423;	0.194092985958589;	0.206894658868206;	0.218776139322540;	0.232320127625481;	0.243211426362681;	0.257758307835904;	0.273205430797489;	0.287948819232245;	0.304745772437025;	0.321868522811197;	0.339249315956069;	0.357751996296721;	0.378555347060368;	0.405396762854663;	0.436305230112159;	0.474900129211147;	0.499202468360596;	0.885500940232968;	0.000061220867887
0.290950884949956;	0.351067829750955;	0.142547492890060;	0.142999423785094;	0.143439217892090;	0.104530315010859;	0.088953128146579;	0.606738123600713;	0.664428012854977;	0.333528500151889;	0.336121792754423;	0.300385001933532;	0.308207859228332;	0.384611720358382;	0.419249769378317;	0.478906905422424;	0.496332095775104;	0.477137491533385;	0.489316615400723;	0.452174014226450;	0.465384796125440;	0.396148830617782;	0.366936438995027;	0.352435013663178;	0.312964234578281;	0.291715927576392;	0.268956703419652;	0.246159813163413;	0.205041357894146;	0.200302993756272;	0.192246838297637;	0.187135333356506;	0.186136533615890;	0.111272939082206;	0.109364145713373;	0.111106100897079;	0.110733241540247;	0.113004612326913;	0.116194223463928;	0.117781727765372;	0.120035685504552;	0.121705120575427;	0.119624056376653;	0.111876847458057;	0.112606757387181;	0.115200352109944;	0.120051193951867;	0.125232587667012;	0.131420757255605;	0.136608347959791;	0.141891950504479;	0.148277700170151;	0.155721706950393;	0.163893311252387;	0.172369564156288;	0.181541340277951;	0.190454079647723;	0.199829240706178;	0.212144938965094;	0.220362700093471;	0.231176116784220;	0.242808634280377;	0.254092726517811;	0.264759737865723;	0.277016784713499;	0.286444199615089;	0.299512820126329;	0.313784550466640;	0.327539873098472;	0.343092892802921;	0.359081045556163;	0.375392485207903;	0.392732226500177;	0.412301978618711;	0.437740488989232;	0.467193557367698;	0.504176490729916;	0.522989851815201;	0.889266370352090;	0.042661390768759
0.318950553618652;	0.358544568673830;	0.181722994317260;	0.170940064947305;	0.166918748703848;	0.165428874957385;	0.124734828655186;	0.624464154982909;	0.742163857665013;	0.411460300885933;	0.341346733990325;	0.348129477175816;	0.356139505541673;	0.433970426273457;	0.469879826242760;	0.533062354099816;	0.509163856880433;	0.517802435136297;	0.526261288939524;	0.521394864428677;	0.531836990160506;	0.492949457829129;	0.463486846603562;	0.448004764375077;	0.340260411374006;	0.321105830897426;	0.300355612828713;	0.278243589000225;	0.246397741176246;	0.238749298966753;	0.227579506817639;	0.220227130023687;	0.215677973122817;	0.195501950802212;	0.191121428016551;	0.192335909961938;	0.189879246333589;	0.191258077505393;	0.194133026262418;	0.194133566700191;	0.195016500773827;	0.195136986631352;	0.189446503696946;	0.135762937997830;	0.137076725183837;	0.140429194541491;	0.146325359719326;	0.152748564943064;	0.160011208105815;	0.166192487013426;	0.172385365987286;	0.179613731167490;	0.187799865036618;	0.196599643041369;	0.205620141034853;	0.215238204093141;	0.224508664572642;	0.234179556964076;	0.246460243949239;	0.254720629875961;	0.265620273898133;	0.277287551561943;	0.288590443938913;	0.299382913576990;	0.311630128126223;	0.320784163422629;	0.333550433522589;	0.347638391691645;	0.361270533675400;	0.376437835263015;	0.392033095565076;	0.407933913622941;	0.424724477700337;	0.443605017627416;	0.468119553323688;	0.496534817622632;	0.532261100734137;	0.551464979870891;	0.893692870398741;	0.902600814858246
0.351344123447017;	0.366168115098928;	0.210762171793483;	0.213388417663343;	0.221498753702850;	0.183848286594734;	0.166910724240899;	0.678571944183971;	0.748242505283350;	0.418804661311759;	0.416549805439143;	0.368554701905107;	0.378258041084447;	0.463971037283421;	0.501834649892812;	0.564596559945466;	0.580906970522719;	0.574850518921789;	0.585040758854768;	0.563509288163702;	0.576073487998368;	0.523964181764692;	0.493258328196620;	0.476817526914805;	0.424776192032473;	0.400897433380859;	0.374118979113524;	0.345781037773538;	0.310620101352897;	0.302914769594036;	0.290675372446598;	0.282853233579883;	0.278086837788229;	0.221452143206806;	0.217678126351166;	0.220087530833313;	0.218442510685064;	0.221071723107313;	0.225402293597554;	0.226530433120885;	0.228570296743631;	0.229624230053628;	0.222641395714544;	0.199329628894122;	0.198075934039691;	0.199434994619978;	0.204179163710512;	0.210145672524382;	0.216544009065795;	0.221860046255482;	0.227127349207729;	0.233417962203377;	0.240604358448142;	0.248330809586199;	0.256285025431752;	0.264827602282745;	0.273032792651999;	0.281679850929214;	0.292746105212231;	0.299904261390758;	0.309856415259732;	0.320621785495295;	0.331102004884262;	0.341293621401212;	0.352852384562375;	0.361070190815623;	0.372984621691007;	0.386421757091908;	0.399533004510465;	0.413946517628534;	0.428805827499030;	0.444019481069146;	0.460039361772681;	0.478023529203924;	0.501406683979783;	0.528588748051319;	0.562806494229245;	0.580283435762959;	0.898381823643930;	0.903686529414852
0.380898032467382;	0.375149753454102;	0.250788703482633;	0.244048847578200;	0.249052042742704;	0.245281043267682;	0.206537524281072;	0.698523950503014;	0.806748431984304;	0.486879623930443;	0.429302540700866;	0.478950061085128;	0.485408409288528;	0.518538939517299;	0.557503495965941;	0.605454624417241;	0.598039746634193;	0.608883129225530;	0.616803036047295;	0.613288948220751;	0.623643208054338;	0.588760144385961;	0.559710026072955;	0.542875080600181;	0.461394073069314;	0.439207720985125;	0.414006324326125;	0.385365763537680;	0.355805136576200;	0.346999232882502;	0.333329791272791;	0.324847936147816;	0.318623016355561;	0.285087115561187;	0.279806068800291;	0.281889158565532;	0.278987307512636;	0.281142529574340;	0.285374202282336;	0.285706935915617;	0.287098465662085;	0.287324457523461;	0.277708553767167;	0.243614513317825;	0.242118488425050;	0.243467826575910;	0.248633748405524;	0.255348056552258;	0.262167621191860;	0.267819546552455;	0.273321934774796;	0.279765751569908;	0.286992510770217;	0.294611508410914;	0.302399085722848;	0.310708360108221;	0.318600203554020;	0.326897739043137;	0.337347137497179;	0.343928807769869;	0.353407841492467;	0.363690298095862;	0.373714660617457;	0.383608501799850;	0.394733865113287;	0.402178940824570;	0.413454338118888;	0.426399060640310;	0.439114960929402;	0.452885873927529;	0.467067600535081;	0.481649473627767;	0.496957314161961;	0.514071418048060;	0.536309863373043;	0.562218057036857;	0.594816277405648;	0.611234245705840;	0.903480281072087;	0.906776103016479
0.413714960922822;	0.384442815113099;	0.282896736257033;	0.285813873909674;	0.300356575536390;	0.272168844332689;	0.252870137272549;	0.743885870425077;	0.822230732695526;	0.506747435292417;	0.491185001144763;	0.515966234201275;	0.523405401835713;	0.605681278043799;	0.643773734629315;	0.656342921216087;	0.672134759575657;	0.649900984654634;	0.657914622288061;	0.650289537386338;	0.658495625768011;	0.622315724103087;	0.595020771437500;	0.578176838315393;	0.518638128664255;	0.495468921949307;	0.468852489604643;	0.436780110216272;	0.407600441742221;	0.398780734225614;	0.384504905001502;	0.376065059727692;	0.369167330631462;	0.328030029205349;	0.323061432284629;	0.326095042282230;	0.323558419342766;	0.326546647094910;	0.331794536362415;	0.332710394128957;	0.334707280896913;	0.335282000052052;	0.324161342930584;	0.296704890254324;	0.294082048526963;	0.294642328226760;	0.299548391007638;	0.306401182282733;	0.313062821149699;	0.318530539300003;	0.323803081137567;	0.329980011714173;	0.336874747693504;	0.344053806054734;	0.351390009500054;	0.359226178652424;	0.366597244961085;	0.374367595576490;	0.384061823095046;	0.389929743951149;	0.398829595172673;	0.408540285359983;	0.418036574454469;	0.427563726475837;	0.438192099556751;	0.444726047766555;	0.455337354861802;	0.467748680899230;	0.480025057688101;	0.493121746056435;	0.506580101076356;	0.520486448625128;	0.535045042917290;	0.551239665290765;	0.572259995467426;	0.596799090503474;	0.627644494007147;	0.643299209898656;	0.908916774363899;	0.914146406881291
0.444689932958795;	0.394951104316292;	0.321770254841136;	0.320383039447916;	0.335275643707592;	0.324903582909573;	0.295183781978455;	0.771288495475146;	0.862191103176108;	0.561538862092596;	0.520332511096354;	0.594903868572329;	0.598982550652055;	0.661201218056018;	0.698525065342742;	0.733856275774533;	0.742946143954012;	0.711134278594989;	0.719065756488509;	0.717774919161469;	0.695873565874080;	0.668324256459460;	0.644759306061352;	0.621877073180427;	0.559198383979924;	0.537961907485595;	0.513163699577693;	0.478716029425548;	0.452606531199051;	0.444001897834099;	0.429582728992242;	0.421718472799950;	0.413638261540399;	0.377932771525073;	0.372705863566761;	0.376134842000272;	0.373433203327638;	0.376753385541484;	0.382520654918378;	0.383604060370631;	0.385825400382925;	0.386412574154734;	0.373322264731980;	0.347035075502510;	0.343924297099179;	0.344215017316066;	0.349229294338248;	0.356453711992363;	0.363210495142539;	0.368720416763877;	0.373973864745795;	0.380066478794229;	0.386794387529491;	0.393683920328486;	0.400702411263852;	0.408183657671068;	0.415136975853697;	0.422465274174266;	0.431484727058886;	0.436690690183414;	0.445058950601367;	0.454230796698442;	0.463222490785445;	0.472382944483356;	0.482509182635656;	0.487998676194270;	0.497955774272954;	0.509811127877555;	0.521610860694974;	0.534008238717549;	0.546710358609389;	0.559894873444109;	0.573652614589791;	0.588867475001532;	0.608589104132144;	0.631659602147773;	0.660641997481064;	0.675505320604113;	0.914606273900676;	0.914166093479796
0.477055329109939;	0.406087801729709;	0.357087114034930;	0.359913946339308;	0.380546554038872;	0.362298235430345;	0.340124489049357;	0.805083411270206;	0.883577878992679;	0.596753806911455;	0.570204758166209;	0.646708606791518;	0.649301672340107;	0.721579839879894;	0.756477557461678;	0.783707391645698;	0.797656728472627;	0.780409269823951;	0.787780419176901;	0.783063867398339;	0.759365851901725;	0.735736181013854;	0.712130645659573;	0.662902029257222;	0.608406518088549;	0.589070490077344;	0.565892035279841;	0.522524580082265;	0.498687377375595;	0.490837814402820;	0.476809518265526;	0.469966855208805;	0.458938081798070;	0.424462368994934;	0.419605511810478;	0.423827210063438;	0.421452897453862;	0.425455441220768;	0.431985317702066;	0.433572994979650;	0.436293634267247;	0.437155657933040;	0.421669140498327;	0.397828548102710;	0.394337001657741;	0.394429057503551;	0.399544607159369;	0.407067698971032;	0.413891346388745;	0.419427712249725;	0.424657670657352;	0.430659803154350;	0.437218776459577;	0.443828332522903;	0.450539121332883;	0.457672798850142;	0.464223187974558;	0.471120074504948;	0.479484474772365;	0.484031291252599;	0.491872522053063;	0.500499287372266;	0.508974272499540;	0.517734327693152;	0.527327815156340;	0.531555250762823;	0.540853688641746;	0.552113974904104;	0.563384200934006;	0.575046301882653;	0.586958021563116;	0.599369984125104;	0.612273543629309;	0.626460616607387;	0.644826730233914;	0.666358843428363;	0.693398141260661;	0.707411641862760;	0.920488762005949;	0.914185424816826
0.508697363563440;	0.418244756298610;	0.394531466691566;	0.397134787585496;	0.420454960759732;	0.407205683005062;	0.383536152380422;	0.832160555093152;	0.908031450581945;	0.639058819961962;	0.610167120562998;	0.703737486198884;	0.706096194928650;	0.771411575266338;	0.803828535422054;	0.831307014900088;	0.844198131427192;	0.830848976023320;	0.836902828600866;	0.832725457681184;	0.817233614125699;	0.798274761788237;	0.774565486310959;	0.731390869376406;	0.681966494304123;	0.662116644168955;	0.638541181982458;	0.572209737125715;	0.551084186793417;	0.544134538648366;	0.530752646584421;	0.524724667583924;	0.505518552149346;	0.473238261592491;	0.468896868096667;	0.473885318062335;	0.471923007428585;	0.476562186146940;	0.483733857565388;	0.485780936621851;	0.488917898739378;	0.490023370467692;	0.470607863439392;	0.449040950790852;	0.445375014553599;	0.445401585774446;	0.450639879384608;	0.458408903355148;	0.465279400347267;	0.470831472819746;	0.476028605790186;	0.481922670100791;	0.488290492236081;	0.494606689552677;	0.500990460982684;	0.507748173188133;	0.513881168390452;	0.520327742387232;	0.528028617771524;	0.531894942081831;	0.539188194142917;	0.547237321490967;	0.555155546859552;	0.563453671589485;	0.572460925079577;	0.575094277759274;	0.583720426297118;	0.594336020076317;	0.605015863653820;	0.615903225134382;	0.626994638473214;	0.638591182224808;	0.650599890752166;	0.663728727996556;	0.680696998067316;	0.700624783742868;	0.725629895079176;	0.738714279439176;	0.926511684818680;	0.914207825742725
0.540397600689314;	0.431263557294976;	0.431138001809507;	0.435210204075991;	0.461954085521093;	0.448503701096780;	0.426937424777541;	0.858000552006760;	0.926717154282371;	0.676314743838069;	0.651179863975292;	0.751310669366220;	0.754108946015211;	0.817844981683866;	0.847011348067198;	0.870565524308622;	0.882960391132921;	0.874578325196732;	0.878000537911773;	0.874018131363692;	0.861513296885245;	0.846623557457297;	0.824682755223241;	0.789661513379598;	0.746532476098890;	0.726783619048551;	0.703513771683161;	0.643721911455988;	0.624438788949022;	0.616974022534489;	0.603249558914407;	0.595727896985061;	0.559995795223189;	0.529711498904478;	0.525805860785355;	0.531248788448695;	0.529589868246477;	0.534498666489503;	0.541869705108125;	0.543965247337185;	0.547069168339431;	0.548116878984405;	0.521728217369381;	0.502412069080463;	0.498672472603404;	0.498640045869272;	0.503885653996545;	0.511741366468955;	0.518525476390290;	0.523986175531016;	0.529046809701477;	0.534727824516010;	0.540794382465195;	0.546718472797834;	0.552671466830599;	0.558941082281213;	0.564573874355743;	0.570488133536898;	0.577459147040957;	0.580575377193809;	0.587253082711239;	0.594647023767908;	0.601922470336989;	0.609655048170315;	0.617987034706464;	0.618527232236394;	0.626455011943528;	0.636363727075448;	0.646383598081506;	0.656448392381869;	0.666685015505054;	0.677418861102537;	0.688485901473369;	0.700520062589541;	0.716035530776872;	0.734268014041548;	0.757108370029475;	0.769143410634554;	0.932619469096497;	0.914238490237755
0.571649119722648;	0.445233746457341;	0.467805732638950;	0.472685478798881;	0.502081294747813;	0.489974507423684;	0.469433808386884;	0.880701336143872;	0.942814927939073;	0.712338232098805;	0.689194869634863;	0.794098951585609;	0.796968946565111;	0.856637432636634;	0.882333123734814;	0.904458138590083;	0.915197680723736;	0.909926649494672;	0.911438401309223;	0.908285439155959;	0.897410057538408;	0.885967085785569;	0.866665393859375;	0.837303401733475;	0.800442756283811;	0.781922229763054;	0.760040169260340;	0.706671558619076;	0.689343014930607;	0.681751730399684;	0.668191101487807;	0.659806986660759;	0.630451008960393;	0.601999766501177;	0.597597813977089;	0.602323258681093;	0.600231471701921;	0.604290112589044;	0.610738853146558;	0.611808041351428;	0.613831421013684;	0.614082406647723;	0.578241612722270;	0.561028733068954;	0.557133690322574;	0.556819328080204;	0.561710648783433;	0.569305673604300;	0.575672302978254;	0.580767624808255;	0.585428181650788;	0.590646840828761;	0.596160418249509;	0.601456563597203;	0.606741886034185;	0.612282706306457;	0.617227682622494;	0.622432404513106;	0.628520222759207;	0.630746221202405;	0.636673505473995;	0.643271911234803;	0.649755085468135;	0.656761491683233;	0.664279629532203;	0.662027109616115;	0.669204354925381;	0.678315807856208;	0.687580129740527;	0.696744400017376;	0.706065531735818;	0.715862775212706;	0.725912912545593;	0.736790760585599;	0.750768208815146;	0.767172116336120;	0.787659485176358;	0.798470542102708;	0.938754569202050;	0.914348031968639
0.602416508340721;	0.460145293477901;	0.504047540035599;	0.509764300000602;	0.541416505518769;	0.530241611242332;	0.510989148677390;	0.900834703135134;	0.955927196597421;	0.745919128890700;	0.725026740044469;	0.831229537584506;	0.834101370195009;	0.888744191722112;	0.910886219255195;	0.930734682495522;	0.939736812251446;	0.936619767330763;	0.938227288085696;	0.935870265155282;	0.927120141482324;	0.918288934832530;	0.902090211648294;	0.876941666280080;	0.846039672859111;	0.829361268659974;	0.809510359041929;	0.761877511510963;	0.746597568230574;	0.739260598039572;	0.726329155214643;	0.717684834151042;	0.693492985162999;	0.666687427928507;	0.662090376663542;	0.666203223122338;	0.663882991643295;	0.667240865823720;	0.672868757784353;	0.673190308644867;	0.674399495601162;	0.674091068736763;	0.642089826737153;	0.626650999839308;	0.622280306005945;	0.621197661856204;	0.625111304654974;	0.631889297161345;	0.637306550207968;	0.641594545734962;	0.645439482424900;	0.649811387604556;	0.654396500414451;	0.658717123573988;	0.662998646033247;	0.667482955463204;	0.671479438509727;	0.675733705394343;	0.680730656526562;	0.681890238001017;	0.686889239521139;	0.692514422612047;	0.698024873294886;	0.704118111638057;	0.710660442752896;	0.706042072066553;	0.712370375409925;	0.720544865490680;	0.728912612642846;	0.737048494248039;	0.745351594813043;	0.754098191890513;	0.763016357254628;	0.772643121947964;	0.784957691695604;	0.799341986961895;	0.817204747042058;	0.826538887313940;	0.944859755001246;	0.916245724631983
0.632539228905221;	0.476008855296418;	0.539770868431118;	0.546193829668349;	0.579591581366408;	0.569362505954578;	0.551361281355669;	0.918414615775792;	0.966535697715823;	0.777159109635449;	0.758380898405500;	0.863214193274662;	0.865982923271204;	0.914881937858220;	0.933558666165946;	0.950704299256182;	0.958007442228971;	0.956294396362593;	0.957821443549778;	0.956096095986898;	0.950554862282234;	0.943699078806447;	0.930565942044804;	0.910364084869053;	0.884845450661626;	0.870231907010208;	0.852718538535016;	0.810445921913928;	0.797162697740603;	0.790288649099888;	0.778287561472285;	0.769796147712580;	0.750146375832182;	0.724826150298686;	0.720242753971136;	0.723778560734223;	0.721351097154485;	0.724085028525480;	0.728943989410466;	0.728723898872939;	0.729316106345012;	0.728623363651283;	0.699806935781735;	0.686115053423470;	0.681512613697632;	0.679890968773212;	0.682975680560398;	0.688975722075214;	0.693544108074452;	0.697127423532528;	0.700272506740927;	0.703898494252054;	0.707664509633351;	0.711137913243735;	0.714552253814467;	0.718121029967273;	0.721298552356762;	0.724725308718931;	0.728771572275013;	0.729019497693423;	0.733195067253826;	0.737945394527102;	0.742589223300147;	0.747851385875127;	0.753499938765331;	0.749670861564927;	0.755042983322582;	0.762141236804234;	0.769474959230322;	0.776468237750212;	0.783661195872094;	0.791260922599118;	0.798958760018070;	0.807266395425284;	0.817841346880634;	0.830101042028310;	0.845208805271316;	0.852935228359462;	0.950861485002405;	0.984263081709522
0.661892061195229;	0.492821572455502;	0.574805638701647;	0.581823765684887;	0.616455687697763;	0.607125997494142;	0.590371338219736;	0.933600309807582;	0.974973272729127;	0.805970012853315;	0.789206258831757;	0.890415248819643;	0.893006461693117;	0.935834178611398;	0.951258283820419;	0.965572106731481;	0.971319207197623;	0.970477851578073;	0.971819411556239;	0.970588592607600;	0.967207350415611;	0.962033997062774;	0.951722476688819;	0.937006790804114;	0.916347935767178;	0.903849672446701;	0.888784912054772;	0.853055109583966;	0.841607387428923;	0.835259870478516;	0.824346330819564;	0.816246666280392;	0.800442700988167;	0.776872363456880;	0.772418234184716;	0.775355785025148;	0.772877871196880;	0.775015035613049;	0.779127725849907;	0.778516690498226;	0.778639699316762;	0.777694610171430;	0.751907971837443;	0.739868271025467;	0.735201919611932;	0.733201455314441;	0.735553447306005;	0.740785578853669;	0.744565620353741;	0.747513046994121;	0.750041117711595;	0.752991509582083;	0.756018077324356;	0.758741843210413;	0.761397568024610;	0.764166801095594;	0.766632573927311;	0.769335411889468;	0.772553600434936;	0.772057451702967;	0.775499966736496;	0.779461942422405;	0.783334010851134;	0.787839387902003;	0.792668507075950;	0.789513808832371;	0.794029483222188;	0.800132655936312;	0.806498684179993;	0.812451519659825;	0.818622953923548;	0.825160112222646;	0.831735365956271;	0.838822293872490;	0.847788333380666;	0.858105319379081;	0.870723336270152;	0.877036287016336;	0.956673064911772;	0.999834976536763
0.690353911631373;	0.510572481658686;	0.608999270778580;	0.616496936891510;	0.651849266326706;	0.643378107196960;	0.627853561657944;	0.946563664046595;	0.981576360611659;	0.832327975394896;	0.817466413950157;	0.913260137804262;	0.915622151984200;	0.952365418888058;	0.964838407765345;	0.976419539294737;	0.980812000235208;	0.980479190645299;	0.981584244518515;	0.980728476436450;	0.978755626977093;	0.974963597494400;	0.967118916853924;	0.956622089940757;	0.940337608210462;	0.929966526449124;	0.917360484962694;	0.888693253988692;	0.878954564763101;	0.873210464488070;	0.863500715008013;	0.855993751251883;	0.843432404827828;	0.822913762636701;	0.818639621601829;	0.820937776090414;	0.818432970431640;	0.819983719478912;	0.823363972085338;	0.822471591686863;	0.822236263033008;	0.821136197105689;	0.798476414226949;	0.787961901762472;	0.783355369648701;	0.781099276004506;	0.782795867255207;	0.787270578893829;	0.790314556077411;	0.792685864741453;	0.794669517815940;	0.797008419086888;	0.799369670631626;	0.801433529761608;	0.803431006371946;	0.805509285960015;	0.807363382959894;	0.809439926827323;	0.811945607752234;	0.810902740439416;	0.813695282350113;	0.816949781155326;	0.820138114408870;	0.823956877589110;	0.828037389190085;	0.825485260398161;	0.829234368515553;	0.834418496347032;	0.839880084569239;	0.844888066867840;	0.850121930608399;	0.855678290145472;	0.861226207120049;	0.867190922491287;	0.874682142676219;	0.883241031009119;	0.893635711091512;	0.898722279377152;	0.962233955540818;	0.999860732285504
0.717813641346599;	0.529240370570498;	0.642205439067789;	0.650066427282472;	0.685635951531157;	0.677981609039730;	0.663664169096238;	0.957497558859429;	0.986658483931684;	0.856243706588081;	0.843164708766842;	0.932201885460694;	0.934304088867078;	0.965199462287331;	0.975075691472601;	0.984173601508154;	0.987436263493776;	0.987375529581518;	0.988237931567702;	0.987658116537343;	0.986561283199398;	0.983862105202124;	0.978073151692275;	0.970754905533069;	0.958255300080852;	0.949897476560136;	0.939627119742571;	0.917017570220683;	0.908901875690167;	0.903864551366172;	0.895444630742153;	0.888711045064915;	0.878871785842972;	0.862023852847995;	0.858020311455530;	0.859739378134133;	0.857288881509234;	0.858341958252215;	0.861060407734255;	0.860006251134587;	0.859532122259273;	0.858373839172650;	0.839377304502378;	0.830260094679675;	0.825815726505546;	0.823412634343129;	0.824534676264662;	0.828278648303171;	0.830650522193898;	0.832508088538410;	0.834018923013846;	0.835815981651510;	0.837592807568992;	0.839090084784437;	0.840529924674632;	0.842025369402722;	0.843366046977336;	0.844912589107802;	0.846816869521143;	0.845508740129382;	0.847728318729993;	0.850351999127952;	0.852938336208515;	0.856137217091590;	0.859538264789288;	0.857507804583200;	0.860576551240003;	0.864919583639224;	0.869543754124642;	0.873701934410165;	0.878083369689808;	0.882743752695635;	0.887361885875019;	0.892307494900159;	0.898465087784228;	0.905454698922246;	0.913892055174957;	0.917931122123535;	0.967488229835402;	0.999899711490338
0.744171523625901;	0.548793451610184;	0.674287635250501;	0.682396518888427;	0.717701146315729;	0.710820647119472;	0.697681311406536;	0.966606241972526;	0.990503371946373;	0.877760536922537;	0.866338767186897;	0.947700546063173;	0.949530061891656;	0.974997871097180;	0.982653236562099;	0.989600686715521;	0.991956531640707;	0.992022447949553;	0.992664576947708;	0.992281912628837;	0.991705741668840;	0.989840551048773;	0.985694730329817;	0.980704419825806;	0.971359318207370;	0.964810914449825;	0.956655658745953;	0.939157391788072;	0.932535279562168;	0.928244297254331;	0.921120071179411;	0.915256478012199;	0.907664720110959;	0.894033243268335;	0.890409569031052;	0.891675155033083;	0.889385623200483;	0.890072237386378;	0.892235971838563;	0.891136727648801;	0.890539574826700;	0.889408906578698;	0.874105747900617;	0.866303310298753;	0.862139142933952;	0.859720244588398;	0.860388470184666;	0.863470352800224;	0.865275442084349;	0.866702849405316;	0.867827048880599;	0.869175516852200;	0.870474372155499;	0.871519465921805;	0.872517308517020;	0.873551399649201;	0.874486849985434;	0.875609448000373;	0.877028143703927;	0.875797516176392;	0.877523036047035;	0.879596667139855;	0.881661984788901;	0.884308178197650;	0.887103129945920;	0.885517952434989;	0.887994230178371;	0.891581996912277;	0.895444444534657;	0.898851496881648;	0.902471248149430;	0.906327670462269;	0.910119580029901;	0.914159529481352;	0.919139262318455;	0.924756918134221;	0.931500864203546;	0.934661345028815;	0.972386580089312;	0.999925726301451
0.769338455169337;	0.569187358352605;	0.705118797797340;	0.713362686808515;	0.747951556689451;	0.741800420472538;	0.729804639589861;	0.974097593219902;	0.993360771616847;	0.896950556491116;	0.887056756010771;	0.960208802672131;	0.961767137752759;	0.982349720102469;	0.988156528370949;	0.993316756573755;	0.994970244896822;	0.995079628061835;	0.995537836477659;	0.995292032442205;	0.995010474960484;	0.993759748658663;	0.990878050084739;	0.987551110011179;	0.980746160873785;	0.975754880031122;	0.969440100287183;	0.956148512689749;	0.950859990762201;	0.947303387451260;	0.941417099420012;	0.936448668192184;	0.930681641799845;	0.919838764347343;	0.916658678554602;	0.917575809977440;	0.915516837297771;	0.915941986530976;	0.917645646282522;	0.916584190067106;	0.915948646288718;	0.914902710135606;	0.902744394564742;	0.896183662718367;	0.892407939681194;	0.890099928513731;	0.890447193652089;	0.892959286002085;	0.894317773693138;	0.895405777361433;	0.896233330725976;	0.897234178354916;	0.898168576689451;	0.898878466051091;	0.899549838616497;	0.900242661074057;	0.900878563388266;	0.901680784867954;	0.902724570506883;	0.901694883951977;	0.903017302839067;	0.904635263814438;	0.906267160924508;	0.908434451661413;	0.910707286263639;	0.909503439810182;	0.911481649279293;	0.914412180927629;	0.917600795850256;	0.920361745377463;	0.923318521106206;	0.926471849731043;	0.929547977903276;	0.932806137007363;	0.936776678112626;	0.941225071994704;	0.946532520415462;	0.948970826887234;	0.976887985898828;	0.999996005003973
0.793236606768758;	0.590363996938185;	0.734582655932049;	0.742852753530310;	0.776315307997909;	0.770847883057898;	0.759955955446420;	0.980177104097912;	0.995445185451746;	0.913911173888247;	0.905413989012137;	0.970160280688545;	0.971460152330347;	0.987766877673650;	0.992075053199583;	0.995803767521956;	0.996931469552736;	0.997041404958642;	0.997355629239796;	0.997202106046538;	0.997077994632621;	0.996264628451982;	0.994320995544263;	0.992154385316776;	0.987329451204288;	0.983627510877858;	0.978858865179720;	0.968955109397981;	0.964823112826164;	0.961951617749579;	0.957200547907944;	0.953098234764755;	0.948788113137755;	0.940304607431603;	0.937593127513710;	0.938248404010276;	0.936458422062950;	0.936704577181669;	0.938031629537042;	0.937062590517252;	0.936447516327909;	0.935521064093123;	0.926012993055112;	0.920596592250601;	0.917274294735378;	0.915164594875007;	0.915297015991618;	0.917323919782952;	0.918335863472319;	0.919159745406792;	0.919764010307829;	0.920500023510471;	0.921162270780458;	0.921630601965157;	0.922067907795919;	0.922515805959722;	0.922936601803694;	0.923501945872112;	0.924261429224386;	0.923415860448671;	0.924422915386916;	0.925676679900034;	0.926958211303478;	0.928718905865344;	0.930551700699811;	0.929670537938583;	0.931238992785454;	0.933608025049387;	0.936210441797898;	0.938424649783564;	0.940813161881833;	0.943360911955126;	0.945826333730822;	0.948420655774744;	0.951541782668791;	0.955010983348905;	0.959120053021848;	0.960974757821829;	0.980961275065613;	0.999999991170871
0.815799946446853;	0.612250501132259;	0.762574976319202;	0.770768127991274;	0.802742115005892;	0.797911883097668;	0.788079452678377;	0.985042751845211;	0.996936501531645;	0.928761151057563;	0.921529170390760;	0.977960439057964;	0.979022549473860;	0.991683730285358;	0.994808096491008;	0.997428962482560;	0.998175888742315;	0.998267900252478;	0.998475305899331;	0.998382183808353;	0.998336369475510;	0.997823803182938;	0.996552401591771;	0.995175703795601;	0.991846415009515;	0.989174941290802;	0.985663723664935;	0.978430829650013;	0.975273893280094;	0.973014294604708;	0.969267791348112;	0.965964567242309;	0.962798075711798;	0.956273091928505;	0.954023459517732;	0.954485501970736;	0.952976646462342;	0.953105690625259;	0.954127776449284;	0.953281967947502;	0.952724307787091;	0.951933774423619;	0.944618293507882;	0.940231252439419;	0.937389044892486;	0.935530261975506;	0.935529265935377;	0.937147153326422;	0.937894242119642;	0.938515023983388;	0.938954103774992;	0.939491621616909;	0.939955080610302;	0.940254954200485;	0.940530194566666;	0.940808524221204;	0.941079970995414;	0.941474328127635;	0.942022277280823;	0.941350346212393;	0.942112955421010;	0.943077830794648;	0.944077832886316;	0.945494896384482;	0.946958791983756;	0.946341961560561;	0.947575407977474;	0.949468332476023;	0.951565046889610;	0.953320328237575;	0.955225780596476;	0.957256786588306;	0.959206286283828;	0.961242994056868;	0.963658406163370;	0.966319729721164;	0.969445095412080;	0.970835560897501;	0.984586157776702;	0.999999999999814
0.836974738266375;	0.634758312296056;	0.789005009064900;	0.797025134077421;	0.827203246144713;	0.822963198542039;	0.814141655479697;	0.988880799692053;	0.997982050433778;	0.941636557046866;	0.935540068110714;	0.983979901557046;	0.984829956830911;	0.994460342577645;	0.996673509020382;	0.998464766366984;	0.998944841707141;	0.999014063135181;	0.999145917502267;	0.999091137909575;	0.999080523900184;	0.998767831831411;	0.997961855039172;	0.997109453745536;	0.994875472612786;	0.993000401586627;	0.990480747118908;	0.985308401177266;	0.982951197130626;	0.981217852668123;	0.978332071976485;	0.975737381283977;	0.973452911790526;	0.968523691896146;	0.966705821255041;	0.967027608815038;	0.965792023104659;	0.965848597985924;	0.966626301130658;	0.965915972012363;	0.965435339957944;	0.964783211710093;	0.959251172116832;	0.955767735038758;	0.953400803959166;	0.951816214808927;	0.951741228876834;	0.953017529101209;	0.953564800078797;	0.954030758589176;	0.954349339601042;	0.954740142578304;	0.955061479421649;	0.955248083828214;	0.955415495707414;	0.955581244759654;	0.955752856406424;	0.956026727611059;	0.956420122122958;	0.955903811942619;	0.956478925986739;	0.957216749332503;	0.957992135931281;	0.959120726805813;	0.960277680656746;	0.959870153626254;	0.960831760671292;	0.962324904163978;	0.963990049424668;	0.965363854877516;	0.966862852927514;	0.968457871091545;	0.969976536848198;	0.971550685144295;	0.973388379350366;	0.975393840515611;	0.977725622313280;	0.978752599846025;	0.987753922881981;	1.000000000000000
0.856719849421388;	0.657782326839890;	0.813796637335958;	0.821556190119442;	0.849691293196356;	0.845994350254958;	0.838131217790250;	0.991862636801303;	0.998699653231817;	0.952686627760722;	0.947599179954863;	0.988550060089211;	0.989216294399891;	0.996388251700581;	0.997918164163498;	0.999107831684946;	0.999406963770572;	0.999455188889526;	0.999535926933973;	0.999504722969536;	0.999507483251168;	0.999323040024524;	0.998828387558936;	0.998314866278657;	0.996858520490516;	0.995579265750649;	0.993818336431783;	0.990200520682066;	0.988481690993052;	0.987185716561090;	0.985015428670887;	0.983027279888609;	0.981410603197966;	0.977756971243885;	0.976325610390971;	0.976547160739994;	0.975563194371930;	0.975578195030539;	0.976162199937144;	0.975586096771391;	0.975189213050429;	0.974668123098230;	0.970561132648194;	0.967851955134654;	0.965932081372622;	0.964622192494829;	0.964514399519259;	0.965508306744717;	0.965906567617300;	0.966255264100223;	0.966486890846595;	0.966770506470902;	0.966992294635697;	0.967105801154657;	0.967204697866104;	0.967299313137123;	0.967406929235453;	0.967597765272103;	0.967880003572239;	0.967497722920515;	0.967930142498192;	0.968490818500910;	0.969087972778469;	0.969976112672527;	0.970879616841738;	0.970631367851089;	0.971373826512720;	0.972534731587365;	0.973835936701786;	0.974895857312223;	0.976056645069620;	0.977288335410538;	0.978451681671238;	0.979647224403136;	0.981019441213995;	0.982501390547638;	0.984204729007679;	0.984951470259026;	0.990467687266299;	1.000000000000000
0.875007114682955;	0.681200460287866;	0.836889603051934;	0.844310868516276;	0.870219338562548;	0.867018871049984;	0.860058426216654;	0.994142655067894;	0.999181291677176;	0.962069467662027;	0.957869430451616;	0.991960971564209;	0.992472105377435;	0.997698009150045;	0.998729053602220;	0.999496203681763;	0.999676681015188;	0.999708237628320;	0.999755832546337;	0.999738650333614;	0.999744778251539;	0.999639734418142;	0.999346183961719;	0.999045659952029;	0.998124342101714;	0.997276740125180;	0.996079261082458;	0.993607226299786;	0.992384354029849;	0.991440366879325;	0.989847776305230;	0.988362292261092;	0.987241432280380;	0.984587309678353;	0.983489143876996;	0.983640096290244;	0.982877760441538;	0.982871545459844;	0.983303835075966;	0.982851702327173;	0.982536352338710;	0.982132660511963;	0.979143111505717;	0.977081480960711;	0.975564663992428;	0.974513529278898;	0.974399599445556;	0.975162661261954;	0.975450884123271;	0.975711108237082;	0.975880360954825;	0.976086305815296;	0.976239606661430;	0.976308061991980;	0.976365706057996;	0.976418001980181;	0.976486410974520;	0.976621019439731;	0.976824238677485;	0.976552805680759;	0.976877124269120;	0.977300355004280;	0.977756671244098;	0.978446014706763;	0.979141997936841;	0.979009308144097;	0.979576195384940;	0.980464169919050;	0.981462606298282;	0.982267137458928;	0.983150033798552;	0.984083156677160;	0.984957511824907;	0.985847713565309;	0.986851343653606;	0.987922954960952;	0.989138508148192;	0.989672415196033;	0.992742098995487;	1.000000000000000
0.891821791339275;	0.704873820488713;	0.858240829384933;	0.865256980748316;	0.888819877856184;	0.886070148771063;	0.879954092069514;	0.995857084973306;	0.999497039703354;	0.969947906900395;	0.966519870887310;	0.994461238890247;	0.994844872078678;	0.998567615300525;	0.999244226777895;	0.999724030504127;	0.999829319016677;	0.999848856039262;	0.999875842440026;	0.999866713935973;	0.999872306006794;	0.999814639416727;	0.999646434934528;	0.999475893753267;	0.998911046753386;	0.998366238230445;	0.997574767490713;	0.995926908101080;	0.995078949120126;	0.994409567457173;	0.993270243169707;	0.992188651135352;	0.991428381676286;	0.989541203266668;	0.988720554029839;	0.988822447512605;	0.988247900464598;	0.988233075443806;	0.988548064853024;	0.988204387850846;	0.987962743246551;	0.987659495707429;	0.985528830537288;	0.983995615435915;	0.982828812933063;	0.982009733022742;	0.981905287371052;	0.982481993719863;	0.982689576924732;	0.982883139763133;	0.983007640154887;	0.983157502111825;	0.983264290884485;	0.983306335802404;	0.983340650688606;	0.983369589927032;	0.983415031937787;	0.983511895641943;	0.983659244928664;	0.983475749200969;	0.983718266691835;	0.984035275669190;	0.984380676003029;	0.984907242661144;	0.985434956166162;	0.985381184218044;	0.985808323952875;	0.986475025888609;	0.987225482052258;	0.987824848799856;	0.988482727350862;	0.989174420331884;	0.989817418456967;	0.990465471866816;	0.991182693796365;	0.991938979015542;	0.992784128066041;	0.993158749743344;	0.994602471500676;	1.000000000000000
0.907162942627705;	0.728647424087852;	0.877825702412065;	0.884381650107825;	0.905543539944745;	0.903200051229793;	0.897868141231891;	0.997123670622786;	0.999698958584597;	0.976485678156427;	0.973721579753097;	0.996259493002395;	0.996540965640151;	0.999131150989614;	0.999562945567363;	0.999853630455980;	0.999912927963724;	0.999924414504784;	0.999939112999322;	0.999934443603985;	0.999938449957831;	0.999907991668900;	0.999815089850184;	0.999721430495844;	0.999386347737741;	0.999047090187228;	0.998539319694044;	0.997469317369194;	0.996896965024865;	0.996435337912750;	0.995641598594716;	0.994874870122395;	0.994371139195707;	0.993059589578034;	0.992462674100378;	0.992530881535932;	0.992109873743363;	0.992093590280930;	0.992319174950742;	0.992066128319187;	0.991887394948617;	0.991666623770152;	0.990182185139143;	0.989069416293784;	0.988196184635048;	0.987576585299364;	0.987489265871870;	0.987917622695883;	0.988066418272451;	0.988209716777883;	0.988301872548850;	0.988411171456918;	0.988486528286409;	0.988513841305140;	0.988535847109811;	0.988553064221021;	0.988585487591420;	0.988656863211921;	0.988764594200407;	0.988647805576362;	0.988828308403229;	0.989063472196582;	0.989321825609285;	0.989716665877053;	0.990109505640022;	0.990105333437729;	0.990422078254814;	0.990912107219841;	0.991463085663245;	0.991900064479389;	0.992378829651854;	0.992878914219264;	0.993340057919648;	0.993799811192895;	0.994299035023530;	0.994818261890040;	0.995388860985465;	0.995646036051261;	0.996083356796047;	1.000000000000000
0.921043640306699;	0.752351331621834;	0.895638986885780;	0.901692080968522;	0.920457578644500;	0.918477369158996;	0.913868051741297;	0.998042099136414;	0.999824736124588;	0.981843953457209;	0.979643936347344;	0.997527111610030;	0.997728805268719;	0.999487082091197;	0.999754653478181;	0.999924989541648;	0.999957169308331;	0.999963593111275;	0.999971270671339;	0.999968976499684;	0.999971487363097;	0.999956042711157;	0.999906681137061;	0.999857011168074;	0.999665014231420;	0.999460671429136;	0.999144959319052;	0.998469323351311;	0.998093824054035;	0.997784595767293;	0.997246786978065;	0.996718221606656;	0.996392768050261;	0.995503264620635;	0.995081087430458;	0.995126396849899;	0.994826721866775;	0.994812502637459;	0.994971013575875;	0.994790633771604;	0.994663036283664;	0.994507426885004;	0.993498244734899;	0.992711358061615;	0.992076262585708;	0.991621628260964;	0.991553687413389;	0.991865790566706;	0.991971856973672;	0.992077190153484;	0.992145639808903;	0.992225402150110;	0.992279382561188;	0.992298755573645;	0.992314656183887;	0.992326644922299;	0.992351646222430;	0.992405368429488;	0.992484656903420;	0.992415993536152;	0.992549312535381;	0.992721607806910;	0.992911970206490;	0.993201735538404;	0.993487979510425;	0.993511187434763;	0.993741566182817;	0.994093033626483;	0.994486864256465;	0.994797550091064;	0.995136583070379;	0.995487883919580;	0.995809116813169;	0.996125766110325;	0.996462882206365;	0.996808249535005;	0.997180766084228;	0.997352725230362;	0.997226610278920;	1.000000000000000
0.933491134465346;	0.775802599374587;	0.911695511919680;	0.917215997471038;	0.933644001494965;	0.931985994675685;	0.928037102613170;	0.998695031436411;	0.999900930403528;	0.986178230348937;	0.984451305406679;	0.998401833583860;	0.998542829780081;	0.999705841430591;	0.999866568283701;	0.999962942880290;	0.999979734775461;	0.999983152815297;	0.999986990946203;	0.999985911166621;	0.999987340258179;	0.999979839988282;	0.999954665869195;	0.999929291551726;	0.999823252186407;	0.999704422060262;	0.999514522694027;	0.999100446037771;	0.998861404282025;	0.998660502818211;	0.998306647178870;	0.997952798991751;	0.997748161329254;	0.997160497871405;	0.996870540788525;	0.996900411809892;	0.996693462816709;	0.996682582596302;	0.996791650471444;	0.996667301022891;	0.996579458294807;	0.996473433650489;	0.995805308830995;	0.995264168085810;	0.994815960869098;	0.994492797810628;	0.994443172088589;	0.994665765916009;	0.994740816020087;	0.994817441638966;	0.994868207763696;	0.994926245856901;	0.994965407441692;	0.994980418292641;	0.994993286241315;	0.995003181108060;	0.995023567450408;	0.995064517455210;	0.995122978073104;	0.995087053050603;	0.995184358116161;	0.995308577727413;	0.995446217169429;	0.995653625876633;	0.995857059390606;	0.995891895594059;	0.996055573365497;	0.996300639934313;	0.996573637808846;	0.996788150669170;	0.997020749876888;	0.997259442638268;	0.997475746813299;	0.997686482748268;	0.997906242056172;	0.998127674734258;	0.998361583053762;	0.998472862590872;	0.998079047885027;	1.000000000000000
0.944547006964305;	0.798808446723738;	0.926030605472423;	0.931001707841040;	0.945197481977316;	0.943822801618888;	0.940472290784909;	0.999149565576091;	0.999945738888793;	0.989635693409833;	0.988300142721196;	0.998991908035951;	0.999087939124140;	0.999836444297457;	0.999929853285651;	0.999982397162894;	0.999990802259327;	0.999992531303761;	0.999994363323973;	0.999993877920523;	0.999994628696733;	0.999991150162662;	0.999978858816241;	0.999966406053798;	0.999910087351292;	0.999843514803248;	0.999733243476843;	0.999487455670563;	0.999340085426318;	0.999213720360475;	0.998988044606498;	0.998758399573765;	0.998633453234272;	0.998256007220945;	0.998062933180990;	0.998082461243988;	0.997944031500944;	0.997936509309247;	0.998009837230035;	0.997927066617136;	0.997868841973410;	0.997799155259762;	0.997369396884546;	0.997008272250637;	0.996701907471007;	0.996479767292828;	0.996445654958860;	0.996600685106080;	0.996653242920715;	0.996708185457296;	0.996745537692461;	0.996787430563565;	0.996816013463746;	0.996828306548999;	0.996839371032045;	0.996848318731435;	0.996865286498821;	0.996896508427557;	0.996939372303238;	0.996924148640821;	0.996993961371528;	0.997081695643457;	0.997178907553161;	0.997323129534768;	0.997463563120518;	0.997499811874018;	0.997612851320280;	0.997778226839368;	0.997960902046453;	0.998104012696910;	0.998257811568005;	0.998413814448154;	0.998553807882639;	0.998688523923854;	0.998825951493590;	0.998961914768358;	0.999102193198027;	0.999171273394265;	0.998689841119310;	1.000000000000000
0.954267173333885;	0.821170763611415;	0.938700094411416;	0.943117712046722;	0.955223164426032;	0.954095348393416;	0.951282006216729;	0.999458979305458;	0.999971268998332;	0.992353132674071;	0.991336639124861;	0.999380451361439;	0.999444078854518;	0.999912033661470;	0.999964441567154;	0.999991983151809;	0.999996007768842;	0.999996837992563;	0.999997670601507;	0.999997462892532;	0.999997829638075;	0.999996293737236;	0.999990565180146;	0.999984712242231;	0.999956025150098;	0.999920183626859;	0.999858514525159;	0.999717552299159;	0.999629762376801;	0.999552974310504;	0.999413758397039;	0.999269564890151;	0.999195672869263;	0.998960527317523;	0.998836129031186;	0.998848764917636;	0.998759252439443;	0.998754517683584;	0.998802568793800;	0.998749485362062;	0.998712413506185;	0.998668346805884;	0.998400477707386;	0.998167208075523;	0.997964847425438;	0.997817514503624;	0.997795486567157;	0.997900641547126;	0.997936926050551;	0.997975577433514;	0.998002646000365;	0.998032456520608;	0.998053240914239;	0.998063433313410;	0.998072988250413;	0.998081128150373;	0.998095092932582;	0.998118588350561;	0.998149564170951;	0.998146190985528;	0.998195127059343;	0.998255508459444;	0.998322224510867;	0.998419197450435;	0.998512904564350;	0.998544786886504;	0.998620239073220;	0.998727667078432;	0.998845010250662;	0.998936701233597;	0.999034088713844;	0.999131499428021;	0.999218000107823;	0.999300102846778;	0.999381892596847;	0.999461172164380;	0.999540770402258;	0.999581397608440;	0.999107843413629;	1.000000000000000
0.962721265643183;	0.842691679725786;	0.949779224306498;	0.953651250269205;	0.963834361188984;	0.962919515074798;	0.960583616066802;	0.999664621201880;	0.999985330385480;	0.994455409117698;	0.993694956233345;	0.999629753484786;	0.999670694059008;	0.999954351406441;	0.999982668020325;	0.999996510802693;	0.999998348565589;	0.999998726098918;	0.999999085217676;	0.999999000940735;	0.999999167990225;	0.999998524692427;	0.999995984704793;	0.999993359233625;	0.999979387900458;	0.999960897203395;	0.999927773357306;	0.999849876909778;	0.999799474030596;	0.999754504983271;	0.999671639254253;	0.999584250583758;	0.999542048004936;	0.999400322848458;	0.999322950570401;	0.999331017961503;	0.999275199220397;	0.999272505394170;	0.999303110182480;	0.999270396933579;	0.999247792836080;	0.999221073296766;	0.999059775908260;	0.998914351008842;	0.998785542807123;	0.998691522721135;	0.998678239546475;	0.998747488978062;	0.998772063758160;	0.998798605336823;	0.998817782198748;	0.998838551541856;	0.998853444971892;	0.998861719087808;	0.998869707491272;	0.998876806749444;	0.998887922504923;	0.998905157606619;	0.998927011774196;	0.998929438507164;	0.998962724765638;	0.999002972371877;	0.999047195373443;	0.999109902248403;	0.999169995541379;	0.999195017216100;	0.999243365446317;	0.999310109271052;	0.999381981271781;	0.999437981020634;	0.999496574484042;	0.999554204987260;	0.999604791696552;	0.999652040148414;	0.999697889796239;	0.999741294669338;	0.999783468261143;	0.999805696816574;	0.999379053550227;	1.000000000000000
0.969990911021856;	0.863180397361916;	0.959359982680535;	0.962705141586228;	0.971150126709803;	0.970417079490835;	0.968501018420909;	0.999797826830392;	0.999992798160675;	0.996054442066309;	0.995496025275573;	0.999785325529161;	0.999810856641451;	0.999977209906125;	0.999991902546512;	0.999998554043605;	0.999999351471361;	0.999999513573104;	0.999999660025396;	0.999999627741444;	0.999999698701395;	0.999999444158074;	0.999998376868128;	0.999997257293174;	0.999990774259953;	0.999981663478357;	0.999964630062704;	0.999923283091690;	0.999895476420139;	0.999870169592643;	0.999822711955120;	0.999771733948737;	0.999748534572627;	0.999666141330684;	0.999619814863635;	0.999624875457116;	0.999591405400879;	0.999590054800449;	0.999608941057225;	0.999589634387056;	0.999576488125583;	0.999561018011610;	0.999467520497878;	0.999380323395567;	0.999301573893113;	0.999244044203825;	0.999236649085460;	0.999280768487321;	0.999297006281241;	0.999314700226991;	0.999327884737789;	0.999341950106486;	0.999352352163434;	0.999358792183691;	0.999365134446284;	0.999370950920739;	0.999379388961507;	0.999391577186139;	0.999406485786723;	0.999410938782672;	0.999432745866369;	0.999458547698326;	0.999486663858612;	0.999525408331726;	0.999562190822376;	0.999580050951329;	0.999609551533901;	0.999648895534772;	0.999690519432923;	0.999722821975000;	0.999755988186241;	0.999787960756088;	0.999815642009708;	0.999840996173130;	0.999864871312695;	0.999886835960204;	0.999907285229729;	0.999918258118645;	0.999544467084671;	1.000000000000000
0.976167004108610;	0.882460633189358;	0.967547436850579;	0.970393740501300;	0.977292831925187;	0.976713235261327;	0.975162145104965;	0.999881756467687;	0.999996611490205;	0.997248723890060;	0.996846866382255;	0.999879539152754;	0.999894933996601;	0.999989089389919;	0.999996386917740;	0.999999431821590;	0.999999759286394;	0.999999824762054;	0.999999880988566;	0.999999869370291;	0.999999897431543;	0.999999802726765;	0.999999379598602;	0.999998927786241;	0.999996073181743;	0.999991802186146;	0.999983447120561;	0.999962442333976;	0.999947752156801;	0.999934112456798;	0.999908048332312;	0.999879517438371;	0.999867291136892;	0.999821246590044;	0.999794632538316;	0.999797735257018;	0.999778503964959;	0.999777947149132;	0.999789198549294;	0.999778331316592;	0.999771075550290;	0.999762567788391;	0.999710612065873;	0.999660529933483;	0.999614471679913;	0.999580860778016;	0.999577139441298;	0.999604221562245;	0.999614623590057;	0.999626007316592;	0.999634740507814;	0.999643930937145;	0.999650940290630;	0.999655686206790;	0.999660419015446;	0.999664858031343;	0.999670908845194;	0.999679136399165;	0.999688876431397;	0.999693292116345;	0.999706938139949;	0.999722718313993;	0.999739724456710;	0.999762419084132;	0.999783728799501;	0.999795383991084;	0.999812356036678;	0.999834141501303;	0.999856692481080;	0.999874081923756;	0.999891514973536;	0.999907928154115;	0.999921886235029;	0.999934359378132;	0.999945677156793;	0.999955701232716;	0.999964452539848;	0.999969047436543;	0.999638471322260;	1.000000000000000
0.981346779337456;	0.900377443063559;	0.974456133258049;	0.976839116495291;	0.982385835679011;	0.981934184135086;	0.980696470831539;	0.999933079847295;	0.999998477709604;	0.998123322649367;	0.997840424378732;	0.999934772084223;	0.999943723580544;	0.999995009892421;	0.999998466636490;	0.999999789307196;	0.999999915978798;	0.999999940747417;	0.999999960968110;	0.999999957062716;	0.999999967359393;	0.999999934406493;	0.999999776941933;	0.999999605280763;	0.999998418134734;	0.999996521710770;	0.999992629234180;	0.999982458923122;	0.999975057023828;	0.999968043971777;	0.999954369939057;	0.999939108554347;	0.999932959898151;	0.999908324210992;	0.999893711315200;	0.999895559350608;	0.999885014872948;	0.999884870434931;	0.999891314316029;	0.999885510145526;	0.999881734863383;	0.999877320238957;	0.999849778484331;	0.999822357907310;	0.999796711645594;	0.999778059225470;	0.999776438050524;	0.999792377343954;	0.999798793923922;	0.999805816971958;	0.999811349140555;	0.999817098164596;	0.999821610954471;	0.999824894834003;	0.999828192726740;	0.999831333864451;	0.999835400714227;	0.999840651868359;	0.999846685324499;	0.999850168829177;	0.999858248292497;	0.999867368042074;	0.999877058742267;	0.999889538745530;	0.999901101761769;	0.999908036127296;	0.999917128593994;	0.999928313742945;	0.999939585018371;	0.999948185056935;	0.999956548634962;	0.999964197214831;	0.999970539446256;	0.999976024449366;	0.999980752025192;	0.999984706611317;	0.999987746394631;	0.999989068560214;	0.999688036260642;	1.000000000000000
0.985631111050246;	0.916802995966431;	0.980206870226978;	0.982167731179201;	0.986551279947051;	0.986204884290497;	0.985232648676620;	0.999963461145243;	0.999999349792493;	0.998750294689636;	0.998555871766749;	0.999966029393886;	0.999971032974921;	0.999997829010488;	0.999999383985078;	0.999999926670514;	0.999999972578635;	0.999999981307592;	0.999999988080001;	0.999999986861912;	0.999999990351570;	0.999999979694882;	0.999999925013026;	0.999999863975218;	0.999999400227414;	0.999998606793774;	0.999996893003576;	0.999992222269570;	0.999988681841059;	0.999985257926254;	0.999978436401879;	0.999970669270741;	0.999967734913450;	0.999955174317290;	0.999947541472255;	0.999948603764937;	0.999943114128194;	0.999943146840965;	0.999946677577709;	0.999943754686899;	0.999941918832168;	0.999939776256216;	0.999925930671452;	0.999911702362661;	0.999898186222466;	0.999888416610874;	0.999887871799649;	0.999896814968622;	0.999900597437190;	0.999904722254300;	0.999908047677831;	0.999911462185159;	0.999914211906111;	0.999916329760259;	0.999918462314647;	0.999920513401227;	0.999923055482583;	0.999926192940869;	0.999929698450857;	0.999932061468982;	0.999936537045233;	0.999941459871568;	0.999946599878220;	0.999952963179156;	0.999958760790189;	0.999962488203505;	0.999966951038413;	0.999972183628668;	0.999977281394922;	0.999981100077559;	0.999984671063983;	0.999987813647124;	0.999990322646129;	0.999992392071761;	0.999994019189659;	0.999995222491900;	0.999995799053054;	0.999995670941733;	0.999712614496437;	1.000000000000000
0.989122014162448;	0.931641338939618;	0.984923618936836;	0.986507352781435;	0.989908018840081;	0.989646951667026;	0.988896317914815;	0.999980819350240;	0.999999737259968;	0.999189432782024;	0.999059295967246;	0.999983049171998;	0.999985728103188;	0.999999106029479;	0.999999767011902;	0.999999976196829;	0.999999991687859;	0.999999994535839;	0.999999996634157;	0.999999996284304;	0.999999997370228;	0.999999994190223;	0.999999976592419;	0.999999956421602;	0.999999787337678;	0.999999476454673;	0.999998767555080;	0.999996744538308;	0.999995145906049;	0.999993567347971;	0.999990348901126;	0.999986607953963;	0.999985287923794;	0.999979219218718;	0.999975447543256;	0.999976032488482;	0.999973335134283;	0.999973418334242;	0.999975258475202;	0.999973881678584;	0.999973057257137;	0.999972096053685;	0.999965542283872;	0.999958594700767;	0.999951901212528;	0.999947110228457;	0.999947037139789;	0.999951787488372;	0.999953900180335;	0.999956187597537;	0.999958067847859;	0.999959975317196;	0.999961544977116;	0.999962808128347;	0.999964078594772;	0.999965306332641;	0.999966770361301;	0.999968505164051;	0.999970391694074;	0.999971800856331;	0.999974088598518;	0.999976534458151;	0.999979032909132;	0.999981992337972;	0.999984630217412;	0.999986411242258;	0.999988372547090;	0.999990546839508;	0.999992574772979;	0.999994044972661;	0.999995346058724;	0.999996425503352;	0.999997227792241;	0.999997833091171;	0.999998198184599;	0.999998346336739;	0.999998046736060;	0.999997392300585;	0.999724993277793;	1.000000000000000
0.991920353553994;	0.944832174618128;	0.988730622141341;	0.989984191369846;	0.992569718356442;	0.992376726312491;	0.991808111841072;	0.999990358876970;	0.999999900132321;	0.999489288752635;	0.999404684641476;	0.999991932210480;	0.999993300181959;	0.999999653602845;	0.999999917568725;	0.999999992846078;	0.999999997677716;	0.999999998531621;	0.999999999128365;	0.999999999036662;	0.999999999344667;	0.999999998476377;	0.999999993270072;	0.999999987125219;	0.999999930017396;	0.999999816765753;	0.999999543192601;	0.999998722374930;	0.999998045439280;	0.999997362685072;	0.999995935846144;	0.999994241649056;	0.999993686509353;	0.999990926403286;	0.999989175126702;	0.999989481213378;	0.999988239584905;	0.999988316686758;	0.999989222687071;	0.999988622325306;	0.999988286253604;	0.999987894279980;	0.999984998913727;	0.999981834366598;	0.999978747462645;	0.999976569969606;	0.999976652229565;	0.999979020737998;	0.999980127722377;	0.999981313611359;	0.999982303465830;	0.999983294863675;	0.999984124672031;	0.999984814557095;	0.999985505042604;	0.999986172369101;	0.999986940045230;	0.999987815329709;	0.999988741118352;	0.999989480628933;	0.999990540633104;	0.999991637776211;	0.999992727522238;	0.999993954485050;	0.999995015492154;	0.999995751757972;	0.999996497256240;	0.999997268110020;	0.999997944011524;	0.999998400097137;	0.999998763681364;	0.999999031510933;	0.999999193963581;	0.999999281779940;	0.999999230398365;	0.999999051914050;	0.999998505581589;	0.999997717391102;	0.999732473063007;	1.000000000000000
0.994123788516806;	0.956353450990473;	0.991749729799527;	0.992720334814196;	0.994643228129452;	0.994503598796687;	0.994081869276785;	0.999995381642047;	0.999999964533253;	0.999688388636622;	0.999635139096614;	0.999996356584068;	0.999997019444757;	0.999999874560527;	0.999999972923149;	0.999999998026207;	0.999999999407335;	0.999999999640574;	0.999999999794930;	0.999999999773226;	0.999999999852148;	0.999999999637325;	0.999999998234695;	0.999999996525453;	0.999999978817065;	0.999999940789704;	0.999999843112167;	0.999999533641287;	0.999999266953391;	0.999998992115850;	0.999998402359282;	0.999997686514643;	0.999997470507902;	0.999996298316428;	0.999995540531133;	0.999995691347746;	0.999995160778427;	0.999995214609253;	0.999995632516094;	0.999995393442965;	0.999995272428153;	0.999995130878795;	0.999993950106388;	0.999992620208060;	0.999991309511806;	0.999990404401866;	0.999990502443726;	0.999991599171740;	0.999992136845426;	0.999992704745830;	0.999993183844120;	0.999993656808071;	0.999994057398145;	0.999994398013087;	0.999994735831182;	0.999995060660160;	0.999995421278184;	0.999995816884992;	0.999996222812982;	0.999996560202970;	0.999996994513853;	0.999997426721928;	0.999997840303488;	0.999998278764570;	0.999998641012252;	0.999998891687576;	0.999999120269635;	0.999999332899851;	0.999999500454144;	0.999999589648320;	0.999999635727759;	0.999999646281472;	0.999999617361561;	0.999999561365639;	0.999999407136402;	0.999999162992591;	0.999998586747977;	0.999997794878876;	0.999738235319345;	1.000000000000000
0.995824989397809;	0.966222567262014;	0.994098008931516;	0.994831517378929;	0.996227259684780;	0.996128650504214;	0.995823154144895;	0.999997903465121;	0.999999988325119;	0.999816555285584;	0.999784231491911;	0.999998448542678;	0.999998751499483;	0.999999957891314;	0.999999991815621;	0.999999999505054;	0.999999999863272;	0.999999999920718;	0.999999999956646;	0.999999999952065;	0.999999999970141;	0.999999999922531;	0.999999999582247;	0.999999999153027;	0.999999994165226;	0.999999982517616;	0.999999950575568;	0.999999843205999;	0.999999746397669;	0.999999644424176;	0.999999419317270;	0.999999139810414;	0.999999063069935;	0.999998602813595;	0.999998300358969;	0.999998369589045;	0.999998161546185;	0.999998193055219;	0.999998371795147;	0.999998286499209;	0.999998249882112;	0.999998206659159;	0.999997768375623;	0.999997259951898;	0.999996755075505;	0.999996417050194;	0.999996486323780;	0.999996951585617;	0.999997190069280;	0.999997437421313;	0.999997647228224;	0.999997850814301;	0.999998024236794;	0.999998173571376;	0.999998319576470;	0.999998458395548;	0.999998606762909;	0.999998762851783;	0.999998917340185;	0.999999047718899;	0.999999199474103;	0.999999342788095;	0.999999472472394;	0.999999599411761;	0.999999695419451;	0.999999757189041;	0.999999802816359;	0.999999834391784;	0.999999849220365;	0.999999833631518;	0.999999796114191;	0.999999746018641;	0.999999678650627;	0.999999599932455;	0.999999435480728;	0.999999188872692;	0.999998619290698;	0.999997839376339;	0.999743394902342;	1.000000000000000
0.997110113077492;	0.974495748991496;	0.995885647709951;	0.996425267460900;	0.997411390384772;	0.997343620967072;	0.997128113269748;	0.999999104120225;	0.999999996471513;	0.999896260206860;	0.999877421727874;	0.999999381709473;	0.999999511371187;	0.999999987023573;	0.999999997747601;	0.999999999888522;	0.999999999971833;	0.999999999984436;	0.999999999991867;	0.999999999991019;	0.999999999994674;	0.999999999985346;	0.999999999911985;	0.999999999815981;	0.999999998556188;	0.999999995342662;	0.999999985892628;	0.999999952020653;	0.999999920023453;	0.999999885565027;	0.999999807153140;	0.999999707489502;	0.999999683037333;	0.999999518008193;	0.999999408083075;	0.999999437323468;	0.999999363568192;	0.999999379498944;	0.999999449479071;	0.999999422970294;	0.999999414721484;	0.999999404693234;	0.999999259330789;	0.999999085743519;	0.999998912744775;	0.999998802118584;	0.999998840097656;	0.999999017718176;	0.999999112473669;	0.999999208505425;	0.999999289872469;	0.999999367138490;	0.999999432844094;	0.999999489544366;	0.999999543796074;	0.999999594357270;	0.999999646059161;	0.999999697819280;	0.999999746669093;	0.999999787300159;	0.999999829583186;	0.999999866102564;	0.999999895717103;	0.999999921113895;	0.999999935178720;	0.999999939449642;	0.999999934657511;	0.999999921280597;	0.999999902359796;	0.999999866618678;	0.999999816613405;	0.999999760010851;	0.999999690035132;	0.999999610554536;	0.999999447774372;	0.999999204694859;	0.999998644660820;	0.999997878197530;	0.999748285738903;	1.000000000000000
0.998057588330238;	0.981265461140446;	0.997214183253194;	0.997599401608089;	0.998275372985047;	0.998230217781619;	0.998082683073506;	0.999999642567607;	0.999999999032025;	0.999943942402049;	0.999933459054235;	0.999999771486374;	0.999999822994637;	0.999999996371992;	0.999999999442769;	0.999999999977760;	0.999999999994890;	0.999999999997320;	0.999999999998668;	0.999999999998531;	0.999999999999172;	0.999999999997583;	0.999999999983747;	0.999999999964927;	0.999999999684007;	0.999999998897638;	0.999999996406363;	0.999999986832911;	0.999999977345003;	0.999999966898616;	0.999999942339803;	0.999999910370444;	0.999999903554228;	0.999999850359029;	0.999999814579063;	0.999999825765844;	0.999999802582950;	0.999999809572935;	0.999999834239764;	0.999999827390804;	0.999999826654971;	0.999999825543250;	0.999999783524544;	0.999999731904535;	0.999999680574614;	0.999999649997868;	0.999999667000477;	0.999999726571201;	0.999999759427761;	0.999999791750190;	0.999999818881955;	0.999999843921832;	0.999999864965620;	0.999999882930405;	0.999999899568859;	0.999999914562060;	0.999999929021074;	0.999999942513829;	0.999999954288256;	0.999999963349206;	0.999999971175359;	0.999999976239621;	0.999999978319556;	0.999999978319514;	0.999999973437477;	0.999999965144035;	0.999999951067895;	0.999999931233855;	0.999999908755583;	0.999999871830974;	0.999999821686840;	0.999999765423775;	0.999999696260187;	0.999999617891118;	0.999999457790042;	0.999999218838428;	0.999998668515324;	0.999997915404780;	0.999752991820026;	1.000000000000000
0.998737261275192;	0.986656005092591;	0.998175152118148;	0.998440965669459;	0.998888774146740;	0.998859739049181;	0.998762137788541;	0.999999868177464;	0.999999999762281;	0.999971241777401;	0.999965708926605;	0.999999922549140;	0.999999941334586;	0.999999999092866;	0.999999999877972;	0.999999999996133;	0.999999999999198;	0.999999999999602;	0.999999999999812;	0.999999999999793;	0.999999999999891;	0.999999999999658;	0.999999999997419;	0.999999999994244;	0.999999999939976;	0.999999999772513;	0.999999999198221;	0.999999996818570;	0.999999994341476;	0.999999991553997;	0.999999984767810;	0.999999975718276;	0.999999974117120;	0.999999959012469;	0.999999948806170;	0.999999952607362;	0.999999946316428;	0.999999948952275;	0.999999956611982;	0.999999955274271;	0.999999955714412;	0.999999956099940;	0.999999945877848;	0.999999932967710;	0.999999920279295;	0.999999913562613;	0.999999919770858;	0.999999936737915;	0.999999946323109;	0.999999955389307;	0.999999962840737;	0.999999969450447;	0.999999974860114;	0.999999979343363;	0.999999983279303;	0.999999986604865;	0.999999989507365;	0.999999991853870;	0.999999993486441;	0.999999994180403;	0.999999993892940;	0.999999992174125;	0.999999988908719;	0.999999984735998;	0.999999977346893;	0.999999967812601;	0.999999953215656;	0.999999933275053;	0.999999910896869;	0.999999874454951;	0.999999825072268;	0.999999769707176;	0.999999701695281;	0.999999624649387;	0.999999467299742;	0.999999232456786;	0.999998691627655;	0.999997951525301;	0.999757535565074;	1.000000000000000
0.999209899389911;	0.990817359496197;	0.998849181550560;	0.999025631884837;	0.999310949433192;	0.999293037387054;	0.999230970296123;	0.999999955616962;	0.999999999948615;	0.999986105597130;	0.999983359421202;	0.999999976261877;	0.999999982466144;	0.999999999800703;	0.999999999976785;	0.999999999999427;	0.999999999999895;	0.999999999999950;	0.999999999999979;	0.999999999999976;	0.999999999999988;	0.999999999999960;	0.999999999999654;	0.999999999999207;	0.999999999990330;	0.999999999960011;	0.999999999846948;	0.999999999338830;	0.999999998782905;	0.999999998144156;	0.999999996529987;	0.999999994325484;	0.999999994028454;	0.999999990350106;	0.999999987872150;	0.999999988989976;	0.999999987570238;	0.999999988407209;	0.999999990441882;	0.999999990297026;	0.999999990585053;	0.999999990867909;	0.999999988879387;	0.999999986299619;	0.999999983835055;	0.999999982793723;	0.999999984587659;	0.999999988494433;	0.999999990722943;	0.999999992719905;	0.999999994298455;	0.999999995618747;	0.999999996643876;	0.999999997437452;	0.999999998060528;	0.999999998495201;	0.999999998747125;	0.999999998748121;	0.999999998428179;	0.999999997632604;	0.999999996131373;	0.999999993593870;	0.999999989863166;	0.999999985453499;	0.999999978044173;	0.999999968593206;	0.999999954194942;	0.999999934556801;	0.999999912532990;	0.999999876707792;	0.999999828171859;	0.999999773755918;	0.999999706911592;	0.999999631181967;	0.999999476524065;	0.999999245686482;	0.999998714095399;	0.999997986645717;	0.999761928925100;	1.000000000000000
0.999527055118171;	0.993917544500560;	0.999305532957514;	0.999417537647417;	0.999591324940277;	0.999580803326303;	0.999543113179731;	0.999999986572273;	0.999999999990424;	0.999993741736074;	0.999992473483518;	0.999999993536840;	0.999999995360339;	0.999999999962359;	0.999999999996249;	0.999999999999927;	0.999999999999987;	0.999999999999996;	0.999999999999999;	0.999999999999999;	0.999999999999999;	0.999999999999994;	0.999999999999964;	0.999999999999909;	0.999999999998714;	0.999999999994182;	0.999999999975726;	0.999999999885272;	0.999999999781291;	0.999999999659581;	0.999999999339574;	0.999999998892611;	0.999999998854955;	0.999999998113902;	0.999999997622055;	0.999999997896610;	0.999999997644664;	0.999999997860947;	0.999999998304757;	0.999999998318341;	0.999999998415259;	0.999999998510647;	0.999999998225044;	0.999999997844331;	0.999999997502264;	0.999999997423274;	0.999999997809499;	0.999999998484108;	0.999999998863750;	0.999999999178330;	0.999999999410252;	0.999999999586308;	0.999999999707541;	0.999999999781015;	0.999999999806308;	0.999999999761663;	0.999999999621519;	0.999999999321941;	0.999999998796135;	0.999999997884609;	0.999999996333339;	0.999999993801955;	0.999999990113478;	0.999999985760349;	0.999999978467432;	0.999999969172645;	0.999999955020113;	0.999999935718739;	0.999999914071934;	0.999999878865165;	0.999999831165025;	0.999999777680035;	0.999999711975589;	0.999999637529030;	0.999999485491594;	0.999999258553289;	0.999998735953028;	0.999998020815964;	0.999766181464425;	1.000000000000000
0.999731250026990;	0.996133786907607;	0.999602073184732;	0.999669541573259;	0.999769964586765;	0.999764136551647;	0.999742465125669;	0.999999996423406;	0.999999999998501;	0.999997406437093;	0.999996868987610;	0.999999998472241;	0.999999998938516;	0.999999999994050;	0.999999999999498;	0.999999999999994;	1.000000000000000;	1.000000000000001;	1.000000000000000;	1.000000000000000;	1.000000000000000;	1.000000000000000;	0.999999999999997;	0.999999999999993;	0.999999999999863;	0.999999999999324;	0.999999999996916;	0.999999999983987;	0.999999999968416;	0.999999999949922;	0.999999999899260;	0.999999999827133;	0.999999999825542;	0.999999999707937;	0.999999999632483;	0.999999999686121;	0.999999999653986;	0.999999999697169;	0.999999999772204;	0.999999999781706;	0.999999999802811;	0.999999999823004;	0.999999999796493;	0.999999999759918;	0.999999999731344;	0.999999999736692;	0.999999999792617;	0.999999999870606;	0.999999999912246;	0.999999999942839;	0.999999999962431;	0.999999999973718;	0.999999999975599;	0.999999999962850;	0.999999999925240;	0.999999999838132;	0.999999999672044;	0.999999999361857;	0.999999998837752;	0.999999997938646;	0.999999996411662;	0.999999993922129;	0.999999990296082;	0.999999986016766;	0.999999978849602;	0.999999969715735;	0.999999955808486;	0.999999936839325;	0.999999915562445;	0.999999880958528;	0.999999834071973;	0.999999781493159;	0.999999716898214;	0.999999643701061;	0.999999494215177;	0.999999271074410;	0.999998757228763;	0.999998054079552;	0.999770301486452;	1.000000000000000
0.999856469074989;	0.997643158090508;	0.999785663731824;	0.999823848645717;	0.999878354349913;	0.999875350522668;	0.999863682125327;	0.999999999183536;	0.999999999999808;	0.999999028164223;	0.999998823031313;	0.999999999695757;	0.999999999796428;	0.999999999999240;	0.999999999999948;	0.999999999999998;	1.000000000000000;	1.000000000000001;	0.999999999999999;	0.999999999999999;	1.000000000000001;	0.999999999999999;	0.999999999999999;	1.000000000000000;	0.999999999999988;	0.999999999999939;	0.999999999999700;	0.999999999998287;	0.999999999996505;	0.999999999994386;	0.999999999988326;	0.999999999979594;	0.999999999980077;	0.999999999966310;	0.999999999958046;	0.999999999965831;	0.999999999963328;	0.999999999969510;	0.999999999978584;	0.999999999980491;	0.999999999983407;	0.999999999986046;	0.999999999984829;	0.999999999982987;	0.999999999982046;	0.999999999983718;	0.999999999988432;	0.999999999993622;	0.999999999995974;	0.999999999997147;	0.999999999997009;	0.999999999994882;	0.999999999988362;	0.999999999970748;	0.999999999930988;	0.999999999844250;	0.999999999680654;	0.999999999375614;	0.999999998860392;	0.999999997976807;	0.999999996476313;	0.999999994030044;	0.999999990467002;	0.999999986261613;	0.999999979217982;	0.999999970241389;	0.999999956572970;	0.999999937927100;	0.999999917010265;	0.999999882992715;	0.999999836897659;	0.999999785200916;	0.999999721686242;	0.999999649706183;	0.999999502705867;	0.999999283265129;	0.999998777947815;	0.999998086475410;	0.999774296283293;	1.000000000000000
0.999928911973608;	0.998613520094865;	0.999892923133310;	0.999912960188234;	0.999940380741629;	0.999938967036652;	0.999933172134856;	0.999999999845917;	0.999999999999981;	0.999999678513831;	0.999999609797078;	0.999999999950938;	0.999999999968577;	0.999999999999922;	0.999999999999994;	1.000000000000000;	1.000000000000000;	1.000000000000000;	0.999999999999999;	1.000000000000000;	1.000000000000001;	0.999999999999998;	1.000000000000001;	0.999999999999999;	0.999999999999998;	0.999999999999996;	0.999999999999979;	0.999999999999864;	0.999999999999724;	0.999999999999550;	0.999999999999039;	0.999999999998296;	0.999999999998415;	0.999999999997320;	0.999999999996737;	0.999999999997503;	0.999999999997435;	0.999999999998007;	0.999999999998718;	0.999999999998910;	0.999999999999142;	0.999999999999337;	0.999999999999336;	0.999999999999311;	0.999999999999333;	0.999999999999450;	0.999999999999630;	0.999999999999753;	0.999999999999609;	0.999999999999184;	0.999999999998146;	0.999999999995558;	0.999999999988933;	0.999999999971583;	0.999999999932519;	0.999999999847305;	0.999999999686566;	0.999999999386848;	0.999999998880618;	0.999999998012435;	0.999999996538002;	0.999999994134023;	0.999999990632363;	0.999999986498909;	0.999999979575463;	0.999999970751733;	0.999999957315438;	0.999999938984018;	0.999999918417569;	0.999999884970560;	0.999999839645869;	0.999999788808089;	0.999999726345665;	0.999999655551667;	0.999999510973553;	0.999999295139150;	0.999998798132864;	0.999998118038593;	0.999778172321197;	1.000000000000000
0.999967945567278;	0.999195335567404;	0.999951298128977;	0.999960868797919;	0.999973421545415;	0.999972831125197;	0.999970232288544;	0.999999999977094;	0.999999999999998;	0.999999909261016;	0.999999889798021;	0.999999999993916;	0.999999999996296;	0.999999999999996;	0.999999999999999;	1.000000000000000;	1.000000000000001;	1.000000000000000;	1.000000000000000;	0.999999999999999;	1.000000000000000;	0.999999999999999;	1.000000000000001;	1.000000000000000;	1.000000000000000;	0.999999999999998;	0.999999999999999;	0.999999999999996;	0.999999999999982;	0.999999999999977;	0.999999999999948;	0.999999999999909;	0.999999999999917;	0.999999999999864;	0.999999999999844;	0.999999999999887;	0.999999999999891;	0.999999999999926;	0.999999999999955;	0.999999999999965;	0.999999999999976;	0.999999999999985;	0.999999999999984;	0.999999999999988;	0.999999999999987;	0.999999999999982;	0.999999999999960;	0.999999999999907;	0.999999999999696;	0.999999999999240;	0.999999999998207;	0.999999999995666;	0.999999999989158;	0.999999999972116;	0.999999999933738;	0.999999999850015;	0.999999999692079;	0.999999999397571;	0.999999998900102;	0.999999998046895;	0.999999996597775;	0.999999994234872;	0.999999990792835;	0.999999986729302;	0.999999979922682;	0.999999971247542;	0.999999958036965;	0.999999940011521;	0.999999919786209;	0.999999886894588;	0.999999842319984;	0.999999792318977;	0.999999730881863;	0.999999661244062;	0.999999519027156;	0.999999306708870;	0.999998817804448;	0.999998148800888;	0.999781935377097;	1.000000000000000
0.999987187239835;	0.999515736641194;	0.999980367563243;	0.999984419515708;	0.999989512173999;	0.999989303376264;	0.999988283661638;	0.999999999997487;	1.000000000000000;	0.999999979237003;	0.999999974834728;	0.999999999999456;	0.999999999999688;	0.999999999999999;	1.000000000000001;	0.999999999999999;	1.000000000000001;	1.000000000000000;	1.000000000000000;	0.999999999999999;	0.999999999999999;	0.999999999999999;	1.000000000000001;	1.000000000000001;	0.999999999999998;	1.000000000000001;	0.999999999999999;	0.999999999999999;	1.000000000000001;	0.999999999999999;	0.999999999999997;	0.999999999999995;	0.999999999999998;	0.999999999999996;	0.999999999999995;	1.000000000000000;	0.999999999999996;	0.999999999999994;	1.000000000000000;	1.000000000000000;	0.999999999999998;	1.000000000000001;	0.999999999999998;	0.999999999999999;	0.999999999999998;	0.999999999999990;	0.999999999999962;	0.999999999999908;	0.999999999999701;	0.999999999999258;	0.999999999998242;	0.999999999995742;	0.999999999989351;	0.999999999972605;	0.999999999934899;	0.999999999852626;	0.999999999697411;	0.999999999407956;	0.999999998918991;	0.999999998080325;	0.999999996655787;	0.999999994332780;	0.999999990948651;	0.999999986953127;	0.999999980260114;	0.999999971729484;	0.999999958738506;	0.999999941010906;	0.999999921117840;	0.999999888767053;	0.999999844923052;	0.999999795737458;	0.999999735299699;	0.999999666789284;	0.999999526874768;	0.999999317985530;	0.999998836981252;	0.999998178791226;	0.999785590642030;	1.000000000000000
0.999995641139629;	0.999674434814722;	0.999993267531321;	0.999994727673646;	0.999996485757765;	0.999996428662908;	0.999996095640287;	0.999999999999810;	1.000000000000000;	0.999999996448158;	0.999999995724034;	0.999999999999968;	0.999999999999982;	0.999999999999999;	1.000000000000001;	1.000000000000000;	1.000000000000001;	0.999999999999999;	1.000000000000000;	1.000000000000000;	0.999999999999999;	0.999999999999999;	1.000000000000001;	0.999999999999999;	1.000000000000000;	1.000000000000001;	1.000000000000000;	1.000000000000000;	0.999999999999999;	0.999999999999999;	1.000000000000000;	1.000000000000001;	1.000000000000000;	1.000000000000000;	1.000000000000000;	1.000000000000000;	1.000000000000001;	1.000000000000001;	0.999999999999999;	1.000000000000000;	1.000000000000000;	1.000000000000000;	0.999999999999998;	0.999999999999999;	0.999999999999998;	0.999999999999990;	0.999999999999964;	0.999999999999910;	0.999999999999708;	0.999999999999269;	0.999999999998272;	0.999999999995818;	0.999999999989539;	0.999999999973083;	0.999999999936022;	0.999999999855154;	0.999999999702583;	0.999999999418030;	0.999999998937322;	0.999999998112776;	0.999999996712108;	0.999999994427869;	0.999999991100058;	0.999999987170683;	0.999999980588182;	0.999999972198170;	0.999999959420918;	0.999999941983336;	0.999999922413955;	0.999999890589992;	0.999999847457829;	0.999999799067042;	0.999999739603589;	0.999999672192710;	0.999999534523737;	0.999999328979381;	0.999998855680304;	0.999998208036025;	0.999789142800335;	1.000000000000000
0.999998821462272;	0.999743823685861;	0.999998167672237;	0.999998585808913;	0.999999068229604;	0.999999058732588;	0.999998975883850;	0.999999999999992;	1.000000000000001;	0.999999999602353;	0.999999999528454;	0.999999999999999;	0.999999999999999;	0.999999999999999;	1.000000000000001;	1.000000000000001;	1.000000000000001;	1.000000000000000;	1.000000000000000;	1.000000000000000;	1.000000000000001;	0.999999999999999;	1.000000000000001;	0.999999999999999;	1.000000000000001;	1.000000000000001;	0.999999999999999;	0.999999999999998;	0.999999999999999;	0.999999999999999;	1.000000000000000;	1.000000000000000;	1.000000000000001;	1.000000000000001;	1.000000000000000;	1.000000000000001;	0.999999999999999;	1.000000000000001;	1.000000000000000;	0.999999999999998;	0.999999999999998;	1.000000000000000;	0.999999999999998;	1.000000000000000;	0.999999999999999;	0.999999999999990;	0.999999999999966;	0.999999999999913;	0.999999999999711;	0.999999999999284;	0.999999999998301;	0.999999999995892;	0.999999999989717;	0.999999999973542;	0.999999999937111;	0.999999999857608;	0.999999999707599;	0.999999999427807;	0.999999998955119;	0.999999998144287;	0.999999996766829;	0.999999994520279;	0.999999991247243;	0.999999987382225;	0.999999980907283;	0.999999972654146;	0.999999960084956;	0.999999942929865;	0.999999923675904;	0.999999892365253;	0.999999849926816;	0.999999802310920;	0.999999743797535;	0.999999677459237;	0.999999541980772;	0.999999339699767;	0.999998873917179;	0.999998236559428;	0.999792596090530;	1.000000000000000
0.999999776843324;	0.999770253893437;	0.999999651726845;	0.999999735769713;	0.999999828651581;	0.999999828856003;	0.999999815875057;	0.999999999999999;	1.000000000000000;	0.999999999975799;	0.999999999972071;	1.000000000000001;	0.999999999999997;	0.999999999999998;	1.000000000000000;	0.999999999999999;	1.000000000000001;	0.999999999999999;	1.000000000000001;	1.000000000000000;	1.000000000000001;	1.000000000000000;	1.000000000000000;	1.000000000000001;	0.999999999999998;	0.999999999999999;	1.000000000000000;	1.000000000000001;	1.000000000000000;	0.999999999999999;	1.000000000000000;	0.999999999999998;	1.000000000000000;	1.000000000000000;	0.999999999999998;	1.000000000000000;	0.999999999999999;	0.999999999999999;	0.999999999999998;	0.999999999999999;	1.000000000000002;	1.000000000000000;	1.000000000000000;	0.999999999999999;	0.999999999999999;	0.999999999999991;	0.999999999999967;	0.999999999999916;	0.999999999999719;	0.999999999999294;	0.999999999998332;	0.999999999995962;	0.999999999989891;	0.999999999973990;	0.999999999938166;	0.999999999859987;	0.999999999712468;	0.999999999437304;	0.999999998972409;	0.999999998174908;	0.999999996820003;	0.999999994610125;	0.999999991390380;	0.999999987587995;	0.999999981217763;	0.999999973097894;	0.999999960731314;	0.999999943851437;	0.999999924904910;	0.999999894094513;	0.999999852332280;	0.999999805471985;	0.999999747885194;	0.999999682593316;	0.999999549251970;	0.999999350155205;	0.999998891706082;	0.999998264383497;	0.999795954351719;	1.000000000000000
0.999999978272834;	0.999780488917440;	0.999999966304429;	0.999999974930036;	0.999999984095543;	0.999999984477398;	0.999999983722887;	0.999999999999999;	1.000000000000001;	0.999999999999337;	0.999999999999259;	0.999999999999999;	1.000000000000000;	0.999999999999999;	0.999999999999999;	0.999999999999999;	1.000000000000001;	0.999999999999999;	1.000000000000000;	0.999999999999999;	1.000000000000000;	1.000000000000001;	0.999999999999999;	1.000000000000001;	0.999999999999999;	1.000000000000000;	1.000000000000000;	0.999999999999999;	1.000000000000001;	0.999999999999999;	0.999999999999999;	1.000000000000000;	1.000000000000000;	0.999999999999998;	1.000000000000001;	1.000000000000001;	0.999999999999999;	1.000000000000003;	0.999999999999999;	1.000000000000000;	1.000000000000000;	1.000000000000000;	1.000000000000000;	0.999999999999999;	0.999999999999999;	0.999999999999990;	0.999999999999966;	0.999999999999917;	0.999999999999724;	0.999999999999306;	0.999999999998360;	0.999999999996030;	0.999999999990061;	0.999999999974425;	0.999999999939192;	0.999999999862297;	0.999999999717198;	0.999999999446532;	0.999999998989208;	0.999999998204664;	0.999999996871704;	0.999999994697504;	0.999999991529614;	0.999999987788215;	0.999999981519949;	0.999999973529855;	0.999999961360616;	0.999999944748917;	0.999999926102080;	0.999999895779285;	0.999999854676271;	0.999999808552865;	0.999999751869871;	0.999999687598991;	0.999999556342884;	0.999999360353445;	0.999998909059949;	0.999998291528317;	0.999799221057975;	1.000000000000000
0.999999999281049;	0.999786201859075;	0.999999998919286;	0.999999999211427;	0.999999999521283;	0.999999999548078;	0.999999999543892;	0.999999999999999;	1.000000000000000;	0.999999999999993;	0.999999999999992;	0.999999999999999;	0.999999999999997;	0.999999999999999;	1.000000000000000;	0.999999999999999;	1.000000000000001;	1.000000000000001;	1.000000000000001;	1.000000000000000;	1.000000000000000;	0.999999999999999;	0.999999999999999;	0.999999999999999;	0.999999999999999;	1.000000000000000;	0.999999999999999;	1.000000000000001;	1.000000000000001;	1.000000000000001;	1.000000000000000;	0.999999999999999;	1.000000000000001;	1.000000000000000;	1.000000000000000;	1.000000000000000;	0.999999999999999;	1.000000000000001;	0.999999999999999;	1.000000000000000;	1.000000000000000;	0.999999999999998;	1.000000000000000;	1.000000000000001;	0.999999999999999;	0.999999999999993;	0.999999999999967;	0.999999999999917;	0.999999999999727;	0.999999999999319;	0.999999999998388;	0.999999999996095;	0.999999999990224;	0.999999999974842;	0.999999999940186;	0.999999999864542;	0.999999999721794;	0.999999999455496;	0.999999999005540;	0.999999998233594;	0.999999996921986;	0.999999994782507;	0.999999991665096;	0.999999987983076;	0.999999981814115;	0.999999973950424;	0.999999961973422;	0.999999945623071;	0.999999927268410;	0.999999897420932;	0.999999856960651;	0.999999811555933;	0.999999755754549;	0.999999692479913;	0.999999563258510;	0.999999370301479;	0.999998925990471;	0.999998318012063;	0.999802399341838;	1.000000000000000
0.999999999989083;	0.999790702186583;	0.999999999986377;	0.999999999990369;	0.999999999996540;	0.999999999996868;	0.999999999996979;	1.000000000000001;	1.000000000000000;	0.999999999999999;	0.999999999999999;	1.000000000000001;	1.000000000000000;	0.999999999999999;	1.000000000000001;	1.000000000000000;	0.999999999999998;	0.999999999999999;	1.000000000000000;	1.000000000000000;	1.000000000000000;	0.999999999999999;	1.000000000000000;	1.000000000000001;	1.000000000000001;	1.000000000000000;	0.999999999999998;	1.000000000000000;	1.000000000000001;	0.999999999999999;	0.999999999999999;	1.000000000000001;	0.999999999999999;	0.999999999999999;	0.999999999999999;	0.999999999999998;	0.999999999999999;	1.000000000000002;	0.999999999999999;	0.999999999999999;	1.000000000000000;	1.000000000000000;	1.000000000000000;	0.999999999999999;	0.999999999999997;	0.999999999999991;	0.999999999999967;	0.999999999999918;	0.999999999999732;	0.999999999999329;	0.999999999998414;	0.999999999996160;	0.999999999990384;	0.999999999975252;	0.999999999941154;	0.999999999866723;	0.999999999726258;	0.999999999464210;	0.999999999021415;	0.999999998261728;	0.999999996970896;	0.999999994865212;	0.999999991796940;	0.999999988172749;	0.999999982100514;	0.999999974359949;	0.999999962570230;	0.999999946474592;	0.999999928404781;	0.999999899020673;	0.999999859187067;	0.999999814483303;	0.999999759541897;	0.999999697239335;	0.999999570003323;	0.999999380005554;	0.999998942508102;	0.999998343850989;	0.999805492006889;	1.000000000000000
0.999999999995538;	0.999794787965281;	0.999999999995341;	0.999999999996743;	0.999999999999993;	0.999999999999991;	0.999999999999996;	0.999999999999999;	1.000000000000001;	0.999999999999999;	1.000000000000001;	1.000000000000001;	1.000000000000001;	1.000000000000001;	0.999999999999999;	1.000000000000001;	1.000000000000001;	1.000000000000000;	1.000000000000000;	1.000000000000000;	0.999999999999999;	0.999999999999999;	0.999999999999999;	1.000000000000000;	0.999999999999999;	1.000000000000000;	0.999999999999999;	1.000000000000000;	1.000000000000001;	0.999999999999998;	1.000000000000000;	1.000000000000001;	1.000000000000001;	1.000000000000001;	1.000000000000001;	1.000000000000000;	0.999999999999999;	0.999999999999999;	0.999999999999999;	1.000000000000000;	1.000000000000000;	0.999999999999999;	1.000000000000000;	0.999999999999999;	0.999999999999998;	0.999999999999993;	0.999999999999969;	0.999999999999921;	0.999999999999738;	0.999999999999341;	0.999999999998441;	0.999999999996220;	0.999999999990539;	0.999999999975648;	0.999999999942092;	0.999999999868843;	0.999999999730598;	0.999999999472679;	0.999999999036851;	0.999999998289093;	0.999999997018476;	0.999999994945690;	0.999999991925259;	0.999999988357391;	0.999999982379368;	0.999999974758743;	0.999999963151480;	0.999999947304080;	0.999999929511981;	0.999999900579575;	0.999999861356974;	0.999999817336834;	0.999999763234251;	0.999999701880118;	0.999999576581236;	0.999999389471138;	0.999998958621993;	0.999998369059330;	0.999808501527724;	1.000000000000000
0.999999999995695;	0.999798631698262;	0.999999999995506;	0.999999999996856;	0.999999999999995;	0.999999999999999;	0.999999999999996;	0.999999999999999;	1.000000000000000;	1.000000000000001;	1.000000000000001;	0.999999999999999;	1.000000000000000;	0.999999999999999;	1.000000000000000;	1.000000000000000;	1.000000000000000;	1.000000000000001;	1.000000000000001;	0.999999999999999;	1.000000000000000;	1.000000000000001;	1.000000000000000;	1.000000000000000;	1.000000000000000;	0.999999999999999;	1.000000000000001;	1.000000000000001;	1.000000000000000;	0.999999999999998;	1.000000000000000;	1.000000000000000;	0.999999999999999;	1.000000000000001;	1.000000000000000;	1.000000000000000;	0.999999999999997;	1.000000000000001;	0.999999999999999;	0.999999999999998;	1.000000000000000;	1.000000000000000;	1.000000000000000;	0.999999999999999;	0.999999999999998;	0.999999999999992;	0.999999999999969;	0.999999999999922;	0.999999999999741;	0.999999999999350;	0.999999999998464;	0.999999999996281;	0.999999999990688;	0.999999999976032;	0.999999999943004;	0.999999999870902;	0.999999999734816;	0.999999999480918;	0.999999999051863;	0.999999998315707;	0.999999997064767;	0.999999995024002;	0.999999992050150;	0.999999988537127;	0.999999982650869;	0.999999975147069;	0.999999963717543;	0.999999948112053;	0.999999930590666;	0.999999902098549;	0.999999863471603;	0.999999820118099;	0.999999766833598;	0.999999706404671;	0.999999582995540;	0.999999398702827;	0.999998974339847;	0.999998393649073;	0.999811430033286;	1.000000000000000
0.999999999995800;	0.999802273527502;	0.999999999995615;	0.999999999996933;	0.999999999999995;	0.999999999999996;	0.999999999999995;	0.999999999999999;	1.000000000000000;	0.999999999999999;	0.999999999999999;	0.999999999999999;	1.000000000000001;	1.000000000000001;	1.000000000000000;	1.000000000000001;	1.000000000000001;	1.000000000000001;	1.000000000000001;	1.000000000000000;	0.999999999999999;	0.999999999999999;	0.999999999999999;	1.000000000000001;	0.999999999999998;	1.000000000000000;	1.000000000000001;	0.999999999999999;	1.000000000000000;	0.999999999999999;	0.999999999999999;	1.000000000000001;	1.000000000000000;	0.999999999999999;	1.000000000000001;	0.999999999999998;	0.999999999999999;	1.000000000000000;	0.999999999999998;	0.999999999999998;	1.000000000000000;	0.999999999999999;	0.999999999999999;	0.999999999999999;	0.999999999999998;	0.999999999999991;	0.999999999999970;	0.999999999999925;	0.999999999999747;	0.999999999999362;	0.999999999998487;	0.999999999996339;	0.999999999990835;	0.999999999976405;	0.999999999943889;	0.999999999872901;	0.999999999738914;	0.999999999488924;	0.999999999066461;	0.999999998341593;	0.999999997109798;	0.999999995100199;	0.999999992171683;	0.999999988712063;	0.999999982915169;	0.999999975525139;	0.999999964268724;	0.999999948898924;	0.999999931641373;	0.999999903578315;	0.999999865531938;	0.999999822828344;	0.999999770341492;	0.999999710814887;	0.999999589248811;	0.999999407704194;	0.999998989667644;	0.999998417629525;	0.999814279265850;	1.000000000000000
0.999999999995894;	0.999805732992855;	0.999999999995717;	0.999999999997004;	0.999999999999995;	0.999999999999995;	0.999999999999996;	1.000000000000001;	1.000000000000000;	0.999999999999997;	0.999999999999999;	1.000000000000001;	1.000000000000000;	1.000000000000001;	1.000000000000001;	0.999999999999999;	1.000000000000001;	1.000000000000000;	0.999999999999999;	0.999999999999999;	1.000000000000000;	0.999999999999999;	1.000000000000001;	1.000000000000001;	1.000000000000001;	1.000000000000001;	0.999999999999999;	1.000000000000000;	1.000000000000000;	0.999999999999999;	1.000000000000000;	0.999999999999998;	1.000000000000000;	1.000000000000000;	0.999999999999999;	1.000000000000000;	1.000000000000000;	0.999999999999998;	1.000000000000000;	1.000000000000000;	1.000000000000000;	0.999999999999999;	0.999999999999997;	1.000000000000000;	0.999999999999997;	0.999999999999993;	0.999999999999970;	0.999999999999926;	0.999999999999750;	0.999999999999372;	0.999999999998512;	0.999999999996396;	0.999999999990975;	0.999999999976767;	0.999999999944748;	0.999999999874842;	0.999999999742898;	0.999999999496707;	0.999999999080653;	0.999999998366763;	0.999999997153588;	0.999999995174313;	0.999999992289916;	0.999999988882276;	0.999999983172374;	0.999999975893106;	0.999999964805234;	0.999999949664979;	0.999999932664458;	0.999999905019370;	0.999999867538636;	0.999999825468401;	0.999999773758960;	0.999999715111993;	0.999999595342684;	0.999999416477484;	0.999999004609132;	0.999998441006529;	0.999817050502029;	1.000000000000000
0.999999999995979;	0.999809024637703;	0.999999999995804;	0.999999999997065;	0.999999999999999;	0.999999999999996;	0.999999999999996;	1.000000000000001;	1.000000000000000;	1.000000000000001;	0.999999999999998;	0.999999999999999;	0.999999999999999;	0.999999999999999;	1.000000000000000;	1.000000000000000;	1.000000000000000;	1.000000000000000;	0.999999999999999;	0.999999999999999;	0.999999999999999;	0.999999999999999;	1.000000000000001;	1.000000000000000;	0.999999999999999;	1.000000000000000;	0.999999999999999;	0.999999999999999;	1.000000000000000;	0.999999999999999;	1.000000000000002;	1.000000000000000;	0.999999999999999;	1.000000000000000;	1.000000000000000;	0.999999999999998;	1.000000000000000;	1.000000000000000;	1.000000000000000;	1.000000000000001;	1.000000000000000;	1.000000000000000;	1.000000000000000;	1.000000000000000;	0.999999999999997;	0.999999999999993;	0.999999999999971;	0.999999999999927;	0.999999999999753;	0.999999999999383;	0.999999999998535;	0.999999999996451;	0.999999999991112;	0.999999999977121;	0.999999999945582;	0.999999999876729;	0.999999999746768;	0.999999999504268;	0.999999999094443;	0.999999998391225;	0.999999997196153;	0.999999995246368;	0.999999992404873;	0.999999989047801;	0.999999983422534;	0.999999976251031;	0.999999965327156;	0.999999950410328;	0.999999933660056;	0.999999906421871;	0.999999869491901;	0.999999828038507;	0.999999777086271;	0.999999719296275;	0.999999601277493;	0.999999425023086;	0.999999019164940;	0.999998463781093;	0.999819744412386;	1.000000000000000
0.999999999996058;	0.999812159314247;	0.999999999995884;	0.999999999997119;	0.999999999999995;	0.999999999999995;	0.999999999999996;	1.000000000000001;	1.000000000000000;	0.999999999999999;	1.000000000000001;	0.999999999999999;	0.999999999999999;	0.999999999999999;	0.999999999999999;	1.000000000000001;	0.999999999999999;	1.000000000000000;	1.000000000000000;	1.000000000000000;	1.000000000000001;	0.999999999999999;	1.000000000000000;	1.000000000000001;	1.000000000000000;	1.000000000000002;	1.000000000000001;	1.000000000000000;	1.000000000000001;	1.000000000000001;	1.000000000000002;	0.999999999999998;	1.000000000000001;	1.000000000000000;	1.000000000000001;	1.000000000000000;	1.000000000000002;	1.000000000000000;	0.999999999999999;	1.000000000000001;	0.999999999999998;	1.000000000000000;	1.000000000000001;	1.000000000000000;	0.999999999999999;	0.999999999999992;	0.999999999999970;	0.999999999999927;	0.999999999999758;	0.999999999999392;	0.999999999998556;	0.999999999996503;	0.999999999991246;	0.999999999977463;	0.999999999946394;	0.999999999878561;	0.999999999750521;	0.999999999511606;	0.999999999107828;	0.999999998414973;	0.999999997237485;	0.999999995316345;	0.999999992516536;	0.999999989208606;	0.999999983665604;	0.999999976598844;	0.999999965834382;	0.999999951134802;	0.999999934627927;	0.999999907785483;	0.999999871391252;	0.999999830538013;	0.999999780322559;	0.999999723366613;	0.999999607051595;	0.999999433338594;	0.999999033331006;	0.999998485947000;	0.999822360819956;	1.000000000000000
0.999999999996129;	0.999815143156068;	0.999999999995960;	0.999999999997172;	0.999999999999999;	0.999999999999999;	0.999999999999996;	0.999999999999999;	0.999999999999999;	0.999999999999999;	0.999999999999999;	0.999999999999999;	1.000000000000000;	0.999999999999999;	1.000000000000000;	1.000000000000000;	1.000000000000001;	1.000000000000000;	1.000000000000000;	0.999999999999999;	1.000000000000000;	0.999999999999999;	0.999999999999999;	1.000000000000000;	1.000000000000000;	0.999999999999999;	1.000000000000000;	0.999999999999999;	1.000000000000000;	0.999999999999998;	1.000000000000002;	0.999999999999998;	1.000000000000001;	1.000000000000001;	1.000000000000000;	1.000000000000000;	1.000000000000002;	0.999999999999998;	0.999999999999998;	0.999999999999999;	0.999999999999998;	1.000000000000000;	0.999999999999997;	1.000000000000000;	0.999999999999998;	0.999999999999992;	0.999999999999971;	0.999999999999930;	0.999999999999762;	0.999999999999401;	0.999999999998577;	0.999999999996553;	0.999999999991372;	0.999999999977794;	0.999999999947177;	0.999999999880334;	0.999999999754158;	0.999999999518715;	0.999999999120801;	0.999999998437987;	0.999999997277552;	0.999999995384188;	0.999999992624811;	0.999999989364553;	0.999999983901369;	0.999999976936245;	0.999999966326481;	0.999999951837782;	0.999999935567246;	0.999999909109040;	0.999999873235083;	0.999999832964808;	0.999999783465113;	0.999999727319617;	0.999999612660196;	0.999999441417154;	0.999999047095830;	0.999998507486648;	0.999824898287087;	1.000000000000000
0.999999999996190;	0.999817973689293;	0.999999999996025;	0.999999999997219;	1.000000000000000;	0.999999999999995;	0.999999999999995;	0.999999999999999;	1.000000000000001;	0.999999999999997;	0.999999999999999;	1.000000000000001;	1.000000000000001;	1.000000000000001;	0.999999999999999;	1.000000000000001;	1.000000000000000;	1.000000000000000;	1.000000000000001;	0.999999999999999;	1.000000000000001;	0.999999999999999;	1.000000000000000;	1.000000000000000;	1.000000000000001;	0.999999999999999;	1.000000000000001;	0.999999999999999;	1.000000000000000;	1.000000000000001;	1.000000000000000;	1.000000000000000;	1.000000000000001;	0.999999999999999;	1.000000000000000;	1.000000000000000;	0.999999999999999;	0.999999999999996;	0.999999999999999;	0.999999999999998;	1.000000000000000;	1.000000000000001;	0.999999999999997;	1.000000000000000;	0.999999999999998;	0.999999999999991;	0.999999999999972;	0.999999999999931;	0.999999999999765;	0.999999999999409;	0.999999999998597;	0.999999999996603;	0.999999999991497;	0.999999999978111;	0.999999999947933;	0.999999999882044;	0.999999999757668;	0.999999999525583;	0.999999999133328;	0.999999998460221;	0.999999997316262;	0.999999995449755;	0.999999992729464;	0.999999989515316;	0.999999984129339;	0.999999977262543;	0.999999966802448;	0.999999952517862;	0.999999936476150;	0.999999910389963;	0.999999875019853;	0.999999835314310;	0.999999786508092;	0.999999731148057;	0.999999618093192;	0.999999449244447;	0.999999060435471;	0.999998528363495;	0.999827353369660;	1.000000000000000
0.999999999996252;	0.999820630025168;	0.999999999996084;	0.999999999997266;	1.000000000000000;	0.999999999999993;	0.999999999999996;	0.999999999999999;	1.000000000000000;	0.999999999999999;	0.999999999999999;	0.999999999999999;	0.999999999999999;	0.999999999999999;	0.999999999999999;	1.000000000000000;	1.000000000000001;	1.000000000000000;	0.999999999999999;	1.000000000000000;	1.000000000000001;	0.999999999999999;	1.000000000000001;	0.999999999999999;	1.000000000000000;	0.999999999999999;	1.000000000000001;	0.999999999999999;	0.999999999999998;	0.999999999999999;	0.999999999999999;	0.999999999999997;	1.000000000000001;	1.000000000000000;	0.999999999999998;	0.999999999999998;	1.000000000000002;	0.999999999999999;	1.000000000000000;	1.000000000000001;	0.999999999999998;	1.000000000000002;	0.999999999999997;	1.000000000000001;	0.999999999999997;	0.999999999999990;	0.999999999999971;	0.999999999999932;	0.999999999999769;	0.999999999999422;	0.999999999998619;	0.999999999996651;	0.999999999991613;	0.999999999978416;	0.999999999948658;	0.999999999883682;	0.999999999761037;	0.999999999532168;	0.999999999145352;	0.999999998481559;	0.999999997353430;	0.999999995512725;	0.999999992830006;	0.999999989660199;	0.999999984348485;	0.999999977576290;	0.999999967260225;	0.999999953172144;	0.999999937350844;	0.999999911623010;	0.999999876738408;	0.999999837577294;	0.999999789439799;	0.999999734837521;	0.999999623330532;	0.999999456792150;	0.999999073302641;	0.999998548505430;	0.999829718869909;	1.000000000000000
1.000000000000000;	1.000000000000000;	1.000000000000000;	1.000000000000000;	1.000000000000000;	1.000000000000000;	1.000000000000000;	1.000000000000000;	1.000000000000000;	1.000000000000000;	1.000000000000000;	1.000000000000000;	1.000000000000000;	1.000000000000000;	1.000000000000000;	1.000000000000000;	1.000000000000000;	1.000000000000000;	1.000000000000000;	1.000000000000000;	1.000000000000000;	1.000000000000000;	1.000000000000000;	1.000000000000000;	1.000000000000000;	1.000000000000000;	1.000000000000000;	1.000000000000000;	1.000000000000000;	1.000000000000000;	1.000000000000000;	1.000000000000000;	1.000000000000000;	1.000000000000000;	1.000000000000000;	1.000000000000000;	1.000000000000000;	1.000000000000000;	1.000000000000000;	1.000000000000000;	1.000000000000000;	1.000000000000000;	1.000000000000000;	1.000000000000000;	1.000000000000000;	1.000000000000000;	1.000000000000000;	1.000000000000000;	1.000000000000000;	1.000000000000000;	1.000000000000000;	1.000000000000000;	1.000000000000000;	1.000000000000000;	1.000000000000000;	1.000000000000000;	1.000000000000000;	1.000000000000000;	1.000000000000000;	1.000000000000000;	1.000000000000000;	1.000000000000000;	1.000000000000000;	1.000000000000000;	1.000000000000000;	1.000000000000000;	1.000000000000000;	1.000000000000000;	1.000000000000000;	1.000000000000000;	1.000000000000000;	1.000000000000000;	1.000000000000000;	1.000000000000000;	1.000000000000000;	1.000000000000000;	1.000000000000000;	1.000000000000000;	1.000000000000000;	1.000000000000000
